time_ms;accelaration_aX_g;accelaration_aY_g;accelaration_aZ_g;gyroscope_aX_mdps;gyroscope_aY_mdps;gyroscope_aZ_mdps;magnetometer_aX_mT;magnetometer_aY_mT;magnetometer_aZ_mT;euler_Yaw;euler_Roll;euler_Pitch;quaternion_aW;quaternion_aX;quaternion_aY;quaternion_aZ;linearise_acceleration_aX_g;linearise_acceleration_aY_g;linearise_acceleration_aZ_g;gravity_aX_g;gravity_aY_g;gravity_aZ_g
683411.0;-0.9360000491142273;0.16200000047683716;-0.058000002056360245;49.6875;1.25;15.0625;-17.0;-1.0;-2.0;296.4375;-79.5625;-109.125;-0.5831298828125;0.27191162109375;-0.675048828125;-0.361083984375;0.027000000700354576;-0.003000000026077032;0.004000000189989805;-0.9640000462532043;0.16700001060962677;-0.058000002056360245
683421.0;-0.9360000491142273;0.16300000250339508;-0.05300000309944153;49.6875;1.25;15.0625;-18.0;1.0;-2.0;296.4375;-79.5625;-109.125;-0.58306884765625;0.27197265625;-0.67498779296875;-0.36114501953125;0.024000000208616257;-0.0010000000474974513;0.004000000189989805;-0.9640000462532043;0.16700001060962677;-0.058000002056360245
683431.0;-0.940000057220459;0.16500000655651093;-0.05300000309944153;49.6875;1.25;15.0625;-15.0;6.0;1.0;296.4375;-79.5625;-109.125;-0.58306884765625;0.27203369140625;-0.67498779296875;-0.3612060546875;0.023000001907348633;0.0;0.0010000000474974513;-0.9640000462532043;0.16700001060962677;-0.058000002056360245
683441.0;-0.9410000443458557;0.16700001060962677;-0.0560000017285347;49.6875;1.25;15.0625;-15.0;4.0;8.0;296.375;-79.5625;-109.125;-0.5830078125;0.2720947265625;-0.6749267578125;-0.36126708984375;0.026000000536441803;0.0;-0.01100000087171793;-0.9640000462532043;0.16700001060962677;-0.05700000375509262
683451.0;-0.9380000233650208;0.16700001060962677;-0.0690000057220459;49.6875;1.25;15.0625;-28.0;4.0;11.0;296.375;-79.5625;-109.0625;-0.58294677734375;0.2720947265625;-0.6749267578125;-0.36138916015625;0.026000000536441803;-0.0010000000474974513;-0.0020000000949949026;-0.9640000462532043;0.16700001060962677;-0.05700000375509262
683461.0;-0.937000036239624;0.16500000655651093;-0.06000000238418579;49.6875;1.25;15.0625;-38.0;6.0;6.0;296.375;-79.5625;-109.0625;-0.5828857421875;0.272216796875;-0.6748046875;-0.36151123046875;0.026000000536441803;-0.0010000000474974513;-0.0020000000949949026;-0.9640000462532043;0.16700001060962677;-0.05700000375509262
683471.0;-0.937000036239624;0.16600000858306885;-0.06000000238418579;49.6875;1.25;15.0625;-38.0;6.0;6.0;296.3125;-79.5625;-109.0625;-0.58282470703125;0.27239990234375;-0.6748046875;-0.36163330078125;0.027000000700354576;-0.004000000189989805;-0.003000000026077032;-0.9640000462532043;0.16700001060962677;-0.05700000375509262
683481.0;-0.937000036239624;0.16300000250339508;-0.06100000441074371;48.5625;1.25;16.25;-37.0;12.0;-1.0;296.3125;-79.5625;-109.0625;-0.582763671875;0.2724609375;-0.67474365234375;-0.36175537109375;0.027000000700354576;0.0;-0.0020000000949949026;-0.9640000462532043;0.16700001060962677;-0.05700000375509262
683491.0;-0.937000036239624;0.16700001060962677;-0.06000000238418579;48.5625;1.25;16.25;-23.0;5.0;6.0;296.3125;-79.5625;-109.0625;-0.582763671875;0.27252197265625;-0.6746826171875;-0.36181640625;0.029000001028180122;-0.0010000000474974513;-0.0020000000949949026;-0.9640000462532043;0.16700001060962677;-0.05700000375509262
683501.0;-0.9350000619888306;0.16600000858306885;-0.06000000238418579;48.5625;1.25;16.25;-21.0;4.0;11.0;296.25;-79.5625;-109.0;-0.58270263671875;0.2725830078125;-0.6746826171875;-0.3619384765625;0.029000001028180122;-0.0020000000949949026;0.004000000189989805;-0.9640000462532043;0.16700001060962677;-0.05700000375509262
683511.0;-0.9340000152587891;0.164000004529953;-0.05300000309944153;48.5625;1.25;16.25;-19.0;4.0;8.0;296.25;-79.5625;-109.0;-0.5826416015625;0.27264404296875;-0.67462158203125;-0.36199951171875;0.030000001192092896;-0.0020000000949949026;0.00800000037997961;-0.9640000462532043;0.16700001060962677;-0.05700000375509262
683521.0;-0.9330000281333923;0.164000004529953;-0.049000002443790436;48.5625;1.25;16.25;-19.0;4.0;8.0;296.25;-79.5625;-109.0;-0.5826416015625;0.27264404296875;-0.67462158203125;-0.362060546875;0.027000000700354576;-0.0020000000949949026;0.0010000000474974513;-0.9640000462532043;0.16700001060962677;-0.05700000375509262
683531.0;-0.937000036239624;0.164000004529953;-0.0560000017285347;49.6875;0.875;15.875;-13.0;3.0;3.0;296.25;-79.5625;-109.0;-0.5826416015625;0.272705078125;-0.674560546875;-0.36212158203125;0.02200000174343586;-0.0020000000949949026;-0.0010000000474974513;-0.9640000462532043;0.16700001060962677;-0.05700000375509262
683541.0;-0.9410000443458557;0.16500000655651093;-0.058000002056360245;49.6875;0.875;15.875;-10.0;3.0;3.0;296.25;-79.5625;-109.0;-0.5826416015625;0.272705078125;-0.674560546875;-0.36212158203125;0.021000001579523087;-0.003000000026077032;-0.01100000087171793;-0.9640000462532043;0.16700001060962677;-0.05700000375509262
683551.0;-0.9420000314712524;0.164000004529953;-0.0690000057220459;49.6875;0.875;15.875;-13.0;3.0;1.0;296.25;-79.5625;-108.9375;-0.58258056640625;0.27276611328125;-0.674560546875;-0.3621826171875;0.023000001907348633;-0.003000000026077032;0.0020000000949949026;-0.9640000462532043;0.16700001060962677;-0.05700000375509262
683561.0;-0.9410000443458557;0.164000004529953;-0.055000003427267075;49.6875;0.875;15.875;-11.0;0.0;1.0;296.25;-79.5625;-108.9375;-0.58258056640625;0.27276611328125;-0.674560546875;-0.3621826171875;0.026000000536441803;-0.003000000026077032;0.003000000026077032;-0.9640000462532043;0.16700001060962677;-0.05700000375509262
683571.0;-0.937000036239624;0.16300000250339508;-0.05400000140070915;49.6875;0.875;15.875;-9.0;-4.0;1.0;296.25;-79.5625;-108.9375;-0.58258056640625;0.27276611328125;-0.674560546875;-0.3621826171875;0.026000000536441803;-0.003000000026077032;0.003000000026077032;-0.9640000462532043;0.16700001060962677;-0.05700000375509262
683581.0;-0.9390000700950623;0.16200000047683716;-0.05100000277161598;49.6875;0.1875;16.25;-4.0;-3.0;0.0;296.25;-79.5625;-108.9375;-0.58258056640625;0.27276611328125;-0.674560546875;-0.3621826171875;0.026000000536441803;-0.004000000189989805;0.006000000052154064;-0.9640000462532043;0.16700001060962677;-0.05700000375509262
683591.0;-0.937000036239624;0.16200000047683716;-0.05000000074505806;49.6875;0.1875;16.25;2.0;-6.0;4.0;296.25;-79.5625;-108.9375;-0.58258056640625;0.27276611328125;-0.674560546875;-0.3621826171875;0.027000000700354576;-0.0020000000949949026;-0.010000000707805157;-0.9640000462532043;0.16700001060962677;-0.05700000375509262
683601.0;-0.937000036239624;0.16500000655651093;-0.06800000369548798;49.6875;0.1875;16.25;5.0;-3.0;-1.0;296.25;-79.5625;-108.9375;-0.58258056640625;0.27276611328125;-0.674560546875;-0.3621826171875;0.02800000086426735;0.0;-0.0020000000949949026;-0.9640000462532043;0.16700001060962677;-0.05700000375509262
683611.0;-0.9350000619888306;0.16700001060962677;-0.05900000408291817;49.6875;0.1875;16.25;4.0;1.0;-2.0;296.25;-79.5625;-108.9375;-0.58258056640625;0.27276611328125;-0.674560546875;-0.3621826171875;0.030000001192092896;0.0010000000474974513;-0.0020000000949949026;-0.9640000462532043;0.16700001060962677;-0.05700000375509262
683621.0;-0.9330000281333923;0.16900001466274261;-0.06000000238418579;49.6875;0.1875;16.25;2.0;-1.0;-2.0;296.25;-79.5625;-108.9375;-0.58258056640625;0.27276611328125;-0.674560546875;-0.3621826171875;0.030000001192092896;0.0010000000474974513;-0.0020000000949949026;-0.9640000462532043;0.16700001060962677;-0.05700000375509262
683631.0;-0.9360000491142273;0.16900001466274261;-0.055000003427267075;48.5625;0.875;16.1875;1.0;-2.0;-1.0;296.25;-79.5625;-108.9375;-0.58258056640625;0.27276611328125;-0.674560546875;-0.3621826171875;0.02500000037252903;-0.003000000026077032;0.0010000000474974513;-0.9640000462532043;0.16700001060962677;-0.05700000375509262
683641.0;-0.9380000233650208;0.164000004529953;-0.0560000017285347;48.5625;0.875;16.1875;-2.0;-1.0;1.0;296.25;-79.5625;-108.9375;-0.58258056640625;0.27276611328125;-0.674560546875;-0.3621826171875;0.024000000208616257;-0.0010000000474974513;-0.004000000189989805;-0.9640000462532043;0.16700001060962677;-0.05700000375509262
683651.0;-0.9390000700950623;0.16500000655651093;-0.06200000271201134;48.5625;0.875;16.1875;-3.0;-2.0;-1.0;296.25;-79.5625;-108.9375;-0.58258056640625;0.27276611328125;-0.674560546875;-0.3621826171875;0.027000000700354576;0.0;-0.005000000353902578;-0.9640000462532043;0.16700001060962677;-0.05700000375509262
683661.0;-0.9360000491142273;0.1680000126361847;-0.06300000101327896;48.5625;0.875;16.1875;-4.0;0.0;0.0;296.25;-79.5625;-108.9375;-0.58258056640625;0.27276611328125;-0.674560546875;-0.3621826171875;0.027000000700354576;0.0;-0.005000000353902578;-0.9640000462532043;0.16700001060962677;-0.05700000375509262
683671.0;-0.9380000233650208;0.16600000858306885;-0.06000000238418579;48.5625;0.875;16.1875;1.0;4.0;5.0;296.25;-79.5625;-108.9375;-0.58258056640625;0.27276611328125;-0.674560546875;-0.3621826171875;0.02500000037252903;-0.0010000000474974513;-0.003000000026077032;-0.9640000462532043;0.16700001060962677;-0.05700000375509262
683681.0;-0.9360000491142273;0.164000004529953;-0.052000001072883606;49.6875;0.875;15.875;4.0;3.0;5.0;296.25;-79.5625;-108.9375;-0.58258056640625;0.27276611328125;-0.674560546875;-0.3621826171875;0.02800000086426735;-0.0020000000949949026;0.005000000353902578;-0.9640000462532043;0.16700001060962677;-0.05700000375509262
683691.0;-0.9330000281333923;0.16500000655651093;-0.05000000074505806;49.6875;0.875;15.875;4.0;-1.0;3.0;296.25;-79.5625;-108.9375;-0.58258056640625;0.27276611328125;-0.674560546875;-0.3621826171875;0.03100000135600567;-0.0020000000949949026;0.007000000216066837;-0.9640000462532043;0.16700001060962677;-0.05700000375509262
683701.0;-0.9330000281333923;0.16300000250339508;-0.06200000271201134;49.6875;0.875;15.875;3.0;-1.0;-1.0;296.25;-79.5625;-108.9375;-0.58258056640625;0.27276611328125;-0.674560546875;-0.3621826171875;0.030000001192092896;-0.004000000189989805;-0.004000000189989805;-0.9640000462532043;0.16700001060962677;-0.05700000375509262
683711.0;-0.9340000152587891;0.17000000178813934;-0.06000000238418579;49.6875;0.875;15.875;0.0;-1.0;-2.0;296.25;-79.5625;-108.9375;-0.58258056640625;0.27276611328125;-0.674560546875;-0.3621826171875;0.030000001192092896;0.003000000026077032;-0.0020000000949949026;-0.9640000462532043;0.16700001060962677;-0.05700000375509262
683721.0;-0.9330000281333923;0.16900001466274261;-0.06100000441074371;49.6875;0.875;15.875;-4.0;3.0;-1.0;296.25;-79.5625;-108.9375;-0.58258056640625;0.27276611328125;-0.674560546875;-0.3621826171875;0.030000001192092896;0.0010000000474974513;-0.003000000026077032;-0.9640000462532043;0.16700001060962677;-0.05700000375509262
683731.0;-0.9330000281333923;0.16900001466274261;-0.05700000375509262;49.0;1.6875;15.875;-13.0;5.0;-1.0;296.25;-79.5625;-108.9375;-0.58258056640625;0.2728271484375;-0.67449951171875;-0.36224365234375;0.03100000135600567;0.0020000000949949026;0.0;-0.9640000462532043;0.16700001060962677;-0.05700000375509262
683741.0;-0.937000036239624;0.16600000858306885;-0.055000003427267075;49.0;1.6875;15.875;-25.0;9.0;0.0;296.1875;-79.5625;-108.9375;-0.58251953125;0.27288818359375;-0.6744384765625;-0.3623046875;0.027000000700354576;-0.0010000000474974513;0.0020000000949949026;-0.9640000462532043;0.16700001060962677;-0.05700000375509262
683751.0;-0.9450000524520874;0.15800000727176666;-0.06800000369548798;49.0;1.6875;15.875;-26.0;12.0;-4.0;296.1875;-79.5625;-108.9375;-0.58245849609375;0.27301025390625;-0.6744384765625;-0.3624267578125;0.018000001087784767;-0.00800000037997961;-0.010000000707805157;-0.9640000462532043;0.16700001060962677;-0.05700000375509262
683761.0;-0.9450000524520874;0.1600000113248825;-0.06400000303983688;49.0;1.6875;15.875;-19.0;9.0;-6.0;296.1875;-79.5625;-108.9375;-0.58245849609375;0.2730712890625;-0.6744384765625;-0.36248779296875;0.01900000125169754;-0.006000000052154064;-0.006000000052154064;-0.9640000462532043;0.16700001060962677;-0.05700000375509262
683771.0;-0.9430000185966492;0.16300000250339508;-0.05700000375509262;49.0;1.6875;15.875;-7.0;3.0;1.0;296.1875;-79.5625;-108.9375;-0.58245849609375;0.2730712890625;-0.6744384765625;-0.36248779296875;0.020000001415610313;-0.003000000026077032;0.0;-0.9640000462532043;0.16700001060962677;-0.05700000375509262
683781.0;-0.9390000700950623;0.16900001466274261;-0.06000000238418579;49.0;0.5625;16.1875;1.0;1.0;11.0;296.1875;-79.5625;-108.9375;-0.5823974609375;0.27301025390625;-0.6744384765625;-0.36248779296875;0.024000000208616257;0.0010000000474974513;-0.0020000000949949026;-0.9640000462532043;0.16700001060962677;-0.05700000375509262
683791.0;-0.9360000491142273;0.16900001466274261;-0.058000002056360245;49.0;0.5625;16.1875;1.0;0.0;12.0;296.1875;-79.5625;-108.9375;-0.5823974609375;0.27294921875;-0.6744384765625;-0.362548828125;0.027000000700354576;0.0010000000474974513;0.0;-0.9640000462532043;0.16700001060962677;-0.05700000375509262
683801.0;-0.9330000281333923;0.16900001466274261;-0.06200000271201134;49.0;0.5625;16.1875;-9.0;1.0;6.0;296.1875;-79.5625;-108.9375;-0.5823974609375;0.27294921875;-0.6744384765625;-0.362548828125;0.030000001192092896;0.0020000000949949026;-0.005000000353902578;-0.9640000462532043;0.16700001060962677;-0.05700000375509262
683811.0;-0.9310000538825989;0.16700001060962677;-0.0560000017285347;49.0;0.5625;16.1875;-18.0;2.0;-2.0;296.125;-79.5625;-108.9375;-0.58233642578125;0.27301025390625;-0.6744384765625;-0.36260986328125;0.032999999821186066;0.0;0.0;-0.9640000462532043;0.16700001060962677;-0.05700000375509262
683821.0;-0.9310000538825989;0.16700001060962677;-0.0560000017285347;49.0;0.5625;16.1875;-12.0;6.0;-4.0;296.125;-79.5625;-108.9375;-0.58233642578125;0.2730712890625;-0.67437744140625;-0.3626708984375;0.030000001192092896;-0.0020000000949949026;0.0;-0.9640000462532043;0.16700001060962677;-0.05700000375509262
683831.0;-0.9330000281333923;0.16500000655651093;-0.0560000017285347;50.375;1.25;16.6875;-1.0;5.0;-1.0;296.125;-79.5625;-108.9375;-0.58233642578125;0.2730712890625;-0.67437744140625;-0.3626708984375;0.027000000700354576;-0.0010000000474974513;0.0010000000474974513;-0.9640000462532043;0.16700001060962677;-0.05700000375509262
683841.0;-0.9360000491142273;0.16600000858306885;-0.055000003427267075;50.375;1.25;16.6875;10.0;0.0;3.0;296.125;-79.5625;-108.9375;-0.58233642578125;0.27301025390625;-0.6744384765625;-0.36260986328125;0.026000000536441803;-0.006000000052154064;0.0020000000949949026;-0.9640000462532043;0.16700001060962677;-0.05700000375509262
683851.0;-0.9380000233650208;0.16100001335144043;-0.055000003427267075;50.375;1.25;16.6875;15.0;-1.0;4.0;296.1875;-79.5625;-108.9375;-0.5823974609375;0.27294921875;-0.6744384765625;-0.362548828125;0.02500000037252903;-0.007000000216066837;-0.006000000052154064;-0.9640000462532043;0.16700001060962677;-0.05700000375509262
683861.0;-0.9390000700950623;0.15900000929832458;-0.06400000303983688;50.375;1.25;16.6875;23.0;-1.0;1.0;296.1875;-79.5625;-108.9375;-0.5823974609375;0.27288818359375;-0.67449951171875;-0.36248779296875;0.024000000208616257;-0.007000000216066837;0.0010000000474974513;-0.9640000462532043;0.16700001060962677;-0.05700000375509262
683871.0;-0.9390000700950623;0.1600000113248825;-0.0560000017285347;50.375;1.25;16.6875;24.0;-4.0;-5.0;296.1875;-79.5625;-108.9375;-0.58245849609375;0.2728271484375;-0.67449951171875;-0.36236572265625;0.021000001579523087;-0.005000000353902578;0.003000000026077032;-0.9640000462532043;0.16700001060962677;-0.05700000375509262
683881.0;-0.9430000185966492;0.16100001335144043;-0.05400000140070915;50.375;1.25;16.6875;24.0;-4.0;-5.0;296.1875;-79.5625;-108.9375;-0.58245849609375;0.27276611328125;-0.674560546875;-0.3623046875;0.02200000174343586;-0.0020000000949949026;0.004000000189989805;-0.9640000462532043;0.16700001060962677;-0.05700000375509262
683891.0;-0.9410000443458557;0.16500000655651093;-0.05300000309944153;49.0;1.25;15.0625;22.0;-2.0;-6.0;296.1875;-79.5625;-108.9375;-0.58251953125;0.272705078125;-0.67462158203125;-0.36224365234375;0.02200000174343586;-0.003000000026077032;0.003000000026077032;-0.9640000462532043;0.16700001060962677;-0.05700000375509262
683901.0;-0.9410000443458557;0.164000004529953;-0.05400000140070915;49.0;1.25;15.0625;20.0;-5.0;1.0;296.25;-79.5625;-109.0;-0.58251953125;0.27264404296875;-0.67462158203125;-0.3621826171875;0.02500000037252903;-0.005000000353902578;-0.010000000707805157;-0.9640000462532043;0.16700001060962677;-0.05700000375509262
683911.0;-0.9380000233650208;0.16100001335144043;-0.06700000166893005;49.0;1.25;15.0625;29.0;-5.0;-1.0;296.25;-79.5625;-109.0;-0.58258056640625;0.27252197265625;-0.6746826171875;-0.362060546875;0.029000001028180122;-0.006000000052154064;-0.0010000000474974513;-0.9640000462532043;0.16700001060962677;-0.05700000375509262
683921.0;-0.9350000619888306;0.16100001335144043;-0.05900000408291817;49.0;1.25;15.0625;40.0;-4.0;2.0;296.25;-79.5625;-109.0625;-0.5826416015625;0.27239990234375;-0.6748046875;-0.3619384765625;0.02800000086426735;-0.0020000000949949026;0.0;-0.9640000462532043;0.16700001060962677;-0.05700000375509262
683931.0;-0.9350000619888306;0.16500000655651093;-0.05700000375509262;49.0;1.25;15.0625;40.0;-4.0;2.0;296.25;-79.5625;-109.0625;-0.5826416015625;0.27239990234375;-0.6748046875;-0.3619384765625;0.02800000086426735;-0.0020000000949949026;0.0;-0.9640000462532043;0.16700001060962677;-0.058000002056360245
683941.0;-0.9360000491142273;0.164000004529953;-0.055000003427267075;49.6875;0.1875;16.25;46.0;-6.0;1.0;296.3125;-79.5625;-109.0625;-0.58270263671875;0.27227783203125;-0.67486572265625;-0.36175537109375;0.027000000700354576;-0.0020000000949949026;0.0020000000949949026;-0.9640000462532043;0.16700001060962677;-0.058000002056360245
683951.0;-0.9380000233650208;0.16500000655651093;-0.05700000375509262;49.6875;0.1875;16.25;43.0;-7.0;0.0;296.375;-79.5625;-109.125;-0.58282470703125;0.27203369140625;-0.67498779296875;-0.36151123046875;0.026000000536441803;0.0;-0.005000000353902578;-0.9640000462532043;0.16700001060962677;-0.058000002056360245
683961.0;-0.9380000233650208;0.16700001060962677;-0.06400000303983688;49.6875;0.1875;16.25;30.0;-7.0;-1.0;296.375;-79.5625;-109.125;-0.58282470703125;0.27197265625;-0.675048828125;-0.3614501953125;0.026000000536441803;-0.0010000000474974513;-0.003000000026077032;-0.9640000462532043;0.16700001060962677;-0.058000002056360245
683971.0;-0.937000036239624;0.16500000655651093;-0.06100000441074371;49.6875;0.1875;16.25;20.0;-1.0;1.0;296.375;-79.5625;-109.125;-0.5828857421875;0.27197265625;-0.67510986328125;-0.36138916015625;0.03100000135600567;0.0010000000474974513;0.0;-0.9640000462532043;0.16700001060962677;-0.058000002056360245
683981.0;-0.9330000281333923;0.16900001466274261;-0.058000002056360245;49.6875;0.1875;16.25;17.0;0.0;1.0;296.375;-79.5625;-109.125;-0.5828857421875;0.27197265625;-0.67510986328125;-0.36138916015625;0.03100000135600567;0.0010000000474974513;0.0;-0.9640000462532043;0.16700001060962677;-0.058000002056360245
683991.0;-0.9310000538825989;0.1730000078678131;-0.05900000408291817;48.1875;0.5625;15.875;19.0;0.0;3.0;296.375;-79.5625;-109.125;-0.58294677734375;0.27178955078125;-0.6751708984375;-0.3612060546875;0.030000001192092896;0.005000000353902578;-0.005000000353902578;-0.9640000462532043;0.16700001060962677;-0.058000002056360245
684001.0;-0.9340000152587891;0.1730000078678131;-0.06300000101327896;48.1875;0.5625;15.875;22.0;1.0;7.0;296.375;-79.5625;-109.125;-0.58294677734375;0.271728515625;-0.6751708984375;-0.36114501953125;0.030000001192092896;0.004000000189989805;-0.015000000596046448;-0.9640000462532043;0.16700001060962677;-0.058000002056360245
684011.0;-0.9330000281333923;0.1720000058412552;-0.07300000637769699;48.1875;0.5625;15.875;20.0;-1.0;8.0;296.4375;-79.5625;-109.1875;-0.58294677734375;0.271728515625;-0.67523193359375;-0.361083984375;0.02800000086426735;0.0;-0.0010000000474974513;-0.9640000462532043;0.16700001060962677;-0.058000002056360245
684021.0;-0.9350000619888306;0.16700001060962677;-0.05900000408291817;48.1875;0.5625;15.875;14.0;2.0;2.0;296.4375;-79.5625;-109.1875;-0.5830078125;0.27166748046875;-0.67523193359375;-0.36102294921875;0.026000000536441803;-0.0020000000949949026;0.0010000000474974513;-0.9640000462532043;0.16700001060962677;-0.058000002056360245
684031.0;-0.9380000233650208;0.164000004529953;-0.0560000017285347;48.1875;0.5625;15.875;16.0;3.0;-2.0;296.4375;-79.5625;-109.1875;-0.5830078125;0.27166748046875;-0.67523193359375;-0.36102294921875;0.026000000536441803;-0.0020000000949949026;0.0010000000474974513;-0.9640000462532043;0.16700001060962677;-0.058000002056360245
684041.0;-0.937000036239624;0.16600000858306885;-0.05400000140070915;48.5625;0.875;15.375;14.0;3.0;-2.0;296.4375;-79.5625;-109.1875;-0.5830078125;0.2716064453125;-0.67529296875;-0.3609619140625;0.024000000208616257;0.0010000000474974513;0.003000000026077032;-0.9640000462532043;0.16700001060962677;-0.058000002056360245
684051.0;-0.9390000700950623;0.16900001466274261;-0.05400000140070915;48.5625;0.875;15.375;13.0;3.0;1.0;296.4375;-79.5625;-109.1875;-0.5830078125;0.2716064453125;-0.67529296875;-0.3609619140625;0.02500000037252903;-0.0010000000474974513;-0.009000000543892384;-0.9640000462532043;0.16700001060962677;-0.058000002056360245
684061.0;-0.9390000700950623;0.16500000655651093;-0.06800000369548798;48.5625;0.875;15.375;8.0;8.0;5.0;296.4375;-79.5625;-109.1875;-0.5830078125;0.2716064453125;-0.67529296875;-0.3609619140625;0.026000000536441803;-0.0020000000949949026;-0.0010000000474974513;-0.9640000462532043;0.16700001060962677;-0.058000002056360245
684071.0;-0.937000036239624;0.164000004529953;-0.05900000408291817;48.5625;0.875;15.375;-2.0;5.0;1.0;296.4375;-79.5625;-109.1875;-0.5830078125;0.2716064453125;-0.67529296875;-0.3609619140625;0.026000000536441803;-0.0020000000949949026;-0.0010000000474974513;-0.9640000462532043;0.16700001060962677;-0.058000002056360245
684081.0;-0.937000036239624;0.16600000858306885;-0.055000003427267075;48.5625;0.875;15.375;-11.0;6.0;-1.0;296.4375;-79.5625;-109.1875;-0.5830078125;0.2716064453125;-0.67529296875;-0.3609619140625;0.027000000700354576;0.0;0.003000000026077032;-0.9640000462532043;0.16700001060962677;-0.058000002056360245
684091.0;-0.940000057220459;0.164000004529953;-0.058000002056360245;49.0;1.25;14.5625;-20.0;8.0;2.0;296.4375;-79.5625;-109.1875;-0.5830078125;0.27166748046875;-0.67523193359375;-0.36102294921875;0.024000000208616257;-0.0020000000949949026;0.0;-0.9640000462532043;0.16700001060962677;-0.058000002056360245
684101.0;-0.937000036239624;0.15800000727176666;-0.05900000408291817;49.0;1.25;14.5625;-20.0;9.0;3.0;296.4375;-79.5625;-109.1875;-0.58294677734375;0.271728515625;-0.67523193359375;-0.36114501953125;0.026000000536441803;-0.00800000037997961;-0.0010000000474974513;-0.9640000462532043;0.16700001060962677;-0.058000002056360245
684111.0;-0.9420000314712524;0.15900000929832458;-0.0650000050663948;49.0;1.25;14.5625;-8.0;-1.0;5.0;296.4375;-79.5625;-109.1875;-0.58294677734375;0.271728515625;-0.67523193359375;-0.36114501953125;0.02200000174343586;-0.007000000216066837;-0.006000000052154064;-0.9640000462532043;0.16700001060962677;-0.058000002056360245
684121.0;-0.9420000314712524;0.16200000047683716;-0.06300000101327896;49.0;1.25;14.5625;6.0;-4.0;4.0;296.4375;-79.5625;-109.1875;-0.58294677734375;0.271728515625;-0.67523193359375;-0.36114501953125;0.021000001579523087;-0.005000000353902578;-0.005000000353902578;-0.9640000462532043;0.16700001060962677;-0.058000002056360245
684131.0;-0.9440000653266907;0.16600000858306885;-0.06100000441074371;49.0;1.25;14.5625;12.0;-7.0;4.0;296.4375;-79.5625;-109.1875;-0.5830078125;0.271728515625;-0.67523193359375;-0.361083984375;0.01900000125169754;-0.0010000000474974513;-0.0020000000949949026;-0.9640000462532043;0.16700001060962677;-0.058000002056360245
684141.0;-0.9410000443458557;0.16700001060962677;-0.06100000441074371;49.25;0.875;15.0625;3.0;-13.0;0.0;296.4375;-79.5625;-109.125;-0.5830078125;0.27166748046875;-0.6751708984375;-0.361083984375;0.02200000174343586;0.0;-0.003000000026077032;-0.9640000462532043;0.16700001060962677;-0.058000002056360245
684151.0;-0.9350000619888306;0.16700001060962677;-0.06400000303983688;49.25;0.875;15.0625;-9.0;-22.0;-2.0;296.4375;-79.5625;-109.0625;-0.5831298828125;0.2716064453125;-0.67510986328125;-0.36114501953125;0.029000001028180122;0.0;-0.006000000052154064;-0.9640000462532043;0.16700001060962677;-0.058000002056360245
684161.0;-0.9300000667572021;0.16300000250339508;-0.07200000435113907;49.25;0.875;15.0625;-11.0;-13.0;-2.0;296.4375;-79.5625;-109.0;-0.5831298828125;0.27166748046875;-0.675048828125;-0.3612060546875;0.032999999821186066;-0.003000000026077032;-0.014000000432133675;-0.9640000462532043;0.16700001060962677;-0.05700000375509262
684171.0;-0.9360000491142273;0.16700001060962677;-0.0560000017285347;49.25;0.875;15.0625;-3.0;-7.0;1.0;296.4375;-79.5625;-109.0;-0.5831298828125;0.27166748046875;-0.675048828125;-0.3612060546875;0.027000000700354576;0.0;0.0010000000474974513;-0.9640000462532043;0.16700001060962677;-0.05700000375509262
684181.0;-0.9350000619888306;0.16700001060962677;-0.05400000140070915;49.25;0.875;15.0625;4.0;-5.0;-3.0;296.4375;-79.5625;-109.0;-0.5831298828125;0.27166748046875;-0.675048828125;-0.3612060546875;0.02800000086426735;0.0;0.003000000026077032;-0.9640000462532043;0.16700001060962677;-0.05700000375509262
684191.0;-0.9340000152587891;0.1680000126361847;-0.05100000277161598;50.0;0.875;15.875;6.0;-1.0;-2.0;296.4375;-79.5625;-109.0;-0.5831298828125;0.27166748046875;-0.675048828125;-0.3612060546875;0.030000001192092896;0.0;0.006000000052154064;-0.9640000462532043;0.16700001060962677;-0.05700000375509262
684201.0;-0.9340000152587891;0.16700001060962677;-0.05300000309944153;50.0;0.875;15.875;4.0;-1.0;-1.0;296.4375;-79.5625;-109.0;-0.5831298828125;0.27166748046875;-0.675048828125;-0.3612060546875;0.030000001192092896;0.0;0.004000000189989805;-0.9640000462532043;0.16700001060962677;-0.05700000375509262
684211.0;-0.9330000281333923;0.16500000655651093;-0.06200000271201134;50.0;0.875;15.875;1.0;-1.0;1.0;296.4375;-79.5625;-109.0;-0.5831298828125;0.27166748046875;-0.675048828125;-0.3612060546875;0.030000001192092896;-0.0010000000474974513;-0.004000000189989805;-0.9640000462532043;0.16700001060962677;-0.05700000375509262
684221.0;-0.9380000233650208;0.164000004529953;-0.06000000238418579;50.0;0.875;15.875;7.0;2.0;1.0;296.4375;-79.5625;-109.0;-0.5831298828125;0.27166748046875;-0.675048828125;-0.3612060546875;0.02500000037252903;-0.0020000000949949026;-0.0020000000949949026;-0.9640000462532043;0.16700001060962677;-0.05700000375509262
684231.0;-0.9380000233650208;0.164000004529953;-0.06000000238418579;50.0;0.875;15.875;21.0;0.0;-4.0;296.4375;-79.5625;-109.0625;-0.58319091796875;0.27154541015625;-0.67510986328125;-0.361083984375;0.023000001907348633;-0.003000000026077032;0.0020000000949949026;-0.9640000462532043;0.16700001060962677;-0.05700000375509262
684241.0;-0.940000057220459;0.164000004529953;-0.055000003427267075;50.0;0.875;15.875;36.0;-2.0;-5.0;296.4375;-79.5625;-109.0625;-0.58319091796875;0.271484375;-0.6751708984375;-0.3609619140625;0.020000001415610313;-0.007000000216066837;0.0020000000949949026;-0.9640000462532043;0.16700001060962677;-0.05700000375509262
684251.0;-0.9440000653266907;0.15900000929832458;-0.055000003427267075;49.0;0.5625;14.5625;45.0;-5.0;-1.0;296.5;-79.5625;-109.0625;-0.583251953125;0.27130126953125;-0.67523193359375;-0.36083984375;0.02200000174343586;-0.004000000189989805;-0.003000000026077032;-0.9640000462532043;0.16700001060962677;-0.058000002056360245
684261.0;-0.9410000443458557;0.16200000047683716;-0.06100000441074371;49.0;0.5625;14.5625;51.0;-7.0;5.0;296.5;-79.5625;-109.125;-0.5833740234375;0.27117919921875;-0.67535400390625;-0.36065673828125;0.029000001028180122;-0.007000000216066837;-0.01100000087171793;-0.9640000462532043;0.16700001060962677;-0.058000002056360245
684271.0;-0.9340000152587891;0.1600000113248825;-0.0690000057220459;49.0;0.5625;14.5625;58.0;-8.0;6.0;296.5625;-79.5625;-109.125;-0.58343505859375;0.27099609375;-0.67547607421875;-0.36041259765625;0.03200000151991844;-0.006000000052154064;-0.0020000000949949026;-0.9640000462532043;0.16700001060962677;-0.058000002056360245
684281.0;-0.9310000538825989;0.16100001335144043;-0.06000000238418579;49.0;0.5625;14.5625;66.0;-13.0;2.0;296.625;-79.5625;-109.125;-0.58355712890625;0.270751953125;-0.675537109375;-0.3602294921875;0.03500000014901161;-0.004000000189989805;0.013000000268220901;-0.9640000462532043;0.16700001060962677;-0.058000002056360245
684291.0;-0.9280000329017639;0.16300000250339508;-0.04400000348687172;49.0;0.5625;14.5625;66.0;-13.0;2.0;296.625;-79.5625;-109.125;-0.583740234375;0.2705078125;-0.6756591796875;-0.35992431640625;0.036000002175569534;0.0;0.013000000268220901;-0.9640000462532043;0.16700001060962677;-0.058000002056360245
684301.0;-0.9270000457763672;0.16700001060962677;-0.04400000348687172;49.25;1.25;15.375;79.0;-13.0;-2.0;296.625;-79.5625;-109.125;-0.58392333984375;0.2701416015625;-0.67578125;-0.359619140625;0.03700000047683716;0.0010000000474974513;0.00800000037997961;-0.9640000462532043;0.16700001060962677;-0.058000002056360245
684311.0;-0.9270000457763672;0.1680000126361847;-0.05000000074505806;49.25;1.25;15.375;113.0;-26.0;3.0;296.8125;-79.5625;-109.125;-0.58416748046875;0.269775390625;-0.6759033203125;-0.3592529296875;0.03400000184774399;0.0020000000949949026;0.0;-0.9640000462532043;0.16700001060962677;-0.058000002056360245
684321.0;-0.9290000200271606;0.16900001466274261;-0.058000002056360245;49.25;1.25;15.375;116.0;-30.0;5.0;296.875;-79.5625;-109.125;-0.58447265625;0.26934814453125;-0.67608642578125;-0.35888671875;0.024000000208616257;0.005000000353902578;0.005000000353902578;-0.9640000462532043;0.16700001060962677;-0.058000002056360245
684331.0;-0.940000057220459;0.1720000058412552;-0.052000001072883606;49.25;1.25;15.375;112.0;-28.0;1.0;296.9375;-79.5625;-109.125;-0.584716796875;0.2689208984375;-0.67620849609375;-0.3585205078125;0.021000001579523087;0.005000000353902578;0.006000000052154064;-0.9640000462532043;0.16700001060962677;-0.05700000375509262
684341.0;-0.9430000185966492;0.1720000058412552;-0.05100000277161598;49.25;1.25;15.375;112.0;-28.0;1.0;296.9375;-79.5625;-109.125;-0.584716796875;0.2689208984375;-0.67620849609375;-0.3585205078125;0.021000001579523087;0.007000000216066837;0.003000000026077032;-0.9640000462532043;0.16600000858306885;-0.05700000375509262
684351.0;-0.9430000185966492;0.17400000989437103;-0.05400000140070915;50.0;1.6875;15.0625;107.0;-25.0;-8.0;297.0;-79.5625;-109.0625;-0.5849609375;0.2685546875;-0.67633056640625;-0.358154296875;0.021000001579523087;0.007000000216066837;0.003000000026077032;-0.9640000462532043;0.16600000858306885;-0.05700000375509262
684361.0;-0.9410000443458557;0.1730000078678131;-0.07300000637769699;50.0;1.6875;15.0625;124.0;-25.0;-11.0;297.1875;-79.625;-109.125;-0.5855712890625;0.26763916015625;-0.67669677734375;-0.35723876953125;0.020000001415610313;-0.0010000000474974513;-0.003000000026077032;-0.9640000462532043;0.16600000858306885;-0.05700000375509262
684371.0;-0.9440000653266907;0.16500000655651093;-0.06100000441074371;50.0;1.6875;15.0625;154.0;-20.0;6.0;297.3125;-79.5625;-109.125;-0.5858154296875;0.26690673828125;-0.677001953125;-0.35662841796875;0.020000001415610313;0.003000000026077032;0.006000000052154064;-0.9640000462532043;0.16600000858306885;-0.058000002056360245
684381.0;-0.9440000653266907;0.16900001466274261;-0.05100000277161598;50.0;1.6875;15.0625;197.0;-20.0;30.0;297.4375;-79.5625;-109.1875;-0.586181640625;0.2659912109375;-0.677490234375;-0.35595703125;0.020000001415610313;0.012000000104308128;0.017000000923871994;-0.9640000462532043;0.16700001060962677;-0.058000002056360245
684391.0;-0.9440000653266907;0.18000000715255737;-0.04100000113248825;50.0;1.6875;15.0625;238.0;-20.0;44.0;297.4375;-79.5625;-109.1875;-0.586181640625;0.2659912109375;-0.677490234375;-0.35595703125;0.020000001415610313;0.012000000104308128;0.017000000923871994;-0.9640000462532043;0.16700001060962677;-0.058000002056360245
684401.0;-0.9610000252723694;0.21300001442432404;-0.02800000086426735;49.25;2.375;15.0625;273.0;-26.0;54.0;297.5625;-79.5;-109.125;-0.5865478515625;0.2647705078125;-0.677978515625;-0.35528564453125;0.0020000000949949026;0.04500000178813934;0.029000001028180122;-0.9640000462532043;0.16700001060962677;-0.058000002056360245
684411.0;-0.9700000286102295;0.2240000069141388;-0.02800000086426735;49.25;2.375;15.0625;292.0;-34.0;57.0;297.6875;-79.5;-109.125;-0.58697509765625;0.26361083984375;-0.678466796875;-0.3544921875;-0.004000000189989805;0.058000002056360245;0.026000000536441803;-0.9640000462532043;0.1680000126361847;-0.058000002056360245
684421.0;-0.968000054359436;0.22600001096725464;-0.03100000135600567;49.25;2.375;15.0625;292.0;-59.0;59.0;297.875;-79.5;-109.0625;-0.58807373046875;0.2611083984375;-0.67919921875;-0.35308837890625;0.0;0.06700000166893005;0.03200000151991844;-0.9640000462532043;0.16900001466274261;-0.05700000375509262
684431.0;-0.9630000591278076;0.23600001633167267;-0.024000000208616257;49.25;2.375;15.0625;260.0;-105.0;71.0;298.0;-79.4375;-108.8125;-0.5887451171875;0.25982666015625;-0.67926025390625;-0.3529052734375;0.003000000026077032;0.09600000083446503;0.05100000277161598;-0.9640000462532043;0.17000000178813934;-0.0560000017285347
684441.0;-0.9600000381469727;0.26600000262260437;-0.005000000353902578;49.25;2.375;15.0625;202.0;-152.0;101.0;298.0625;-79.4375;-108.375;-0.5887451171875;0.25982666015625;-0.67926025390625;-0.3529052734375;0.003000000026077032;0.09600000083446503;0.05100000277161598;-0.9640000462532043;0.17000000178813934;-0.0560000017285347
684451.0;-0.9720000624656677;0.29500001668930054;0.03500000014901161;49.0;2.0;15.875;134.0;-191.0;131.0;298.125;-79.375;-107.75;-0.58935546875;0.258544921875;-0.6790771484375;-0.35308837890625;-0.00800000037997961;0.12400000542402267;0.08900000154972076;-0.9640000462532043;0.17100000381469727;-0.05400000140070915
684461.0;-0.9770000576972961;0.3360000252723694;0.08900000154972076;49.0;2.0;15.875;13.0;-262.0;164.0;298.0625;-79.375;-106.75;-0.59002685546875;0.2574462890625;-0.678466796875;-0.35394287109375;-0.00800000037997961;0.15700000524520874;0.1300000101327896;-0.9630000591278076;0.17500001192092896;-0.04800000041723251
684471.0;-0.9720000624656677;0.3320000171661377;0.08100000023841858;49.0;2.0;15.875;-203.0;-355.0;190.0;297.875;-79.3125;-105.375;-0.59063720703125;0.2567138671875;-0.67724609375;-0.355712890625;-0.009000000543892384;0.13100001215934753;0.19700001180171967;-0.9630000591278076;0.1770000010728836;-0.0430000014603138
684481.0;-0.9720000624656677;0.30900001525878906;0.15400001406669617;49.0;2.0;15.875;-424.0;-433.0;196.0;297.5;-79.25;-103.625;-0.59124755859375;0.25653076171875;-0.67535400390625;-0.35845947265625;-0.009000000543892384;0.13100001215934753;0.19700001180171967;-0.9630000591278076;0.17900000512599945;-0.036000002175569534
684491.0;-0.9650000333786011;0.31800001859664917;0.1810000091791153;49.0;2.0;15.875;-536.0;-496.0;185.0;297.125;-79.1875;-101.625;-0.5919189453125;0.256591796875;-0.67303466796875;-0.36163330078125;-0.0020000000949949026;0.1380000114440918;0.21800000965595245;-0.9630000591278076;0.17900000512599945;-0.036000002175569534
684501.0;-0.9500000476837158;0.3230000138282776;0.18200001120567322;50.0;1.25;14.1875;-457.0;-545.0;181.0;296.8125;-79.125;-99.5;-0.5928955078125;0.25634765625;-0.67071533203125;-0.36456298828125;0.012000000104308128;0.14100000262260437;0.2120000123977661;-0.9630000591278076;0.1810000091791153;-0.030000001192092896
684511.0;-0.906000018119812;0.3060000240802765;0.09800000488758087;50.0;1.25;14.1875;-274.0;-587.0;218.0;296.5625;-79.0625;-97.4375;-0.59417724609375;0.25531005859375;-0.66864013671875;-0.36700439453125;0.0560000017285347;0.12200000882148743;0.12200000882148743;-0.9620000720024109;0.18300001323223114;-0.024000000208616257
684521.0;-0.9020000696182251;0.30900001525878906;0.0950000062584877;50.0;1.25;14.1875;-154.0;-631.0;312.0;296.375;-78.9375;-95.25;-0.5955810546875;0.25347900390625;-0.66680908203125;-0.369384765625;0.05900000408291817;0.12200000882148743;0.11300000548362732;-0.9620000720024109;0.1860000044107437;-0.017000000923871994
684531.0;-0.8870000243186951;0.32200002670288086;0.13300000131130219;50.0;1.25;14.1875;-134.0;-693.0;385.0;296.125;-78.75;-93.0;-0.59710693359375;0.25115966796875;-0.66485595703125;-0.3719482421875;0.07300000637769699;0.13100001215934753;0.14300000667572021;-0.9610000252723694;0.1900000125169754;-0.010000000707805157
684541.0;-0.8730000257492065;0.33400002121925354;0.15900000929832458;50.0;1.25;14.1875;-7.0;-751.0;370.0;296.0;-78.5;-90.6875;-0.5989990234375;0.2484130859375;-0.6629638671875;-0.3741455078125;0.08700000494718552;0.13900001347064972;0.16100001335144043;-0.9610000252723694;0.1940000057220459;-0.0020000000949949026
684551.0;-0.9030000567436218;0.4150000214576721;0.14800000190734863;49.6875;0.875;13.375;261.0;-782.0;312.0;296.125;-78.3125;-88.5;-0.60174560546875;0.24444580078125;-0.66156005859375;-0.37481689453125;0.0560000017285347;0.21700000762939453;0.14300000667572021;-0.9600000381469727;0.19700001180171967;0.004000000189989805
684561.0;-0.9270000457763672;0.44700002670288086;0.12700000405311584;49.6875;0.875;13.375;540.0;-818.0;303.0;296.375;-78.125;-86.5;-0.60467529296875;0.24005126953125;-0.66046142578125;-0.37493896484375;0.03200000151991844;0.2460000067949295;0.11500000208616257;-0.9590000510215759;0.20000000298023224;0.012000000104308128
684571.0;-0.9470000267028809;0.484000027179718;0.12400000542402267;49.6875;0.875;13.375;719.0;-861.0;377.0;296.6875;-77.875;-84.5625;-0.60784912109375;0.2347412109375;-0.65960693359375;-0.37469482421875;0.01100000087171793;0.27900001406669617;0.10400000214576721;-0.9580000638961792;0.20400001108646393;0.01900000125169754
684581.0;-0.9570000171661377;0.5110000371932983;0.12600000202655792;49.6875;0.875;13.375;793.0;-918.0;512.0;296.9375;-77.5;-82.6875;-0.6109619140625;0.22857666015625;-0.6588134765625;-0.37469482421875;0.0;0.30100002884864807;0.0990000069141388;-0.9570000171661377;0.21000000834465027;0.026000000536441803
684591.0;-0.9790000319480896;0.5240000486373901;0.12800000607967377;49.6875;0.875;13.375;838.0;-965.0;649.0;297.125;-77.0;-80.875;-0.61407470703125;0.2216796875;-0.65814208984375;-0.37506103515625;-0.023000001907348633;0.3070000112056732;0.09400000423192978;-0.9550000429153442;0.21700000762939453;0.03400000184774399
684601.0;-0.9790000319480896;0.5240000486373901;0.12800000607967377;50.75;0.5625;10.875;875.0;-1002.0;744.0;297.5625;-76.4375;-79.1875;-0.617919921875;0.21270751953125;-0.657958984375;-0.3741455078125;-0.03100000135600567;0.3050000071525574;0.08300000429153442;-0.9530000686645508;0.2240000069141388;0.04200000315904617
684611.0;-0.984000027179718;0.5300000309944153;0.12600000202655792;50.75;0.5625;10.875;902.0;-1012.0;809.0;297.75;-75.875;-77.6875;-0.620849609375;0.2049560546875;-0.6573486328125;-0.374755859375;-0.04000000283122063;0.3070000112056732;0.0650000050663948;-0.9510000348091125;0.2330000102519989;0.05000000074505806
684621.0;-0.9930000305175781;0.5540000200271606;0.08000000566244125;50.75;0.5625;10.875;867.0;-996.0;892.0;297.8125;-75.1875;-76.4375;-0.62347412109375;0.197021484375;-0.65673828125;-0.375732421875;-0.04500000178813934;0.3110000193119049;0.021000001579523087;-0.9480000734329224;0.24300001561641693;0.058000002056360245
684631.0;-0.999000072479248;0.5720000267028809;0.09000000357627869;50.75;0.5625;10.875;736.0;-962.0;1008.0;297.75;-74.4375;-75.3125;-0.62554931640625;0.189208984375;-0.65606689453125;-0.37750244140625;-0.05400000140070915;0.3190000057220459;0.023000001907348633;-0.9440000653266907;0.25300002098083496;0.06599999964237213
684641.0;-0.999000072479248;0.5720000267028809;0.09000000357627869;50.75;0.5625;10.875;484.0;-917.0;1123.0;297.5;-73.6875;-74.375;-0.626953125;0.181884765625;-0.65509033203125;-0.38043212890625;-0.06400000303983688;0.3240000009536743;0.02800000086426735;-0.9410000443458557;0.26500001549720764;0.07400000095367432
684651.0;-1.0049999952316284;0.5890000462532043;0.10300000756978989;50.75;-1.25;8.375;124.0;-850.0;1215.0;297.0625;-72.8125;-73.4375;-0.6279296875;0.1749267578125;-0.65380859375;-0.38421630859375;-0.07400000095367432;0.3240000009536743;0.03800000250339508;-0.937000036239624;0.2770000100135803;0.0820000022649765
684661.0;-1.0110000371932983;0.6010000109672546;0.12000000476837158;50.75;-1.25;8.375;-334.0;-777.0;1291.0;296.1875;-71.9375;-72.5625;-0.627685546875;0.16998291015625;-0.6517333984375;-0.39031982421875;-0.09700000286102295;0.27800002694129944;0.026000000536441803;-0.9320000410079956;0.289000004529953;0.09000000357627869
684671.0;-1.03000009059906;0.5680000185966492;0.11700000613927841;50.75;-1.25;8.375;-787.0;-705.0;1350.0;295.125;-71.0;-71.625;-0.6265869140625;0.16650390625;-0.64898681640625;-0.39813232421875;-0.11000000685453415;0.25200000405311584;0.01900000125169754;-0.9270000457763672;0.3020000159740448;0.10000000149011612
684681.0;-1.0380001068115234;0.5540000200271606;0.11900000274181366;50.75;-1.25;8.375;-1157.0;-645.0;1399.0;293.75;-70.125;-70.625;-0.62481689453125;0.16412353515625;-0.6456298828125;-0.40728759765625;-0.11700000613927841;0.2370000183582306;0.007000000216066837;-0.9220000505447388;0.3140000104904175;0.11000000685453415
684687.0;-1.0380001068115234;0.5540000200271606;0.11900000274181366;50.75;-1.25;8.375;-1157.0;-645.0;1399.0;293.75;-70.125;-70.625;-0.62481689453125;0.16412353515625;-0.6456298828125;-0.40728759765625;-0.11700000613927841;0.2370000183582306;0.007000000216066837;-0.9220000505447388;0.3140000104904175;0.11000000685453415
684697.0;-1.0390000343322754;0.5520000457763672;0.11700000613927841;50.75;-1.25;8.375;-1373.0;-586.0;1457.0;292.3125;-69.125;-69.6875;-0.6224365234375;0.16241455078125;-0.6419677734375;-0.417236328125;-0.125;0.23200000822544098;0.003000000026077032;-0.9160000681877136;0.3270000219345093;0.12000000476837158
684707.0;-1.0410000085830688;0.5590000152587891;0.12400000542402267;50.75;-1.25;8.375;-1373.0;-586.0;1457.0;292.3125;-69.125;-69.6875;-0.6199951171875;0.16033935546875;-0.63824462890625;-0.42724609375;-0.11900000274181366;0.2590000033378601;0.010000000707805157;-0.9100000262260437;0.33900001645088196;0.13100001215934753
684717.0;-1.0290000438690186;0.5990000367164612;0.14100000262260437;51.0625;-3.1875;6.375;-1461.0;-562.0;1535.0;290.8125;-68.1875;-68.875;-0.6168212890625;0.1585693359375;-0.63433837890625;-0.438232421875;-0.11300000548362732;0.24800001084804535;0.012000000104308128;-0.9030000567436218;0.3530000150203705;0.1420000046491623
684722.0;-1.0170000791549683;0.6010000109672546;0.15400001406669617;51.0625;-3.1875;6.375;-1664.0;-566.0;1744.0;287.4375;-66.0;-67.25;-0.61322021484375;0.15679931640625;-0.6300048828125;-0.44989013671875;-0.11000000685453415;0.2290000170469284;0.01100000087171793;-0.8960000276565552;0.367000013589859;0.15300001204013824
684732.0;-1.00600004196167;0.5960000157356262;0.16500000655651093;51.0625;-3.1875;6.375;-1926.0;-575.0;1823.0;285.5625;-64.875;-66.3125;-0.609130859375;0.15557861328125;-0.62506103515625;-0.462646484375;-0.12000000476837158;0.20900000631809235;0.03200000151991844;-0.8870000243186951;0.38100001215934753;0.16600000858306885
684742.0;-1.0080000162124634;0.5900000333786011;0.1990000158548355;51.0625;-3.1875;6.375;-1926.0;-575.0;1823.0;283.5;-63.6875;-65.25;-0.6046142578125;0.155517578125;-0.6190185546875;-0.4765625;-0.15900000929832458;0.13500000536441803;0.06200000271201134;-0.8790000677108765;0.39400002360343933;0.1810000091791153
684752.0;-1.0390000343322754;0.5300000309944153;0.24400001764297485;51.0625;-3.1875;6.375;-2305.0;-574.0;1841.0;283.5;-63.6875;-65.25;-0.6046142578125;0.155517578125;-0.6190185546875;-0.4765625;-0.15900000929832458;0.13500000536441803;0.06200000271201134;-0.8700000643730164;0.4050000309944153;0.1980000138282776
684762.0;-1.0509999990463257;0.5190000534057617;0.25200000405311584;51.0625;-8.0;5.0625;-2667.0;-542.0;1764.0;281.3125;-62.5625;-63.9375;-0.59967041015625;0.1568603515625;-0.6119384765625;-0.4913330078125;-0.18000000715255737;0.11300000548362732;0.05400000140070915;-0.862000048160553;0.4130000174045563;0.2150000035762787
684772.0;-1.0520000457763672;0.5220000147819519;0.24900001287460327;51.0625;-8.0;5.0625;-2878.0;-523.0;1614.0;277.125;-60.625;-60.9375;-0.58984375;0.1624755859375;-0.595703125;-0.52044677734375;-0.1900000125169754;0.0690000057220459;-0.032999999821186066;-0.8540000319480896;0.42000001668930054;0.23200000822544098
684776.0;-1.0520000457763672;0.5220000147819519;0.24900001287460327;51.0625;-8.0;5.0625;-2878.0;-523.0;1614.0;277.125;-60.625;-60.9375;-0.58984375;0.1624755859375;-0.595703125;-0.52044677734375;-0.1900000125169754;0.0690000057220459;-0.032999999821186066;-0.8540000319480896;0.42000001668930054;0.23200000822544098
684786.0;-1.0450000762939453;0.48900002241134644;0.1990000158548355;51.0625;-8.0;5.0625;-2939.0;-518.0;1475.0;275.1875;-59.75;-59.5;-0.58514404296875;0.1654052734375;-0.58734130859375;-0.5341796875;-0.19500000774860382;0.04800000041723251;-0.04200000315904617;-0.8470000624656677;0.42500001192092896;0.25
684796.0;-1.0420000553131104;0.4740000367164612;0.2070000171661377;51.0625;-8.0;5.0625;-2841.0;-544.0;1411.0;273.375;-58.8125;-58.125;-0.5806884765625;0.16717529296875;-0.579345703125;-0.5469970703125;-0.1990000158548355;0.032999999821186066;-0.024000000208616257;-0.8390000462532043;0.4310000240802765;0.2670000195503235
684806.0;-1.0380001068115234;0.46400001645088196;0.24300001561641693;51.0625;-8.0;5.0625;-2571.0;-613.0;1424.0;273.375;-58.8125;-58.125;-0.5806884765625;0.16717529296875;-0.579345703125;-0.5469970703125;-0.1990000158548355;0.032999999821186066;-0.024000000208616257;-0.8390000462532043;0.4310000240802765;0.2670000195503235
684811.0;-1.0460000038146973;0.47200003266334534;0.2750000059604645;49.0;-12.375;2.6875;-2131.0;-701.0;1470.0;271.8125;-57.8125;-57.0625;-0.57666015625;0.1671142578125;-0.572265625;-0.55859375;-0.2150000035762787;0.03400000184774399;-0.007000000216066837;-0.8300000429153442;0.43700000643730164;0.28300002217292786
684821.0;-1.0440000295639038;0.492000013589859;0.33900001645088196;49.0;-12.375;2.6875;-1597.0;-815.0;1513.0;270.4375;-56.8125;-56.25;-0.57318115234375;0.1650390625;-0.56640625;-0.56866455078125;-0.21400001645088196;0.055000003427267075;0.04700000211596489;-0.8100000619888306;0.45600003004074097;0.3110000193119049
684831.0;-1.0240000486373901;0.5110000371932983;0.3580000102519989;49.0;-12.375;2.6875;-1054.0;-933.0;1546.0;269.25;-55.6875;-55.6875;-0.568115234375;0.1549072265625;-0.55804443359375;-0.584716796875;-0.18900001049041748;0.0650000050663948;0.06400000303983688;-0.7990000247955322;0.46700000762939453;0.32200002670288086
684841.0;-0.9890000224113464;0.5320000052452087;0.38600000739097595;49.0;-12.375;2.6875;-626.0;-1017.0;1561.0;268.3125;-54.5625;-55.3125;-0.5660400390625;0.1480712890625;-0.55499267578125;-0.59130859375;-0.16600000858306885;0.06599999964237213;0.07800000160932541;-0.7870000600814819;0.4790000319480896;0.3330000042915344
684843.0;-0.9890000224113464;0.5320000052452087;0.38600000739097595;49.0;-12.375;2.6875;-626.0;-1017.0;1561.0;268.3125;-54.5625;-55.3125;-0.5660400390625;0.1480712890625;-0.55499267578125;-0.59130859375;-0.16600000858306885;0.06599999964237213;0.07800000160932541;-0.7870000600814819;0.4790000319480896;0.3330000042915344
684853.0;-0.9540000557899475;0.5450000166893005;0.41100001335144043;49.0;-12.375;2.6875;-362.0;-1060.0;1574.0;267.4375;-53.4375;-55.125;-0.5660400390625;0.1480712890625;-0.55499267578125;-0.59130859375;-0.16600000858306885;0.06599999964237213;0.07800000160932541;-0.7870000600814819;0.4790000319480896;0.3330000042915344
684863.0;-0.8990000486373901;0.5800000429153442;0.4300000071525574;48.1875;-17.1875;-0.5625;-264.0;-1086.0;1580.0;266.625;-52.25;-55.0;-0.5638427734375;0.14105224609375;-0.55206298828125;-0.59783935546875;-0.12400000542402267;0.08800000697374344;0.0860000029206276;-0.7750000357627869;0.4910000264644623;0.34300002455711365
684873.0;-0.8740000128746033;0.5920000076293945;0.45100003480911255;48.1875;-17.1875;-0.5625;-327.0;-1107.0;1574.0;265.8125;-51.125;-54.8125;-0.56182861328125;0.1339111328125;-0.54888916015625;-0.604248046875;-0.11100000888109207;0.08900000154972076;0.09600000083446503;-0.7500000596046448;0.5130000114440918;0.3660000264644623
684876.0;-0.8740000128746033;0.5920000076293945;0.45100003480911255;48.1875;-17.1875;-0.5625;-327.0;-1107.0;1574.0;265.8125;-51.125;-54.8125;-0.56182861328125;0.1339111328125;-0.54888916015625;-0.604248046875;-0.11100000888109207;0.08900000154972076;0.09600000083446503;-0.7500000596046448;0.5130000114440918;0.3660000264644623
684886.0;-0.8650000691413879;0.6110000014305115;0.46000000834465027;48.1875;-17.1875;-0.5625;-508.0;-1127.0;1576.0;264.9375;-49.9375;-54.5;-0.5596923828125;0.12725830078125;-0.54498291015625;-0.61114501953125;-0.12200000882148743;0.11900000274181366;0.13900001347064972;-0.737000048160553;0.5220000147819519;0.3790000081062317
684896.0;-0.8600000143051147;0.6420000195503235;0.5190000534057617;48.1875;-17.1875;-0.5625;-786.0;-1148.0;1557.0;264.0;-48.75;-54.0;-0.557373046875;0.12139892578125;-0.54010009765625;-0.6187744140625;-0.12200000882148743;0.11900000274181366;0.13900001347064972;-0.7240000367164612;0.5290000438690186;0.39500001072883606
684906.0;-0.8580000400543213;0.6540000438690186;0.550000011920929;48.1875;-17.1875;-0.5625;-1126.0;-1181.0;1518.0;263.0;-47.625;-53.25;-0.5550537109375;0.11651611328125;-0.53387451171875;-0.62713623046875;-0.13300000131130219;0.12400000542402267;0.1550000011920929;-0.7240000367164612;0.5290000438690186;0.39500001072883606
684911.0;-0.8740000128746033;0.6680000424385071;0.5680000185966492;46.0;-20.5;-3.5;-1468.0;-1239.0;1469.0;261.9375;-46.4375;-52.3125;-0.5526123046875;0.11260986328125;-0.5262451171875;-0.63641357421875;-0.16300000250339508;0.13300000131130219;0.15600000321865082;-0.7100000381469727;0.534000039100647;0.41200003027915955
684921.0;-0.8940000534057617;0.6740000247955322;0.5890000462532043;46.0;-20.5;-3.5;-1732.0;-1326.0;1448.0;260.8125;-45.25;-51.1875;-0.55035400390625;0.10919189453125;-0.517333984375;-0.64617919921875;-0.19700001180171967;0.13600000739097595;0.15600000321865082;-0.6960000395774841;0.5370000004768372;0.4320000112056732
684931.0;-0.9000000357627869;0.6730000376701355;0.5890000462532043;46.0;-20.5;-3.5;-1888.0;-1437.0;1452.0;259.6875;-44.0;-49.9375;-0.5482177734375;0.10577392578125;-0.50750732421875;-0.65631103515625;-0.21800000965595245;0.1340000033378601;0.13500000536441803;-0.6810000538825989;0.5390000343322754;0.453000009059906
684941.0;-0.8740000128746033;0.6770000457763672;0.5800000429153442;46.0;-20.5;-3.5;-1932.0;-1565.0;1475.0;258.625;-42.75;-48.625;-0.546142578125;0.10198974609375;-0.4970703125;-0.66656494140625;-0.20800000429153442;0.13700000941753387;0.10400000214576721;-0.6650000214576721;0.5400000214576721;0.4750000238418579
684944.0;-0.8740000128746033;0.6770000457763672;0.5800000429153442;46.0;-20.5;-3.5;-1932.0;-1565.0;1475.0;258.625;-42.75;-48.625;-0.546142578125;0.10198974609375;-0.4970703125;-0.66656494140625;-0.20800000429153442;0.13700000941753387;0.10400000214576721;-0.6650000214576721;0.5400000214576721;0.4750000238418579
684954.0;-0.8350000381469727;0.6830000281333923;0.5770000219345093;46.0;-20.5;-3.5;-1877.0;-1652.0;1492.0;257.5625;-41.375;-47.375;-0.54412841796875;0.09765625;-0.4864501953125;-0.67657470703125;-0.1860000044107437;0.1420000046491623;0.07900000363588333;-0.6480000019073486;0.5410000085830688;0.4970000088214874
684964.0;-0.8040000200271606;0.675000011920929;0.581000030040741;44.0;-24.5;-7.5625;-1722.0;-1713.0;1569.0;256.5625;-40.0;-46.25;-0.5418701171875;0.092529296875;-0.47607421875;-0.6864013671875;-0.1730000078678131;0.13300000131130219;0.06200000271201134;-0.6300000548362732;0.5420000553131104;0.5190000534057617
684974.0;-0.7970000505447388;0.6580000519752502;0.6020000576972961;44.0;-24.5;-7.5625;-1524.0;-1711.0;1680.0;255.5;-38.5625;-45.25;-0.53924560546875;0.08648681640625;-0.4664306640625;-0.69580078125;-0.1860000044107437;0.11300000548362732;0.06300000101327896;-0.6110000014305115;0.5450000166893005;0.5390000343322754
684978.0;-0.7970000505447388;0.6580000519752502;0.6020000576972961;44.0;-24.5;-7.5625;-1524.0;-1711.0;1680.0;255.5;-38.5625;-45.25;-0.53924560546875;0.08648681640625;-0.4664306640625;-0.69580078125;-0.1860000044107437;0.11300000548362732;0.06300000101327896;-0.6110000014305115;0.5450000166893005;0.5390000343322754
684988.0;-0.8160000443458557;0.675000011920929;0.6240000128746033;44.0;-24.5;-7.5625;-1308.0;-1712.0;1793.0;254.5;-37.0625;-44.5;-0.5362548828125;0.0794677734375;-0.45751953125;-0.704833984375;-0.22500000894069672;0.12600000202655792;0.06599999964237213;-0.5910000205039978;0.5480000376701355;0.5570000410079956
684998.0;-0.8250000476837158;0.6980000138282776;0.6530000567436218;44.0;-24.5;-7.5625;-1156.0;-1726.0;1908.0;253.4375;-35.5;-43.875;-0.53277587890625;0.07171630859375;-0.4490966796875;-0.71368408203125;-0.2550000250339508;0.14400000870227814;0.07800000160932541;-0.5690000057220459;0.5530000329017639;0.5750000476837158
685008.0;-0.8130000233650208;0.7440000176429749;0.6970000267028809;44.0;-24.5;-7.5625;-1106.0;-1764.0;2027.0;252.375;-33.875;-43.3125;-0.52886962890625;0.0633544921875;-0.440673828125;-0.72259521484375;-0.26600000262260437;0.1850000023841858;0.10500000417232513;-0.5460000038146973;0.5580000281333923;0.5910000205039978
685012.0;-0.8130000233650208;0.7440000176429749;0.6970000267028809;40.25;-26.75;-13.75;-1171.0;-1818.0;2158.0;251.1875;-32.1875;-42.75;-0.52423095703125;0.05474853515625;-0.4317626953125;-0.73193359375;-0.281000018119812;0.20400001108646393;0.10700000822544098;-0.5220000147819519;0.5630000233650208;0.609000027179718
685022.0;-0.8040000200271606;0.7670000195503235;0.7160000205039978;40.25;-26.75;-13.75;-1333.0;-1875.0;2300.0;249.9375;-30.375;-42.125;-0.5191650390625;0.04595947265625;-0.42205810546875;-0.74176025390625;-0.289000004529953;0.21000000834465027;0.10200000554323196;-0.4960000216960907;0.5670000314712524;0.6270000338554382
685032.0;-0.7620000243186951;0.7770000100135803;0.737000048160553;40.25;-26.75;-13.75;-1540.0;-1925.0;2427.0;248.625;-28.5625;-41.375;-0.51348876953125;0.0372314453125;-0.4112548828125;-0.752197265625;-0.29200002551078796;0.20800000429153442;0.09100000560283661;-0.4690000116825104;0.5690000057220459;0.6460000276565552
685042.0;-0.7080000042915344;0.7640000581741333;0.7770000100135803;40.25;-26.75;-13.75;-1741.0;-1975.0;2509.0;247.1875;-26.625;-40.5;-0.50738525390625;0.02862548828125;-0.3994140625;-0.76300048828125;-0.2680000066757202;0.19500000774860382;0.11100000888109207;-0.4400000274181366;0.5690000057220459;0.6660000085830688
685045.0;-0.7080000042915344;0.7640000581741333;0.7770000100135803;40.25;-26.75;-13.75;-1741.0;-1975.0;2509.0;247.1875;-26.625;-40.5;-0.50738525390625;0.02862548828125;-0.3994140625;-0.76300048828125;-0.2680000066757202;0.19500000774860382;0.11100000888109207;-0.4400000274181366;0.5690000057220459;0.6660000085830688
685055.0;-0.7080000042915344;0.7640000581741333;0.7770000100135803;40.25;-26.75;-13.75;-1891.0;-2028.0;2567.0;245.8125;-24.6875;-39.5;-0.50091552734375;0.0201416015625;-0.38665771484375;-0.7740478515625;-0.29200002551078796;0.19300000369548798;0.09800000488758087;-0.4100000262260437;0.5670000314712524;0.6860000491142273
685065.0;-0.7020000219345093;0.7600000500679016;0.784000039100647;34.375;-29.375;-18.875;-1965.0;-2085.0;2615.0;244.375;-22.75;-38.5;-0.49420166015625;0.011474609375;-0.373291015625;-0.7850341796875;-0.3110000193119049;0.18400001525878906;0.07300000637769699;-0.3790000081062317;0.5630000233650208;0.7070000171661377
685075.0;-0.690000057220459;0.7470000386238098;0.7800000309944153;34.375;-29.375;-18.875;-1966.0;-2125.0;2664.0;242.9375;-20.75;-37.5625;-0.48712158203125;0.00250244140625;-0.35968017578125;-0.79583740234375;-0.3020000159740448;0.17400000989437103;0.04000000283122063;-0.34700000286102295;0.5590000152587891;0.7260000109672546
685079.0;-0.690000057220459;0.7470000386238098;0.7800000309944153;34.375;-29.375;-18.875;-1966.0;-2125.0;2664.0;242.9375;-20.75;-37.5625;-0.48712158203125;0.00250244140625;-0.35968017578125;-0.79583740234375;-0.3020000159740448;0.17400000989437103;0.04000000283122063;-0.34700000286102295;0.5590000152587891;0.7260000109672546
685089.0;-0.6500000357627869;0.7330000400543213;0.7670000195503235;34.375;-29.375;-18.875;-1904.0;-2166.0;2728.0;241.4375;-18.6875;-36.5625;-0.4796142578125;-0.00689697265625;-0.3460693359375;-0.8062744140625;-0.23800000548362732;0.15700000524520874;0.04400000348687172;-0.3140000104904175;0.5530000329017639;0.7450000643730164
685099.0;-0.5520000457763672;0.7110000252723694;0.7900000214576721;34.375;-29.375;-18.875;-1786.0;-2206.0;2787.0;240.0;-16.625;-35.6875;-0.47174072265625;-0.016845703125;-0.33270263671875;-0.81634521484375;-0.23000000417232513;0.1600000113248825;0.0560000017285347;-0.2800000011920929;0.5480000376701355;0.7620000243186951
685109.0;-0.5110000371932983;0.7090000510215759;0.8190000653266907;34.375;-29.375;-18.875;-1630.0;-2243.0;2784.0;238.625;-14.5625;-34.875;-0.4637451171875;-0.02734375;-0.31976318359375;-0.8258056640625;-0.2240000069141388;0.1720000058412552;0.06700000166893005;-0.2460000067949295;0.5420000553131104;0.7780000567436218
685113.0;-0.4710000157356262;0.7140000462532043;0.8460000157356262;34.375;-29.375;-18.875;-1630.0;-2243.0;2784.0;238.625;-14.5625;-34.875;-0.4559326171875;-0.03826904296875;-0.30731201171875;-0.83441162109375;-0.22600001096725464;0.18200001120567322;0.08000000566244125;-0.2120000123977661;0.5370000004768372;0.7920000553131104
685123.0;-0.43800002336502075;0.7200000286102295;0.8730000257492065;27.0;-32.0625;-25.375;-1468.0;-2289.0;2708.0;237.25;-12.4375;-34.125;-0.4483642578125;-0.049560546875;-0.29522705078125;-0.84222412109375;-0.17600001394748688;0.1980000138282776;0.07400000095367432;-0.1770000010728836;0.531000018119812;0.8040000200271606
685133.0;-0.3540000021457672;0.7300000190734863;0.8790000677108765;27.0;-32.0625;-25.375;-1250.0;-2386.0;2510.0;234.875;-8.375;-32.6875;-0.441162109375;-0.06109619140625;-0.2833251953125;-0.849365234375;-0.17100000381469727;0.1980000138282776;0.05300000309944153;-0.14300000667572021;0.5240000486373901;0.815000057220459
685143.0;-0.3150000274181366;0.7230000495910645;0.8690000176429749;27.0;-32.0625;-25.375;-1180.0;-2434.0;2364.0;233.8125;-6.375;-32.0625;-0.43450927734375;-0.07281494140625;-0.27154541015625;-0.85565185546875;-0.17600001394748688;0.19600000977516174;0.04700000211596489;-0.10900000482797623;0.5170000195503235;0.8250000476837158
685147.0;-0.3150000274181366;0.7230000495910645;0.8690000176429749;27.0;-32.0625;-25.375;-1180.0;-2434.0;2364.0;233.8125;-6.375;-32.0625;-0.43450927734375;-0.07281494140625;-0.27154541015625;-0.85565185546875;-0.17600001394748688;0.19600000977516174;0.04700000211596489;-0.10900000482797623;0.5170000195503235;0.8250000476837158
685157.0;-0.2850000262260437;0.7140000462532043;0.8720000386238098;27.0;-32.0625;-25.375;-1180.0;-2434.0;2364.0;232.875;-4.375;-31.4375;-0.42828369140625;-0.0845947265625;-0.25982666015625;-0.861328125;-0.14000000059604645;0.18200001120567322;0.04100000113248825;-0.07500000298023224;0.5100000500679016;0.8340000510215759
685167.0;-0.2160000056028366;0.6920000314712524;0.8750000596046448;27.0;-32.0625;-25.375;-1130.0;-2472.0;2235.0;232.875;-4.375;-31.4375;-0.42828369140625;-0.0845947265625;-0.25982666015625;-0.861328125;-0.14000000059604645;0.18200001120567322;0.04100000113248825;-0.04100000113248825;0.5010000467300415;0.8410000205039978
685177.0;-0.1860000044107437;0.690000057220459;0.8890000581741333;19.1875;-33.25;-30.375;-1098.0;-2504.0;2162.0;231.9375;-2.4375;-30.75;-0.42230224609375;-0.096435546875;-0.2481689453125;-0.866455078125;-0.14400000870227814;0.18900001049041748;0.04700000211596489;-0.00800000037997961;0.492000013589859;0.8480000495910645
685181.0;-0.17100000381469727;0.687000036239624;0.8760000467300415;19.1875;-33.25;-30.375;-1105.0;-2533.0;2055.0;230.3125;1.375;-29.375;-0.41143798828125;-0.11944580078125;-0.22418212890625;-0.87530517578125;-0.17900000512599945;0.19300000369548798;-0.004000000189989805;0.024000000208616257;0.48100003600120544;0.8540000319480896
685191.0;-0.1550000011920929;0.675000011920929;0.8500000238418579;19.1875;-33.25;-30.375;-1208.0;-2491.0;1962.0;229.625;3.1875;-28.375;-0.4071044921875;-0.129150390625;-0.21051025390625;-0.87933349609375;-0.15400001406669617;0.15000000596046448;-0.01100000087171793;0.05400000140070915;0.4660000205039978;0.8610000610351562
685201.0;-0.10000000149011612;0.6160000562667847;0.8490000367164612;19.1875;-33.25;-30.375;-1582.0;-2401.0;1754.0;229.0625;4.875;-27.3125;-0.40313720703125;-0.137939453125;-0.19598388671875;-0.88323974609375;-0.14300000667572021;0.14600001275539398;-0.03700000047683716;0.08300000429153442;0.4480000138282776;0.8680000305175781
685211.0;-0.05900000408291817;0.5940000414848328;0.8300000429153442;19.1875;-33.25;-30.375;-1800.0;-2325.0;1670.0;229.0625;4.875;-27.3125;-0.40313720703125;-0.137939453125;-0.19598388671875;-0.88323974609375;-0.14300000667572021;0.14600001275539398;-0.03700000047683716;0.08300000429153442;0.4480000138282776;0.8680000305175781
685215.0;-0.05900000408291817;0.5940000414848328;0.8300000429153442;19.1875;-33.25;-30.375;-1800.0;-2325.0;1670.0;229.0625;4.875;-27.3125;-0.40313720703125;-0.137939453125;-0.19598388671875;-0.88323974609375;-0.14300000667572021;0.14600001275539398;-0.03700000047683716;0.08300000429153442;0.4480000138282776;0.8680000305175781
685225.0;-0.039000000804662704;0.5649999976158142;0.8300000429153442;11.0;-32.875;-34.5625;-1981.0;-2242.0;1559.0;228.5;6.5;-26.0625;-0.3995361328125;-0.145751953125;-0.18084716796875;-0.88677978515625;-0.1510000079870224;0.13700000941753387;-0.04400000348687172;0.11100000888109207;0.4280000329017639;0.8740000128746033
685235.0;-0.030000001192092896;0.5450000166893005;0.8340000510215759;11.0;-32.875;-34.5625;-2156.0;-2162.0;1448.0;228.0;8.0625;-24.75;-0.393798828125;-0.1588134765625;-0.1485595703125;-0.89306640625;-0.23900000751018524;0.13900001347064972;-0.0560000017285347;0.16300000250339508;0.38200002908706665;0.8870000243186951
685245.0;-0.07500000298023224;0.5220000147819519;0.831000030040741;11.0;-32.875;-34.5625;-2335.0;-2105.0;1327.0;227.5625;9.5625;-23.3125;-0.3917236328125;-0.164306640625;-0.1314697265625;-0.89569091796875;-0.2540000081062317;0.1469999998807907;-0.07000000029802322;0.18700000643730164;0.3570000231266022;0.893000066280365
685249.0;-0.07500000298023224;0.5220000147819519;0.831000030040741;11.0;-32.875;-34.5625;-2335.0;-2105.0;1327.0;227.5625;9.5625;-23.3125;-0.3917236328125;-0.164306640625;-0.1314697265625;-0.89569091796875;-0.2540000081062317;0.1469999998807907;-0.07000000029802322;0.18700000643730164;0.3570000231266022;0.893000066280365
685259.0;-0.06599999964237213;0.5040000081062317;0.8230000138282776;11.0;-32.875;-34.5625;-2496.0;-2060.0;1223.0;227.1875;11.0;-21.75;-0.3897705078125;-0.16912841796875;-0.1138916015625;-0.8980712890625;-0.2540000081062317;0.15300001204013824;-0.0860000029206276;0.21000000834465027;0.3290000259876251;0.8990000486373901
685269.0;-0.0430000014603138;0.4830000102519989;0.812000036239624;11.0;-32.875;-34.5625;-2617.0;-2001.0;1168.0;226.875;12.375;-20.125;-0.3897705078125;-0.16912841796875;-0.1138916015625;-0.8980712890625;-0.2540000081062317;0.15300001204013824;-0.0860000029206276;0.21000000834465027;0.3290000259876251;0.8990000486373901
685279.0;0.003000000026077032;0.43300002813339233;0.7900000214576721;3.1875;-29.1875;-38.25;-2684.0;-1938.0;1132.0;226.625;13.6875;-18.4375;-0.38787841796875;-0.1734619140625;-0.09619140625;-0.900146484375;-0.2290000170469284;0.13199999928474426;-0.1120000034570694;0.2330000102519989;0.30100002884864807;0.9030000567436218
685283.0;0.017000000923871994;0.406000018119812;0.7830000519752502;3.1875;-29.1875;-38.25;-2737.0;-1876.0;1086.0;226.3125;15.0;-16.6875;-0.3861083984375;-0.17724609375;-0.07830810546875;-0.90185546875;-0.2200000137090683;0.14100000262260437;-0.10900000482797623;0.27400001883506775;0.242000013589859;0.909000039100647
685293.0;0.05300000309944153;0.3840000033378601;0.7990000247955322;3.1875;-29.1875;-38.25;-2813.0;-1827.0;1031.0;226.0625;16.25;-14.9375;-0.384521484375;-0.18060302734375;-0.0601806640625;-0.90325927734375;-0.23900000751018524;0.1510000079870224;-0.09000000357627869;0.2930000126361847;0.2120000123977661;0.9110000729560852
685303.0;0.05400000140070915;0.3630000054836273;0.8210000395774841;3.1875;-29.1875;-38.25;-2930.0;-1759.0;911.0;225.9375;17.375;-13.0625;-0.38348388671875;-0.183349609375;-0.04180908203125;-0.9041748046875;-0.23900000751018524;0.1510000079870224;-0.09000000357627869;0.3110000193119049;0.17900000512599945;0.9120000600814819
685313.0;0.03800000250339508;0.2980000078678131;0.8130000233650208;3.1875;-29.1875;-38.25;-3072.0;-1683.0;806.0;225.875;18.5;-11.125;-0.3829345703125;-0.185302734375;-0.02294921875;-0.90472412109375;-0.27300000190734863;0.11800000816583633;-0.0990000069141388;0.3110000193119049;0.17900000512599945;0.9120000600814819
685323.0;0.04200000315904617;0.25600001215934753;0.8290000557899475;-2.5625;-24.5;-42.5;-3156.0;-1624.0;732.0;225.8125;19.5625;-9.125;-0.38262939453125;-0.18670654296875;-0.00384521484375;-0.90484619140625;-0.2850000262260437;0.10900000482797623;-0.0820000022649765;0.328000009059906;0.14600001275539398;0.9120000600814819
685333.0;0.04400000348687172;0.23100000619888306;0.8530000448226929;-2.5625;-24.5;-42.5;-3155.0;-1601.0;678.0;225.8125;20.5625;-7.125;-0.3824462890625;-0.18798828125;0.01513671875;-0.904541015625;-0.30000001192092896;0.11700000613927841;-0.05700000375509262;0.3440000116825104;0.11400000751018524;0.9100000262260437
685336.0;0.04400000348687172;0.23100000619888306;0.8530000448226929;-2.5625;-24.5;-42.5;-3155.0;-1601.0;678.0;225.8125;20.5625;-7.125;-0.3824462890625;-0.18798828125;0.01513671875;-0.904541015625;-0.30000001192092896;0.11700000613927841;-0.05700000375509262;0.3440000116825104;0.11400000751018524;0.9100000262260437
685346.0;0.04200000315904617;0.22700001299381256;0.8540000319480896;-2.5625;-24.5;-42.5;-3074.0;-1617.0;643.0;225.8125;21.5625;-5.125;-0.38226318359375;-0.18939208984375;0.03369140625;-0.90380859375;-0.31800001859664917;0.14500001072883606;-0.05300000309944153;0.36100003123283386;0.0820000022649765;0.9080000519752502
685356.0;0.055000003427267075;0.21800000965595245;0.8720000386238098;-2.5625;-24.5;-42.5;-2896.0;-1664.0;644.0;225.8125;22.625;-3.25;-0.3817138671875;-0.19134521484375;0.051513671875;-0.90277099609375;-0.32100000977516174;0.16600000858306885;-0.03100000135600567;0.37700000405311584;0.052000001072883606;0.9030000567436218
685366.0;0.05900000408291817;0.19300000369548798;0.8800000548362732;-2.5625;-24.5;-42.5;-2627.0;-1754.0;681.0;225.75;23.6875;-1.5;-0.38055419921875;-0.1942138671875;0.0682373046875;-0.90155029296875;-0.33400002121925354;0.16900001466274261;-0.017000000923871994;0.39400002360343933;0.024000000208616257;0.8970000147819519
685369.0;0.05900000408291817;0.19300000369548798;0.8800000548362732;-2.5625;-24.5;-42.5;-2627.0;-1754.0;681.0;225.75;23.6875;-1.5;-0.38055419921875;-0.1942138671875;0.0682373046875;-0.90155029296875;-0.33400002121925354;0.16900001466274261;-0.017000000923871994;0.39400002360343933;0.024000000208616257;0.8970000147819519
685379.0;0.052000001072883606;0.18000000715255737;0.8800000548362732;-6.75;-17.375;-45.375;-2273.0;-1873.0;750.0;225.5625;24.8125;0.0;-0.37847900390625;-0.19830322265625;0.08355712890625;-0.9002685546875;-0.359000027179718;0.18000000715255737;-0.009000000543892384;0.41200003027915955;0.0;0.8890000581741333
685389.0;0.06700000166893005;0.1770000010728836;0.8720000386238098;-6.75;-17.375;-45.375;-1878.0;-2012.0;854.0;225.3125;26.0;1.375;-0.37542724609375;-0.20367431640625;0.097412109375;-0.89892578125;-0.3630000054836273;0.1980000138282776;-0.00800000037997961;0.4300000071525574;-0.021000001579523087;0.8800000548362732
685399.0;0.10400000214576721;0.12200000882148743;0.8650000691413879;-6.75;-17.375;-45.375;-1478.0;-2165.0;972.0;224.9375;27.3125;2.625;-0.37127685546875;-0.21051025390625;0.1097412109375;-0.89764404296875;-0.3460000157356262;0.16200000047683716;-0.004000000189989805;0.45000001788139343;-0.039000000804662704;0.8700000643730164
685404.0;0.0950000062584877;0.10300000756978989;0.8710000514984131;-6.75;-17.375;-45.375;-1109.0;-2342.0;1082.0;224.375;28.6875;3.625;-0.365966796875;-0.21881103515625;0.12078857421875;-0.89642333984375;-0.3750000298023224;0.15900000929832458;0.012000000104308128;0.4710000157356262;-0.055000003427267075;0.8580000400543213
685414.0;0.10400000214576721;0.10200000554323196;0.8450000286102295;-6.75;-17.375;-45.375;-784.0;-2526.0;1209.0;223.75;30.1875;4.625;-0.3594970703125;-0.22845458984375;0.1307373046875;-0.895263671875;-0.3890000283718109;0.17000000178813934;0.0;0.4930000305175781;-0.06800000369548798;0.8440000414848328
685424.0;0.12600000202655792;0.09300000220537186;0.7590000629425049;-12.375;-11.875;-47.0625;-531.0;-2672.0;1349.0;222.8125;31.6875;5.5;-0.350830078125;-0.2392578125;0.1396484375;-0.89453125;-0.3890000283718109;0.17400000989437103;-0.07000000029802322;0.51500004529953;-0.08000000566244125;0.8300000429153442
685434.0;0.1380000114440918;0.08500000089406967;0.7100000381469727;-12.375;-11.875;-47.0625;-341.0;-2804.0;1465.0;221.875;33.3125;6.375;-0.34222412109375;-0.250732421875;0.14825439453125;-0.893310546875;-0.4000000059604645;0.1770000010728836;-0.10300000756978989;0.5380000472068787;-0.09100000560283661;0.8140000104904175
685438.0;0.1380000114440918;0.08500000089406967;0.7100000381469727;-12.375;-11.875;-47.0625;-341.0;-2804.0;1465.0;221.875;33.3125;6.375;-0.34222412109375;-0.250732421875;0.14825439453125;-0.893310546875;-0.4000000059604645;0.1770000010728836;-0.10300000756978989;0.5380000472068787;-0.09100000560283661;0.8140000104904175
685448.0;0.16700001060962677;0.08800000697374344;0.6540000438690186;-12.375;-11.875;-47.0625;-217.0;-2891.0;1620.0;220.875;34.9375;7.3125;-0.33251953125;-0.2626953125;0.15667724609375;-0.89208984375;-0.3930000066757202;0.19100001454353333;-0.1420000046491623;0.5610000491142273;-0.10200000554323196;0.7970000505447388
685458.0;0.1810000091791153;0.0990000069141388;0.6430000066757202;-12.375;-11.875;-47.0625;-162.0;-2966.0;1743.0;219.75;36.5625;8.3125;-0.322021484375;-0.27490234375;0.1650390625;-0.89080810546875;-0.4020000100135803;0.21300001442432404;-0.13500000536441803;0.5840000510215759;-0.11400000751018524;0.7790000438690186
685468.0;0.1810000091791153;0.0990000069141388;0.6430000066757202;-12.375;-11.875;-47.0625;-178.0;-3010.0;1834.0;218.5;38.1875;9.5;-0.31097412109375;-0.287109375;0.173583984375;-0.88922119140625;-0.3840000033378601;0.22100001573562622;-0.15300001204013824;0.6060000061988831;-0.12700000405311584;0.7590000629425049
685472.0;0.22200001776218414;0.09400000423192978;0.6060000061988831;-12.375;-11.875;-47.0625;-237.0;-3034.0;1903.0;217.25;39.8125;10.8125;-0.29962158203125;-0.29913330078125;0.18255615234375;-0.88739013671875;-0.39100003242492676;0.2150000035762787;-0.16100001335144043;0.6270000338554382;-0.14100000262260437;0.7390000224113464
685482.0;0.23600001633167267;0.07300000637769699;0.578000009059906;-18.5625;-8.875;-45.375;-282.0;-3043.0;1980.0;216.0;41.375;12.3125;-0.28778076171875;-0.31097412109375;0.1917724609375;-0.88525390625;-0.39100003242492676;0.20800000429153442;-0.16200000047683716;0.6480000019073486;-0.15700000524520874;0.718000054359436
685492.0;0.25600001215934753;0.05000000074505806;0.5560000538825989;-18.5625;-8.875;-45.375;-303.0;-3050.0;2051.0;214.625;42.875;14.0;-0.27557373046875;-0.3226318359375;0.201171875;-0.88287353515625;-0.38700002431869507;0.2070000171661377;-0.18300001323223114;0.6670000553131104;-0.1730000078678131;0.6970000267028809
685502.0;0.27900001406669617;0.032999999821186066;0.5130000114440918;-18.5625;-8.875;-45.375;-272.0;-3061.0;2093.0;213.25;44.3125;15.75;-0.262939453125;-0.334228515625;0.21038818359375;-0.8802490234375;-0.3700000047683716;0.1900000125169754;-0.2240000069141388;0.6850000619888306;-0.1900000125169754;0.6740000247955322
685505.0;0.27900001406669617;0.032999999821186066;0.5130000114440918;-18.5625;-8.875;-45.375;-272.0;-3061.0;2093.0;213.25;44.3125;15.75;-0.262939453125;-0.334228515625;0.21038818359375;-0.8802490234375;-0.3700000047683716;0.1900000125169754;-0.2240000069141388;0.6850000619888306;-0.1900000125169754;0.6740000247955322
685515.0;0.3150000274181366;0.0;0.45000001788139343;-18.5625;-8.875;-45.375;-204.0;-3062.0;2127.0;211.75;45.75;17.6875;-0.25;-0.34576416015625;0.21929931640625;-0.87744140625;-0.38200002908706665;0.19500000774860382;-0.2330000102519989;0.7020000219345093;-0.2070000171661377;0.6510000228881836
685525.0;0.320000022649765;-0.01100000087171793;0.4180000126361847;-18.5625;-8.875;-45.375;-204.0;-3062.0;2127.0;210.1875;47.0625;19.75;-0.23626708984375;-0.35699462890625;0.2281494140625;-0.87445068359375;-0.39500001072883606;0.20600001513957977;-0.23400001227855682;0.7170000076293945;-0.22500000894069672;0.628000020980835
685535.0;0.32200002670288086;-0.01900000125169754;0.39400002360343933;-26.375;-5.875;-42.375;-160.0;-3048.0;2251.0;210.1875;47.0625;19.75;-0.220947265625;-0.3671875;0.23809814453125;-0.87158203125;-0.35200002789497375;0.2670000195503235;-0.27300000190734863;0.7300000190734863;-0.24700000882148743;0.6050000190734863
685539.0;0.32200002670288086;-0.01900000125169754;0.39400002360343933;-26.375;-5.875;-42.375;-160.0;-3048.0;2251.0;210.1875;47.0625;19.75;-0.220947265625;-0.3671875;0.23809814453125;-0.87158203125;-0.35200002789497375;0.2670000195503235;-0.27300000190734863;0.7300000190734863;-0.24700000882148743;0.6050000190734863
685549.0;0.37800002098083496;0.01900000125169754;0.33100003004074097;-26.375;-5.875;-42.375;-517.0;-2924.0;2708.0;206.625;49.125;25.0625;-0.20574951171875;-0.3765869140625;0.24908447265625;-0.86822509765625;-0.31300002336502075;0.24400001764297485;-0.2770000100135803;0.7410000562667847;-0.2720000147819519;0.5800000429153442
685559.0;0.4280000329017639;-0.027000000700354576;0.30300000309944153;-26.375;-5.875;-42.375;-668.0;-2842.0;2535.0;205.0;50.0;28.0;-0.19171142578125;-0.38543701171875;0.26019287109375;-0.8642578125;-0.3540000021457672;0.22800001502037048;-0.26500001549720764;0.7510000467300415;-0.29600000381469727;0.5560000538825989
685569.0;0.3970000147819519;-0.06800000369548798;0.29100000858306885;-26.375;-5.875;-42.375;-726.0;-2754.0;2581.0;203.3125;50.625;31.0625;-0.17755126953125;-0.3936767578125;0.271484375;-0.860107421875;-0.4100000262260437;0.21400001645088196;-0.2600000202655792;0.7580000162124634;-0.320000022649765;0.5320000052452087
685573.0;0.34800001978874207;-0.10600000619888306;0.2720000147819519;-26.375;-5.875;-42.375;-726.0;-2754.0;2581.0;203.3125;50.625;31.0625;-0.17755126953125;-0.3936767578125;0.271484375;-0.860107421875;-0.4100000262260437;0.21400001645088196;-0.2600000202655792;0.7580000162124634;-0.320000022649765;0.5320000052452087
685583.0;0.3500000238418579;-0.17000000178813934;0.22100001573562622;-33.5;-2.25;-39.1875;-683.0;-2740.0;2620.0;201.5625;51.1875;34.25;-0.16314697265625;-0.401611328125;0.2825927734375;-0.855712890625;-0.4140000343322754;0.17500001192092896;-0.2850000262260437;0.7680000066757202;-0.3700000047683716;0.4830000102519989
685593.0;0.3720000088214874;-0.1810000091791153;0.19200000166893005;-33.5;-2.25;-39.1875;-642.0;-2727.0;2627.0;197.9375;51.8125;40.6875;-0.13372802734375;-0.416748046875;0.30389404296875;-0.84619140625;-0.39100003242492676;0.19600000977516174;-0.2970000207424164;0.7710000276565552;-0.39500001072883606;0.4580000340938568
685603.0;0.3790000081062317;-0.1980000138282776;0.16100001335144043;-33.5;-2.25;-39.1875;-619.0;-2689.0;2663.0;196.0;51.9375;44.0;-0.11865234375;-0.42376708984375;0.31439208984375;-0.84112548828125;-0.39100003242492676;0.20600001513957977;-0.27800002694129944;0.7720000147819519;-0.42000001668930054;0.43400001525878906
685607.0;0.3790000081062317;-0.1980000138282776;0.16100001335144043;-33.5;-2.25;-39.1875;-619.0;-2689.0;2663.0;196.0;51.9375;44.0;-0.11865234375;-0.42376708984375;0.31439208984375;-0.84112548828125;-0.39100003242492676;0.20600001513957977;-0.27800002694129944;0.7720000147819519;-0.42000001668930054;0.43400001525878906
685617.0;0.3800000250339508;-0.21300001442432404;0.1550000011920929;-33.5;-2.25;-39.1875;-606.0;-2646.0;2710.0;194.0625;51.8125;47.25;-0.1033935546875;-0.43035888671875;0.32476806640625;-0.83587646484375;-0.39400002360343933;0.1940000057220459;-0.2639999985694885;0.7710000276565552;-0.445000022649765;0.4100000262260437
685627.0;0.3760000169277191;-0.25;0.14500001072883606;-33.5;-2.25;-39.1875;-588.0;-2622.0;2753.0;194.0625;51.8125;47.25;-0.1033935546875;-0.43035888671875;0.32476806640625;-0.83587646484375;-0.39400002360343933;0.1940000057220459;-0.2639999985694885;0.7710000276565552;-0.445000022649765;0.4100000262260437
685637.0;0.39900001883506775;-0.2840000092983246;0.13700000941753387;-37.75;3.6875;-34.0625;-587.0;-2612.0;2769.0;192.0625;51.625;50.5625;-0.0880126953125;-0.43670654296875;0.3349609375;-0.83026123046875;-0.36900001764297485;0.1850000023841858;-0.24900001287460327;0.7680000066757202;-0.4700000286102295;0.38600000739097595
685641.0;0.4240000247955322;-0.31700000166893005;0.12200000882148743;-37.75;3.6875;-34.0625;-611.0;-2616.0;2766.0;190.0625;51.25;53.75;-0.05755615234375;-0.44891357421875;0.35540771484375;-0.81781005859375;-0.32100000977516174;0.17000000178813934;-0.25200000405311584;0.7600000500679016;-0.5190000534057617;0.3370000123977661
685651.0;0.43800002336502075;-0.34800001978874207;0.08500000089406967;-37.75;3.6875;-34.0625;-667.0;-2601.0;2738.0;188.0;50.8125;56.9375;-0.04278564453125;-0.45458984375;0.36572265625;-0.81103515625;-0.30000001192092896;0.14500001072883606;-0.26100000739097595;0.753000020980835;-0.5430000424385071;0.31300002336502075
685661.0;0.453000009059906;-0.3970000147819519;0.05100000277161598;-37.75;3.6875;-34.0625;-737.0;-2567.0;2705.0;186.0;50.1875;60.0625;-0.02838134765625;-0.4599609375;0.37603759765625;-0.80389404296875;-0.28600001335144043;0.1420000046491623;-0.24900001287460327;0.7460000514984131;-0.5670000314712524;0.2880000174045563
685671.0;0.45900002121925354;-0.42500001192092896;0.03800000250339508;-37.75;3.6875;-34.0625;-796.0;-2526.0;2670.0;184.0;49.5;63.0;-0.02838134765625;-0.4599609375;0.37603759765625;-0.80389404296875;-0.28600001335144043;0.1420000046491623;-0.24900001287460327;0.7460000514984131;-0.5670000314712524;0.2880000174045563
685674.0;0.45900002121925354;-0.42500001192092896;0.03800000250339508;-37.75;3.6875;-34.0625;-796.0;-2526.0;2670.0;184.0;49.5;63.0;-0.02838134765625;-0.4599609375;0.37603759765625;-0.80389404296875;-0.28600001335144043;0.1420000046491623;-0.24900001287460327;0.7460000514984131;-0.5670000314712524;0.2880000174045563
685684.0;0.4650000333786011;-0.45500001311302185;0.009000000543892384;-41.0;10.0;-29.5625;-831.0;-2491.0;2638.0;182.0;48.6875;65.875;-0.01422119140625;-0.465087890625;0.38629150390625;-0.79638671875;-0.2720000147819519;0.1340000033378601;-0.2540000081062317;0.737000048160553;-0.5900000333786011;0.2630000114440918
685694.0;0.4690000116825104;-0.5250000357627869;-0.06300000101327896;-41.0;10.0;-29.5625;-830.0;-2465.0;2597.0;180.0;47.875;68.625;-0.0003662109375;-0.47003173828125;0.396240234375;-0.7886962890625;-0.242000013589859;0.08000000566244125;-0.3410000205039978;0.7160000205039978;-0.6340000033378601;0.2150000035762787
685704.0;0.47300001978874207;-0.5540000200271606;-0.125;-41.0;10.0;-29.5625;-805.0;-2433.0;2552.0;178.0;46.875;71.1875;0.01336669921875;-0.4747314453125;0.4058837890625;-0.78082275390625;-0.20800000429153442;0.049000002443790436;-0.40300002694129944;0.7040000557899475;-0.6540000438690186;0.19200000166893005
685708.0;0.47300001978874207;-0.5540000200271606;-0.125;-41.0;10.0;-29.5625;-805.0;-2433.0;2552.0;178.0;46.875;71.1875;0.01336669921875;-0.4747314453125;0.4058837890625;-0.78082275390625;-0.20800000429153442;0.049000002443790436;-0.40300002694129944;0.7040000557899475;-0.6540000438690186;0.19200000166893005
685718.0;0.49500003457069397;-0.6050000190734863;-0.2110000103712082;-41.0;10.0;-29.5625;-807.0;-2388.0;2491.0;176.0;45.875;73.625;0.0267333984375;-0.47918701171875;0.41522216796875;-0.7728271484375;-0.20800000429153442;0.049000002443790436;-0.40300002694129944;0.6920000314712524;-0.6740000247955322;0.16700001060962677
685728.0;0.5520000457763672;-0.6620000600814819;-0.25300002098083496;-41.0;10.0;-29.5625;-1033.0;-2301.0;2384.0;174.125;44.875;76.0;0.03887939453125;-0.48345947265625;0.425048828125;-0.7642822265625;-0.13900001347064972;0.01100000087171793;-0.42100003361701965;0.6920000314712524;-0.6740000247955322;0.16700001060962677
685738.0;0.64000004529953;-0.687000036239624;-0.21900001168251038;-42.375;17.875;-21.6875;-1478.0;-2147.0;2301.0;172.5;43.8125;78.4375;0.0491943359375;-0.4871826171875;0.43634033203125;-0.7548828125;-0.03800000250339508;0.005000000353902578;-0.36000001430511475;0.6790000200271606;-0.6930000185966492;0.14100000262260437
685742.0;0.6210000514984131;-0.6630000472068787;-0.2330000102519989;-42.375;17.875;-21.6875;-1974.0;-1952.0;2232.0;171.125;42.6875;80.9375;0.0574951171875;-0.490234375;0.44940185546875;-0.74456787109375;-0.0430000014603138;0.04700000211596489;-0.3460000157356262;0.6650000214576721;-0.7110000252723694;0.11300000548362732
685752.0;0.6060000061988831;-0.656000018119812;-0.2540000081062317;-42.375;17.875;-21.6875;-2388.0;-1743.0;2164.0;170.0;41.5;83.5;0.06396484375;-0.4925537109375;0.4637451171875;-0.733642578125;-0.04400000348687172;0.07200000435113907;-0.3370000123977661;0.6500000357627869;-0.7290000319480896;0.0820000022649765
685762.0;0.5830000042915344;-0.6510000228881836;-0.27000001072883606;-42.375;17.875;-21.6875;-2644.0;-1571.0;2110.0;169.0625;40.3125;86.0;0.069091796875;-0.4942626953125;0.4788818359375;-0.72222900390625;-0.052000001072883606;0.09400000423192978;-0.32100000977516174;0.6350000500679016;-0.7450000643730164;0.05100000277161598
685772.0;0.48900002241134644;-0.6410000324249268;-0.27900001406669617;-42.375;17.875;-21.6875;-2745.0;-1439.0;2017.0;168.1875;39.1875;88.4375;0.0732421875;-0.49560546875;0.49395751953125;-0.71063232421875;-0.1300000101327896;0.11800000816583633;-0.2990000247955322;0.6190000176429749;-0.7590000629425049;0.020000001415610313
685776.0;0.48900002241134644;-0.6410000324249268;-0.27900001406669617;-42.375;17.875;-21.6875;-2745.0;-1439.0;2017.0;168.1875;39.1875;88.4375;0.0732421875;-0.49560546875;0.49395751953125;-0.71063232421875;-0.1300000101327896;0.11800000816583633;-0.2990000247955322;0.6190000176429749;-0.7590000629425049;0.020000001415610313
685786.0;0.4440000355243683;-0.6680000424385071;-0.29200002551078796;-42.0;23.375;-17.5625;-2622.0;-1344.0;1940.0;167.375;38.0;90.6875;0.0771484375;-0.49652099609375;0.50830078125;-0.69940185546875;-0.15900000929832458;0.10300000756978989;-0.28200000524520874;0.6040000319480896;-0.7720000147819519;-0.009000000543892384
685796.0;0.4190000295639038;-0.718000054359436;-0.30800002813339233;-42.0;23.375;-17.5625;-2246.0;-1336.0;1903.0;166.4375;36.8125;92.625;0.0819091796875;-0.4971923828125;0.52093505859375;-0.68902587890625;-0.1680000126361847;0.0650000050663948;-0.2720000147819519;0.5879999995231628;-0.7830000519752502;-0.036000002175569534
685806.0;0.37700000405311584;-0.796000063419342;-0.30300000309944153;-42.0;23.375;-17.5625;-1681.0;-1395.0;1894.0;165.1875;35.625;94.1875;0.08819580078125;-0.4976806640625;0.5313720703125;-0.6798095703125;-0.1940000057220459;-0.0020000000949949026;-0.24400001764297485;0.5710000395774841;-0.7940000295639038;-0.058000002056360245
685811.0;0.33400002121925354;-0.8400000333786011;-0.32200002670288086;-42.0;23.375;-17.5625;-1058.0;-1473.0;1840.0;163.6875;34.4375;95.4375;0.09613037109375;-0.498291015625;0.53924560546875;-0.67205810546875;-0.22100001573562622;-0.03500000014901161;-0.2460000067949295;0.5550000071525574;-0.8040000200271606;-0.07600000500679016
685821.0;0.3160000145435333;-0.8800000548362732;-0.3450000286102295;-42.0;23.375;-17.5625;-516.0;-1557.0;1654.0;162.0;33.375;96.3125;0.1051025390625;-0.49932861328125;0.54461669921875;-0.66558837890625;-0.22300000488758087;-0.06599999964237213;-0.2550000250339508;0.5390000343322754;-0.8130000233650208;-0.09000000357627869
685831.0;0.289000004529953;-0.940000057220459;-0.3630000054836273;-40.75;30.875;-10.0625;-152.0;-1605.0;1558.0;160.25;32.3125;96.9375;0.11474609375;-0.50054931640625;0.54833984375;-0.6600341796875;-0.23400001227855682;-0.11800000816583633;-0.26200002431869507;0.5240000486373901;-0.8220000267028809;-0.10000000149011612
685841.0;0.2939999997615814;-0.8650000691413879;-0.30800002813339233;-40.75;30.875;-10.0625;-60.0;-1650.0;1571.0;158.375;31.25;97.5;0.12481689453125;-0.501708984375;0.5516357421875;-0.65447998046875;-0.21400001645088196;-0.03400000184774399;-0.1980000138282776;0.5080000162124634;-0.8300000429153442;-0.10900000482797623
685844.0;0.2939999997615814;-0.8650000691413879;-0.30800002813339233;-40.75;30.875;-10.0625;-60.0;-1650.0;1571.0;158.375;31.25;97.5;0.12481689453125;-0.501708984375;0.5516357421875;-0.65447998046875;-0.21400001645088196;-0.03400000184774399;-0.1980000138282776;0.5080000162124634;-0.8300000429153442;-0.10900000482797623
685854.0;0.2590000033378601;-0.9240000247955322;-0.29600000381469727;-40.75;30.875;-10.0625;124.0;-1618.0;1159.0;156.6875;30.4375;97.9375;0.1339111328125;-0.50384521484375;0.55322265625;-0.6497802734375;-0.2370000183582306;-0.0860000029206276;-0.17900000512599945;0.4960000216960907;-0.8370000123977661;-0.11700000613927841
685864.0;0.17500001192092896;-0.9160000681877136;-0.28200000524520874;-40.75;30.875;-10.0625;327.0;-1604.0;924.0;155.0625;29.6875;98.25;0.142578125;-0.50640869140625;0.5533447265625;-0.645751953125;-0.3110000193119049;-0.07300000637769699;-0.15900000929832458;0.48600003123283386;-0.8420000672340393;-0.12200000882148743
685874.0;0.17500001192092896;-0.9160000681877136;-0.28200000524520874;-40.75;30.875;-10.0625;446.0;-1616.0;921.0;153.375;29.0;98.5;0.15167236328125;-0.50885009765625;0.55303955078125;-0.64202880859375;-0.34800001978874207;-0.04000000283122063;-0.15700000524520874;0.47600001096725464;-0.8470000624656677;-0.12700000405311584
685875.0;0.17500001192092896;-0.9160000681877136;-0.28200000524520874;-40.75;30.875;-10.0625;446.0;-1616.0;921.0;153.375;29.0;98.5;0.15167236328125;-0.50885009765625;0.55303955078125;-0.64202880859375;-0.34800001978874207;-0.04000000283122063;-0.15700000524520874;0.47600001096725464;-0.8470000624656677;-0.12700000405311584
685885.0;0.12800000607967377;-0.8880000710487366;-0.2840000092983246;-37.0625;33.6875;-7.5625;494.0;-1633.0;993.0;151.625;28.25;98.6875;0.1611328125;-0.51104736328125;0.552734375;-0.63824462890625;-0.36500000953674316;-0.004000000189989805;-0.11000000685453415;0.4650000333786011;-0.8530000448226929;-0.1300000101327896
685895.0;0.0990000069141388;-0.8570000529289246;-0.2410000115633011;-37.0625;33.6875;-7.5625;489.0;-1624.0;1114.0;149.8125;27.4375;98.875;0.1708984375;-0.5128173828125;0.55267333984375;-0.63433837890625;-0.37700000405311584;0.006000000052154064;-0.10200000554323196;0.4520000219345093;-0.859000027179718;-0.1340000033378601
685905.0;0.07500000298023224;-0.8530000448226929;-0.23600001633167267;-37.0625;33.6875;-7.5625;452.0;-1599.0;1213.0;147.9375;26.5625;99.0;0.18084716796875;-0.51422119140625;0.552978515625;-0.63018798828125;-0.37800002098083496;-0.003000000026077032;-0.1290000081062317;0.4390000104904175;-0.8650000691413879;-0.13700000941753387
685915.0;0.06100000441074371;-0.8690000176429749;-0.2670000195503235;-37.0625;33.6875;-7.5625;410.0;-1575.0;1202.0;146.125;25.6875;99.1875;0.1905517578125;-0.5155029296875;0.5533447265625;-0.62591552734375;-0.3540000021457672;-0.0430000014603138;-0.14100000262260437;0.42600002884864807;-0.8710000514984131;-0.14100000262260437
685922.0;0.07100000232458115;-0.9150000214576721;-0.28200000524520874;-37.0625;33.6875;-7.5625;386.0;-1547.0;1137.0;144.3125;24.875;99.3125;0.19989013671875;-0.51690673828125;0.55352783203125;-0.62164306640625;-0.3320000171661377;-0.1210000067949295;-0.14600001275539398;0.4130000174045563;-0.8770000338554382;-0.14400000870227814
685932.0;0.08100000023841858;-0.9980000257492065;-0.2900000214576721;-37.0625;33.6875;-7.5625;386.0;-1547.0;1137.0;144.3125;24.875;99.3125;0.208740234375;-0.5185546875;0.5533447265625;-0.61749267578125;-0.328000009059906;-0.1469999998807907;-0.1550000011920929;0.4010000228881836;-0.8820000290870667;-0.1469999998807907
685942.0;0.07200000435113907;-1.03000009059906;-0.3020000159740448;-35.1875;35.875;-4.6875;392.0;-1536.0;1009.0;142.625;24.125;99.4375;0.208740234375;-0.5185546875;0.5533447265625;-0.61749267578125;-0.31300002336502075;-0.1770000010728836;-0.16300000250339508;0.39000001549720764;-0.8860000371932983;-0.14900000393390656
685952.0;0.07700000703334808;-1.0640000104904175;-0.31300002336502075;-35.1875;35.875;-4.6875;360.0;-1453.0;793.0;139.4375;22.8125;99.6875;0.2249755859375;-0.5224609375;0.552001953125;-0.60968017578125;-0.2980000078678131;-0.20100000500679016;-0.14500001072883606;0.38100001215934753;-0.89000004529953;-0.15200001001358032
685962.0;0.0820000022649765;-1.0920000076293945;-0.2970000207424164;-35.1875;35.875;-4.6875;228.0;-1361.0;741.0;138.0625;22.25;99.8125;0.23193359375;-0.52435302734375;0.55169677734375;-0.605712890625;-0.3110000193119049;-0.2150000035762787;-0.12600000202655792;0.3710000216960907;-0.893000066280365;-0.1550000011920929
685972.0;0.06000000238418579;-1.1090000867843628;-0.28200000524520874;-35.1875;35.875;-4.6875;91.0;-1272.0;685.0;136.8125;21.6875;100.0625;0.23809814453125;-0.52630615234375;0.5517578125;-0.6015625;-0.3050000071525574;-0.23200000822544098;-0.11500000208616257;0.3630000054836273;-0.8960000276565552;-0.15900000929832458
685981.0;0.058000002056360245;-1.1290000677108765;-0.2750000059604645;-35.1875;35.875;-4.6875;91.0;-1272.0;685.0;136.8125;21.6875;100.0625;0.23809814453125;-0.52630615234375;0.5517578125;-0.6015625;-0.3050000071525574;-0.23200000822544098;-0.11500000208616257;0.35500001907348633;-0.8990000486373901;-0.164000004529953
685991.0;0.05300000309944153;-1.1350001096725464;-0.28600001335144043;-34.0;37.5;-3.0;13.0;-1186.0;644.0;135.625;21.1875;100.3125;0.24359130859375;-0.5281982421875;0.552001953125;-0.59747314453125;-0.30100002884864807;-0.23600001633167267;-0.12200000882148743;0.34700000286102295;-0.9010000228881836;-0.1680000126361847
686001.0;0.0650000050663948;-1.1450001001358032;-0.33900001645088196;-34.0;37.5;-3.0;-21.0;-1113.0;629.0;133.375;20.1875;100.75;0.25384521484375;-0.53125;0.55279541015625;-0.5897216796875;-0.26900002360343933;-0.23900000751018524;-0.16200000047683716;0.33900001645088196;-0.9030000567436218;-0.1720000058412552
686011.0;0.07000000029802322;-1.1430000066757202;-0.33500000834465027;-34.0;37.5;-3.0;-4.0;-1038.0;646.0;132.3125;19.6875;100.875;0.2589111328125;-0.53216552734375;0.55303955078125;-0.58642578125;-0.2750000059604645;-0.23500001430511475;-0.1600000113248825;0.33100003004074097;-0.906000018119812;-0.17400000989437103
686021.0;0.055000003427267075;-1.1420000791549683;-0.33500000834465027;-34.0;37.5;-3.0;89.0;-959.0;659.0;131.25;19.25;100.875;0.26416015625;-0.5328369140625;0.552734375;-0.58380126953125;-0.2970000207424164;-0.23600001633167267;-0.15300001204013824;0.3230000138282776;-0.9080000519752502;-0.17500001192092896
686027.0;0.055000003427267075;-1.1420000791549683;-0.33500000834465027;-34.0;37.5;-3.0;89.0;-959.0;659.0;131.25;19.25;100.875;0.26416015625;-0.5328369140625;0.552734375;-0.58380126953125;-0.2970000207424164;-0.23600001633167267;-0.15300001204013824;0.3230000138282776;-0.9080000519752502;-0.17500001192092896
686037.0;0.026000000536441803;-1.1450001001358032;-0.328000009059906;-34.0;37.5;-3.0;249.0;-901.0;608.0;131.25;19.25;100.875;0.26416015625;-0.5328369140625;0.552734375;-0.58380126953125;-0.2970000207424164;-0.23600001633167267;-0.15300001204013824;0.3230000138282776;-0.9080000519752502;-0.17500001192092896
686047.0;0.013000000268220901;-1.1260000467300415;-0.31200000643730164;-31.375;38.25;1.0625;416.0;-877.0;532.0;130.25;18.8125;100.8125;0.26953125;-0.53338623046875;0.5517578125;-0.581787109375;-0.30300000309944153;-0.2150000035762787;-0.1380000114440918;0.3160000145435333;-0.9110000729560852;-0.17400000989437103
686057.0;0.013000000268220901;-1.1050000190734863;-0.31200000643730164;-31.375;38.25;1.0625;513.0;-887.0;441.0;129.25;18.4375;100.625;0.27972412109375;-0.53509521484375;0.54840087890625;-0.5784912109375;-0.27300000190734863;-0.17400000989437103;-0.14000000059604645;0.3060000240802765;-0.9150000214576721;-0.17000000178813934
686067.0;0.03200000151991844;-1.090000033378601;-0.3110000193119049;-31.375;38.25;1.0625;455.0;-871.0;327.0;128.375;18.1875;100.5625;0.2835693359375;-0.53656005859375;0.546875;-0.57666015625;-0.27000001072883606;-0.203000009059906;-0.15200001001358032;0.3020000159740448;-0.9170000553131104;-0.17000000178813934
686071.0;0.03100000135600567;-1.1200000047683716;-0.3230000138282776;-31.375;38.25;1.0625;286.0;-823.0;213.0;127.625;17.9375;100.5;0.2864990234375;-0.5384521484375;0.545654296875;-0.57470703125;-0.27000001072883606;-0.21900001168251038;-0.17400000989437103;0.30000001192092896;-0.9170000553131104;-0.17100000381469727
686081.0;0.029000001028180122;-1.1370000839233398;-0.3460000157356262;-31.375;38.25;1.0625;135.0;-778.0;109.0;127.0;17.8125;100.5625;0.2864990234375;-0.5384521484375;0.545654296875;-0.57470703125;-0.27000001072883606;-0.21900001168251038;-0.17400000989437103;0.30000001192092896;-0.9170000553131104;-0.17100000381469727
686091.0;0.02800000086426735;-1.13100004196167;-0.38700002431869507;-29.875;40.0625;1.1875;36.0;-734.0;25.0;126.4375;17.6875;100.6875;0.288818359375;-0.54052734375;0.54449462890625;-0.57269287109375;-0.27000001072883606;-0.21300001442432404;-0.21300001442432404;0.2980000078678131;-0.9170000553131104;-0.1730000078678131
686101.0;0.02200000174343586;-1.124000072479248;-0.4520000219345093;-29.875;40.0625;1.1875;-23.0;-675.0;-59.0;126.0;17.6875;100.8125;0.29052734375;-0.54278564453125;0.5433349609375;-0.57080078125;-0.2720000147819519;-0.26900002360343933;-0.43700000643730164;0.2980000078678131;-0.9170000553131104;-0.17800000309944153
686105.0;0.02200000174343586;-1.124000072479248;-0.4520000219345093;-29.875;40.0625;1.1875;-23.0;-675.0;-59.0;126.0;17.6875;100.8125;0.29052734375;-0.54278564453125;0.5433349609375;-0.57080078125;-0.2720000147819519;-0.26900002360343933;-0.43700000643730164;0.2980000078678131;-0.9170000553131104;-0.17800000309944153
686115.0;0.026000000536441803;-1.186000108718872;-0.6160000562667847;-29.875;40.0625;1.1875;-32.0;-590.0;-143.0;125.6875;17.6875;101.0;0.29168701171875;-0.5450439453125;0.5421142578125;-0.5692138671875;-0.2930000126361847;-0.31200000643730164;-0.5220000147819519;0.2990000247955322;-0.9160000681877136;-0.17900000512599945
686125.0;0.006000000052154064;-1.2280000448226929;-0.7020000219345093;-29.875;40.0625;1.1875;9.0;-470.0;-227.0;125.5;17.75;101.0625;0.2923583984375;-0.54705810546875;0.540771484375;-0.56817626953125;-0.2930000126361847;-0.31200000643730164;-0.5220000147819519;0.3020000159740448;-0.9150000214576721;-0.17900000512599945
686135.0;-0.007000000216066837;-1.2640000581741333;-0.7990000247955322;-29.875;40.0625;1.1875;110.0;-333.0;-340.0;125.4375;17.9375;101.0625;0.2926025390625;-0.54888916015625;0.53887939453125;-0.56805419921875;-0.3100000023841858;-0.34800001978874207;-0.6190000176429749;0.3020000159740448;-0.9150000214576721;-0.17900000512599945
686139.0;-0.007000000216066837;-1.2640000581741333;-0.7990000247955322;-29.875;40.0625;1.1875;110.0;-333.0;-340.0;125.4375;17.9375;101.0625;0.2926025390625;-0.54888916015625;0.53887939453125;-0.56805419921875;-0.3100000023841858;-0.34800001978874207;-0.6190000176429749;0.3020000159740448;-0.9150000214576721;-0.17900000512599945
686149.0;-0.005000000353902578;-1.3020000457763672;-0.89000004529953;-31.0;39.6875;0.75;212.0;-145.0;-493.0;125.625;18.1875;101.0;0.2921142578125;-0.55035400390625;0.53662109375;-0.56903076171875;-0.31200000643730164;-0.3880000114440918;-0.7120000123977661;0.3060000240802765;-0.9140000343322754;-0.17800000309944153
686159.0;-0.02800000086426735;-1.3870000839233398;-1.0760000944137573;-31.0;39.6875;0.75;214.0;120.0;-662.0;126.0625;18.625;100.875;0.2904052734375;-0.55157470703125;0.53424072265625;-0.57098388671875;-0.3410000205039978;-0.4750000238418579;-0.9000000357627869;0.31300002336502075;-0.9120000600814819;-0.17500001192092896
686169.0;-0.05700000375509262;-1.4380000829696655;-1.1740000247955322;-31.0;39.6875;0.75;62.0;478.0;-861.0;126.875;19.1875;100.75;0.28668212890625;-0.55242919921875;0.5322265625;-0.5738525390625;-0.3800000250339508;-0.527999997138977;-1.0;0.32200002670288086;-0.909000039100647;-0.1730000078678131
686179.0;-0.09000000357627869;-1.4690001010894775;-1.2190001010894775;-31.0;39.6875;0.75;-179.0;938.0;-1047.0;128.1875;19.875;100.75;0.28033447265625;-0.55279541015625;0.5311279296875;-0.57769775390625;-0.42500001192092896;-0.5630000233650208;-1.0470000505447388;0.33400002121925354;-0.9050000309944153;-0.1720000058412552
686189.0;-0.1550000011920929;-1.4570000171661377;-1.2390000820159912;-31.0;39.6875;0.75;-416.0;1450.0;-1251.0;130.0625;20.8125;100.6875;0.27117919921875;-0.552490234375;0.5308837890625;-0.58258056640625;-0.5040000081062317;-0.5570000410079956;-1.068000078201294;0.34800001978874207;-0.9000000357627869;-0.17000000178813934
686191.0;-0.27300000190734863;-1.343000054359436;-1.2650001049041748;-31.6875;39.0;2.0625;-585.0;1996.0;-1478.0;132.4375;21.9375;100.6875;0.25933837890625;-0.55126953125;0.53118896484375;-0.58880615234375;-0.64000004529953;-0.4490000307559967;-1.096000075340271;0.3660000264644623;-0.893000066280365;-0.1680000126361847
686201.0;-0.2980000078678131;-1.2760000228881836;-1.2450000047683716;-31.6875;39.0;2.0625;-662.0;2578.0;-1671.0;135.3125;23.1875;100.5;0.24493408203125;-0.54876708984375;0.5318603515625;-0.5966796875;-0.6840000152587891;-0.39000001549720764;-1.0810000896453857;0.38600000739097595;-0.8860000371932983;-0.164000004529953
686211.0;-0.32200002670288086;-1.2130000591278076;-1.221000075340271;-31.6875;39.0;2.0625;-653.0;3150.0;-1787.0;138.625;24.625;100.125;0.228515625;-0.54461669921875;0.53271484375;-0.60614013671875;-0.7310000061988831;-0.3360000252723694;-1.0630000829696655;0.40800002217292786;-0.8770000338554382;-0.15700000524520874
686221.0;-0.34200000762939453;-1.0660001039505005;-1.0789999961853027;-31.6875;39.0;2.0625;-583.0;3660.0;-1844.0;142.25;26.0625;99.5625;0.21063232421875;-0.53863525390625;0.5335693359375;-0.61712646484375;-0.7740000486373901;-0.1980000138282776;-0.9320000410079956;0.4310000240802765;-0.8680000305175781;-0.14600001275539398
686231.0;-0.36000001430511475;-1.0040000677108765;-0.999000072479248;-31.6875;39.0;2.0625;-459.0;4115.0;-1881.0;146.125;27.625;98.6875;0.1915283203125;-0.5308837890625;0.53411865234375;-0.62945556640625;-0.815000057220459;-0.14500001072883606;-0.8670000433921814;0.4540000259876251;-0.8580000400543213;-0.13100001215934753
686241.0;-0.3580000102519989;-0.9540000557899475;-0.9380000233650208;-34.25;37.5;-1.1875;-303.0;4458.0;-1945.0;150.0625;29.125;97.5;0.17156982421875;-0.521728515625;0.53399658203125;-0.642822265625;-0.8360000252723694;-0.10500000417232513;-0.8260000348091125;0.4780000150203705;-0.8480000495910645;-0.1120000034570694
686243.0;-0.3580000102519989;-0.9540000557899475;-0.9380000233650208;-34.25;37.5;-1.1875;-303.0;4458.0;-1945.0;150.0625;29.125;97.5;0.17156982421875;-0.521728515625;0.53399658203125;-0.642822265625;-0.8360000252723694;-0.10500000417232513;-0.8260000348091125;0.4780000150203705;-0.8480000495910645;-0.1120000034570694
686253.0;-0.33400002121925354;-0.9080000519752502;-0.8440000414848328;-34.25;37.5;-1.1875;-197.0;4683.0;-2050.0;154.125;30.6875;96.125;0.15081787109375;-0.5115966796875;0.5330810546875;-0.65679931640625;-0.8350000381469727;-0.07000000029802322;-0.7540000081062317;0.5010000467300415;-0.8380000591278076;-0.09000000357627869
686263.0;-0.3290000259876251;-0.7540000081062317;-0.5840000510215759;-34.25;37.5;-1.1875;-195.0;4808.0;-2164.0;158.1875;32.3125;94.5;0.12921142578125;-0.5009765625;0.531494140625;-0.670654296875;-0.8530000448226929;0.07100000232458115;-0.5180000066757202;0.5240000486373901;-0.8260000348091125;-0.0650000050663948
686273.0;-0.3140000104904175;-0.6790000200271606;-0.48000001907348633;-34.25;37.5;-1.1875;-253.0;4885.0;-2280.0;162.25;33.875;92.8125;0.106689453125;-0.49005126953125;0.52947998046875;-0.68414306640625;-0.8610000610351562;0.13300000131130219;-0.4390000104904175;0.5460000038146973;-0.8130000233650208;-0.04000000283122063
686283.0;-0.3140000104904175;-0.6790000200271606;-0.48000001907348633;-34.25;37.5;-1.1875;-300.0;4887.0;-2391.0;166.3125;35.375;91.0;0.0836181640625;-0.47906494140625;0.52691650390625;-0.697021484375;-0.8450000286102295;0.16900001466274261;-0.367000013589859;0.5680000185966492;-0.7980000376701355;-0.014000000432133675
686287.0;-0.3140000104904175;-0.6790000200271606;-0.48000001907348633;-34.25;37.5;-1.1875;-300.0;4887.0;-2391.0;166.3125;35.375;91.0;0.0836181640625;-0.47906494140625;0.52691650390625;-0.697021484375;-0.8450000286102295;0.16900001466274261;-0.367000013589859;0.5680000185966492;-0.7980000376701355;-0.014000000432133675
686297.0;-0.2760000228881836;-0.6290000081062317;-0.38100001215934753;-37.1875;34.1875;-6.5625;-289.0;4826.0;-2436.0;170.25;36.875;89.0;0.0604248046875;-0.468017578125;0.52374267578125;-0.709228515625;-0.8080000281333923;0.2110000103712082;-0.2850000262260437;0.5879999995231628;-0.784000039100647;0.013000000268220901
686307.0;-0.2200000137090683;-0.5720000267028809;-0.2720000147819519;-37.1875;34.1875;-6.5625;-138.0;4713.0;-2421.0;173.9375;38.25;86.875;0.03802490234375;-0.4569091796875;0.51959228515625;-0.720947265625;-0.7450000643730164;0.3360000252723694;-0.17400000989437103;0.6070000529289246;-0.7680000066757202;0.04100000113248825
686317.0;-0.13700000941753387;-0.4310000240802765;-0.13199999928474426;-37.1875;34.1875;-6.5625;185.0;4568.0;-2402.0;177.375;39.5;84.4375;0.01678466796875;-0.4459228515625;0.5137939453125;-0.73272705078125;-0.7300000190734863;0.3790000081062317;-0.16700001060962677;0.6230000257492065;-0.753000020980835;0.07200000435113907
686322.0;-0.10700000822544098;-0.37300002574920654;-0.09400000423192978;-37.1875;34.1875;-6.5625;650.0;4402.0;-2400.0;180.4375;40.625;81.6875;-0.0029296875;-0.4351806640625;0.505859375;-0.74481201171875;-0.718000054359436;0.4050000309944153;-0.14900000393390656;0.6380000114440918;-0.7360000610351562;0.10700000822544098
686332.0;-0.08000000566244125;-0.33100003004074097;-0.04200000315904617;-37.1875;34.1875;-6.5625;1210.0;4180.0;-2408.0;183.125;41.625;78.5625;-0.020751953125;-0.425048828125;0.495361328125;-0.75732421875;-0.6790000200271606;0.40800002217292786;-0.07200000435113907;0.6510000228881836;-0.718000054359436;0.14500001072883606
686342.0;-0.027000000700354576;-0.30900001525878906;0.07200000435113907;-37.1875;34.1875;-6.5625;1210.0;4180.0;-2408.0;183.125;41.625;78.5625;-0.0364990234375;-0.415771484375;0.4820556640625;-0.77032470703125;-0.6760000586509705;0.398000031709671;-0.052000001072883606;0.6620000600814819;-0.6980000138282776;0.1850000023841858
686352.0;-0.013000000268220901;-0.2990000247955322;0.13300000131130219;-39.0;29.0;-16.5;1820.0;3913.0;-2405.0;185.375;42.5;75.0625;-0.05035400390625;-0.4073486328125;0.46612548828125;-0.78375244140625;-0.6640000343322754;0.39000001549720764;-0.04100000113248825;0.6720000505447388;-0.6760000586509705;0.22800001502037048
686356.0;-0.013000000268220901;-0.2990000247955322;0.13300000131130219;-39.0;29.0;-16.5;1820.0;3913.0;-2405.0;185.375;42.5;75.0625;-0.05035400390625;-0.4073486328125;0.46612548828125;-0.78375244140625;-0.6640000343322754;0.39000001549720764;-0.04100000113248825;0.6720000505447388;-0.6760000586509705;0.22800001502037048
686366.0;0.007000000216066837;-0.2850000262260437;0.18700000643730164;-39.0;29.0;-16.5;2875.0;3397.0;-2436.0;188.9375;43.875;67.1875;-0.06256103515625;-0.39996337890625;0.44793701171875;-0.79718017578125;-0.6290000081062317;0.3890000283718109;-0.04800000041723251;0.6800000071525574;-0.6510000228881836;0.27300000190734863
686376.0;0.05000000074505806;-0.26100000739097595;0.22500000894069672;-39.0;29.0;-16.5;3244.0;3154.0;-2489.0;190.375;44.4375;62.9375;-0.0736083984375;-0.39349365234375;0.4278564453125;-0.81036376953125;-0.5210000276565552;0.40700000524520874;-0.030000001192092896;0.687000036239624;-0.6230000257492065;0.31800001859664917
686386.0;0.16500000655651093;-0.2150000035762787;0.28700000047683716;-39.0;29.0;-16.5;3521.0;2995.0;-2552.0;191.625;44.9375;58.5;-0.083984375;-0.38763427734375;0.4061279296875;-0.8232421875;-0.4870000183582306;0.4020000100135803;-0.030000001192092896;0.6920000314712524;-0.5910000205039978;0.3620000183582306
686391.0;0.20500001311302185;-0.18900001049041748;0.33100003004074097;-39.0;29.0;-16.5;3521.0;2995.0;-2552.0;191.625;44.9375;58.5;-0.083984375;-0.38763427734375;0.4061279296875;-0.8232421875;-0.46800002455711365;0.41200003027915955;-0.05000000074505806;0.6960000395774841;-0.5570000410079956;0.406000018119812
686401.0;0.22800001502037048;-0.14500001072883606;0.35500001907348633;-38.375;22.375;-25.5;3660.0;2912.0;-2634.0;192.8125;45.25;53.9375;-0.0941162109375;-0.382080078125;0.3834228515625;-0.8355712890625;-0.46800002455711365;0.41200003027915955;-0.05000000074505806;0.6990000605583191;-0.5200000405311584;0.4480000138282776
686411.0;0.23200000822544098;-0.11100000888109207;0.36100003123283386;-38.375;22.375;-25.5;3718.0;2876.0;-2767.0;195.3125;45.5625;44.4375;-0.11578369140625;-0.3712158203125;0.33551025390625;-0.8580322265625;-0.42600002884864807;0.37800002098083496;-0.13900001347064972;0.7000000476837158;-0.48000001907348633;0.48900002241134644
686421.0;0.27400001883506775;-0.10200000554323196;0.3500000238418579;-38.375;22.375;-25.5;3742.0;2898.0;-2937.0;196.6875;45.5;39.5625;-0.12750244140625;-0.3653564453125;0.31072998046875;-0.8681640625;-0.4360000193119049;0.35600000619888306;-0.16200000047683716;0.6990000605583191;-0.43700000643730164;0.5290000438690186
686424.0;0.27400001883506775;-0.10200000554323196;0.3500000238418579;-38.375;22.375;-25.5;3742.0;2898.0;-2937.0;196.6875;45.5;39.5625;-0.12750244140625;-0.3653564453125;0.31072998046875;-0.8681640625;-0.4360000193119049;0.35600000619888306;-0.16200000047683716;0.6990000605583191;-0.43700000643730164;0.5290000438690186
686434.0;0.2630000114440918;-0.08100000023841858;0.3660000264644623;-38.375;22.375;-25.5;3715.0;2951.0;-3053.0;198.0625;45.1875;34.6875;-0.1397705078125;-0.35882568359375;0.28594970703125;-0.87744140625;-0.4700000286102295;0.3370000123977661;-0.19700001180171967;0.6950000524520874;-0.3930000066757202;0.5670000314712524
686444.0;0.22500000894069672;-0.0560000017285347;0.3700000047683716;-38.375;22.375;-25.5;3623.0;3048.0;-3136.0;198.0625;45.1875;34.6875;-0.1397705078125;-0.35882568359375;0.28594970703125;-0.87744140625;-0.4700000286102295;0.3370000123977661;-0.19700001180171967;0.6950000524520874;-0.3930000066757202;0.5670000314712524
686454.0;0.1860000044107437;-0.03500000014901161;0.3920000195503235;-36.5;12.25;-34.5625;3485.0;3166.0;-3217.0;199.5625;44.625;29.9375;-0.15283203125;-0.3514404296875;0.26123046875;-0.88592529296875;-0.5020000338554382;0.31200000643730164;-0.2120000123977661;0.6880000233650208;-0.34800001978874207;0.6040000319480896
686458.0;0.1860000044107437;-0.03500000014901161;0.3920000195503235;-36.5;12.25;-34.5625;3485.0;3166.0;-3217.0;199.5625;44.625;29.9375;-0.15283203125;-0.3514404296875;0.26123046875;-0.88592529296875;-0.5020000338554382;0.31200000643730164;-0.2120000123977661;0.6880000233650208;-0.34800001978874207;0.6040000319480896
686468.0;0.11600000411272049;0.039000000804662704;0.41700002551078796;-36.5;12.25;-34.5625;3294.0;3258.0;-3289.0;201.0625;43.75;25.3125;-0.1807861328125;-0.3341064453125;0.21337890625;-0.90008544921875;-0.5670000314712524;0.33000001311302185;-0.289000004529953;0.6650000214576721;-0.2580000162124634;0.6720000505447388
686478.0;0.09700000286102295;0.07200000435113907;0.38200002908706665;-36.5;12.25;-34.5625;3081.0;3368.0;-3331.0;202.6875;42.6875;21.0;-0.19537353515625;-0.323974609375;0.1903076171875;-0.9058837890625;-0.5540000200271606;0.3140000104904175;-0.3320000171661377;0.6480000019073486;-0.21300001442432404;0.703000009059906
686488.0;0.09400000423192978;0.10100000351667404;0.3710000216960907;-36.5;12.25;-34.5625;2896.0;3464.0;-3343.0;204.3125;41.375;16.875;-0.21014404296875;-0.31304931640625;0.167724609375;-0.910888671875;-0.5760000348091125;0.31800001859664917;-0.3540000021457672;0.628000020980835;-0.17000000178813934;0.7330000400543213
686491.0;0.05100000277161598;0.1469999998807907;0.37800002098083496;-36.5;12.25;-34.5625;2740.0;3558.0;-3337.0;205.9375;39.8125;13.0625;-0.21014404296875;-0.31304931640625;0.167724609375;-0.910888671875;-0.5760000348091125;0.31800001859664917;-0.3540000021457672;0.628000020980835;-0.17000000178813934;0.7330000400543213
686501.0;0.007000000216066837;0.17600001394748688;0.3970000147819519;-30.5;0.0625;-38.6875;2609.0;3711.0;-3311.0;207.5625;38.0;9.5625;-0.22491455078125;-0.3009033203125;0.14556884765625;-0.915283203125;-0.5960000157356262;0.3050000071525574;-0.36400002241134644;0.6040000319480896;-0.12800000607967377;0.7610000371932983
686511.0;-0.04100000113248825;0.22300000488758087;0.43800002336502075;-30.5;0.0625;-38.6875;2448.0;3798.0;-3260.0;209.1875;36.0;6.375;-0.2396240234375;-0.28778076171875;0.12396240234375;-0.91888427734375;-0.6340000033378601;0.31700000166893005;-0.33000001311302185;0.5470000505447388;-0.049000002443790436;0.812000036239624
686521.0;-0.08700000494718552;0.2680000066757202;0.48100003600120544;-30.5;0.0625;-38.6875;2296.0;3810.0;-3249.0;210.8125;33.875;3.4375;-0.2542724609375;-0.27423095703125;0.10302734375;-0.92169189453125;-0.6530000567436218;0.30800002813339233;-0.24500000476837158;0.5139999985694885;-0.012000000104308128;0.8340000510215759
686524.0;-0.08700000494718552;0.2680000066757202;0.48100003600120544;-30.5;0.0625;-38.6875;2296.0;3810.0;-3249.0;210.8125;33.875;3.4375;-0.2542724609375;-0.27423095703125;0.10302734375;-0.92169189453125;-0.6530000567436218;0.30800002813339233;-0.24500000476837158;0.5139999985694885;-0.012000000104308128;0.8340000510215759
686534.0;-0.1380000114440918;0.29600000381469727;0.5890000462532043;-30.5;0.0625;-38.6875;2158.0;3844.0;-3259.0;212.4375;31.625;0.8125;-0.26898193359375;-0.26007080078125;0.0826416015625;-0.9237060546875;-0.6540000438690186;0.2770000100135803;-0.2639999985694885;0.48000001907348633;0.02200000174343586;0.8540000319480896
686544.0;-0.17400000989437103;0.30000001192092896;0.5900000333786011;-30.5;0.0625;-38.6875;2047.0;3837.0;-3243.0;214.0625;29.3125;-1.5;-0.28350830078125;-0.24560546875;0.06268310546875;-0.92486572265625;-0.6540000438690186;0.2770000100135803;-0.2639999985694885;0.48000001907348633;0.02200000174343586;0.8540000319480896
686554.0;-0.1980000138282776;0.320000022649765;0.5670000314712524;-22.6875;-10.6875;-43.5625;1992.0;3812.0;-3181.0;215.625;26.9375;-3.6875;-0.297607421875;-0.23095703125;0.04315185546875;-0.92535400390625;-0.6430000066757202;0.2630000114440918;-0.3050000071525574;0.4440000355243683;0.0560000017285347;0.8720000386238098
686558.0;-0.1980000138282776;0.320000022649765;0.5670000314712524;-22.6875;-10.6875;-43.5625;1992.0;3812.0;-3181.0;215.625;26.9375;-3.6875;-0.297607421875;-0.23095703125;0.04315185546875;-0.92535400390625;-0.6430000066757202;0.2630000114440918;-0.3050000071525574;0.4440000355243683;0.0560000017285347;0.8720000386238098
686568.0;-0.21800000965595245;0.3530000150203705;0.550000011920929;-22.6875;-10.6875;-43.5625;2002.0;3731.0;-3092.0;217.125;24.5;-5.6875;-0.31103515625;-0.21649169921875;0.023681640625;-0.92510986328125;-0.625;0.2639999985694885;-0.3360000252723694;0.40700000524520874;0.08900000154972076;0.8870000243186951
686578.0;-0.23400001227855682;0.40300002694129944;0.46400001645088196;-22.6875;-10.6875;-43.5625;2062.0;3617.0;-2992.0;218.5625;22.125;-7.625;-0.3236083984375;-0.2025146484375;0.0042724609375;-0.92425537109375;-0.6040000319480896;0.28200000524520874;-0.4350000321865082;0.36900001764297485;0.12000000476837158;0.9000000357627869
686588.0;-0.22600001096725464;0.39400002360343933;0.45900002121925354;-22.6875;-10.6875;-43.5625;2209.0;3536.0;-2856.0;219.875;19.75;-9.5;-0.33514404296875;-0.18902587890625;-0.015625;-0.9228515625;-0.5580000281333923;0.2410000115633011;-0.45000001788139343;0.33100003004074097;0.15200001001358032;0.9100000262260437
686592.0;-0.242000013589859;0.3830000162124634;0.4610000252723694;-22.6875;-10.6875;-43.5625;2420.0;3444.0;-2695.0;221.0625;17.375;-11.375;-0.345458984375;-0.17620849609375;-0.0361328125;-0.9210205078125;-0.5350000262260437;0.1980000138282776;-0.45500001311302185;0.2930000126361847;0.18400001525878906;0.9170000553131104
686602.0;-0.32600000500679016;0.34200000762939453;0.5890000462532043;-10.375;-18.0625;-45.1875;2685.0;3348.0;-2562.0;222.1875;15.125;-13.3125;-0.35467529296875;-0.164306640625;-0.05767822265625;-0.91864013671875;-0.5820000171661377;0.12400000542402267;-0.33100003004074097;0.2550000250339508;0.21800000965595245;0.921000063419342
686612.0;-0.37700000405311584;0.35600000619888306;0.6230000257492065;-10.375;-18.0625;-45.1875;2924.0;3249.0;-2428.0;223.1875;12.8125;-15.3125;-0.36279296875;-0.15325927734375;-0.08001708984375;-0.91571044921875;-0.5950000286102295;0.10300000756978989;-0.2990000247955322;0.21800000965595245;0.25200000405311584;0.9220000505447388
686622.0;-0.4020000100135803;0.398000031709671;0.6020000576972961;-10.375;-18.0625;-45.1875;3050.0;3115.0;-2318.0;224.125;10.625;-17.3125;-0.37005615234375;-0.14300537109375;-0.10260009765625;-0.91217041015625;-0.5840000510215759;0.11100000888109207;-0.31700000166893005;0.1810000091791153;0.28700000047683716;0.9190000295639038
686626.0;-0.4020000100135803;0.398000031709671;0.6020000576972961;-10.375;-18.0625;-45.1875;3050.0;3115.0;-2318.0;224.125;10.625;-17.3125;-0.37005615234375;-0.14300537109375;-0.10260009765625;-0.91217041015625;-0.5840000510215759;0.11100000888109207;-0.31700000166893005;0.1810000091791153;0.28700000047683716;0.9190000295639038
686636.0;-0.40400001406669617;0.43700000643730164;0.5940000414848328;-10.375;-18.0625;-45.1875;3106.0;2976.0;-2275.0;225.0625;8.5;-19.3125;-0.376953125;-0.1334228515625;-0.12506103515625;-0.90802001953125;-0.550000011920929;0.11600000411272049;-0.320000022649765;0.14500001072883606;0.32100000977516174;0.9150000214576721
686646.0;-0.4310000240802765;0.5;0.6300000548362732;-10.375;-18.0625;-45.1875;3054.0;2858.0;-2237.0;226.0;6.375;-21.25;-0.383544921875;-0.12432861328125;-0.14691162109375;-0.90325927734375;-0.5400000214576721;0.14600001275539398;-0.2770000100135803;0.10900000482797623;0.3530000150203705;0.9080000519752502
686656.0;-0.4540000259876251;0.5040000081062317;0.6150000095367432;0.0625;-26.1875;-40.25;2897.0;2844.0;-2268.0;226.9375;4.3125;-23.0625;-0.39013671875;-0.11480712890625;-0.16790771484375;-0.89801025390625;-0.527999997138977;0.12000000476837158;-0.2840000092983246;0.07300000637769699;0.3830000162124634;0.8990000486373901
686659.0;-0.4540000259876251;0.5040000081062317;0.6150000095367432;0.0625;-26.1875;-40.25;2897.0;2844.0;-2268.0;226.9375;4.3125;-23.0625;-0.39013671875;-0.11480712890625;-0.16790771484375;-0.89801025390625;-0.527999997138977;0.12000000476837158;-0.2840000092983246;0.07300000637769699;0.3830000162124634;0.8990000486373901
686669.0;-0.4540000259876251;0.5040000081062317;0.6150000095367432;0.0625;-26.1875;-40.25;2753.0;2908.0;-2375.0;227.9375;2.0625;-24.75;-0.39703369140625;-0.10455322265625;-0.1883544921875;-0.89215087890625;-0.5470000505447388;0.07800000160932541;-0.25699999928474426;0.036000002175569534;0.4100000262260437;0.8890000581741333
686679.0;-0.5860000252723694;0.4870000183582306;0.6100000143051147;0.0625;-26.1875;-40.25;2631.0;2964.0;-2511.0;229.0625;-0.125;-26.375;-0.404296875;-0.09356689453125;-0.208251953125;-0.88568115234375;-0.5830000042915344;0.05100000277161598;-0.2670000195503235;-0.0020000000949949026;0.4350000321865082;0.878000020980835
686689.0;-0.7390000224113464;0.46300002932548523;0.6320000290870667;0.0625;-26.1875;-40.25;2572.0;3029.0;-2695.0;230.25;-2.5;-27.9375;-0.41217041015625;-0.0819091796875;-0.22802734375;-0.8782958984375;-0.6960000395774841;0.004000000189989805;-0.23200000822544098;-0.0430000014603138;0.45900002121925354;0.8650000691413879
686693.0;-0.8040000200271606;0.45600003004074097;0.659000039100647;0.0625;-26.1875;-40.25;2571.0;3058.0;-2871.0;231.5625;-4.9375;-29.4375;-0.4205322265625;-0.06988525390625;-0.24774169921875;-0.8699951171875;-0.7190000414848328;-0.024000000208616257;-0.1900000125169754;-0.08500000089406967;0.48000001907348633;0.8500000238418579
686703.0;-0.8040000200271606;0.45600003004074097;0.659000039100647;10.0625;-29.6875;-36.1875;2594.0;3032.0;-3061.0;233.0;-7.4375;-30.9375;-0.4295654296875;-0.05767822265625;-0.2674560546875;-0.860595703125;-0.7200000286102295;-0.03100000135600567;-0.18300001323223114;-0.12700000405311584;0.5;0.8330000638961792
686713.0;-0.8480000495910645;0.46800002455711365;0.6500000357627869;10.0625;-29.6875;-36.1875;2652.0;3017.0;-3284.0;234.625;-10.0625;-32.4375;-0.439208984375;-0.04534912109375;-0.2872314453125;-0.85003662109375;-0.7110000252723694;-0.029000001028180122;-0.13300000131130219;-0.17100000381469727;0.5170000195503235;0.8140000104904175
686723.0;-0.8830000162124634;0.4880000352859497;0.6800000071525574;10.0625;-29.6875;-36.1875;2663.0;3009.0;-3509.0;236.375;-12.75;-33.875;-0.4495849609375;-0.03265380859375;-0.306884765625;-0.8382568359375;-0.7400000095367432;0.07900000363588333;-0.11600000411272049;-0.2160000056028366;0.5330000519752502;0.7930000424385071
686727.0;-0.8830000162124634;0.4880000352859497;0.6800000071525574;10.0625;-29.6875;-36.1875;2663.0;3009.0;-3509.0;236.375;-12.75;-33.875;-0.4495849609375;-0.03265380859375;-0.306884765625;-0.8382568359375;-0.7400000095367432;0.07900000363588333;-0.11600000411272049;-0.2160000056028366;0.5330000519752502;0.7930000424385071
686737.0;-0.956000030040741;0.612000048160553;0.6770000457763672;10.0625;-29.6875;-36.1875;2635.0;2982.0;-3745.0;238.3125;-15.5;-35.25;-0.460693359375;-0.0196533203125;-0.32611083984375;-0.82525634765625;-0.76500004529953;0.1290000081062317;-0.1120000034570694;-0.26200002431869507;0.5450000166893005;0.7710000276565552
686747.0;-1.027999997138977;0.6740000247955322;0.6580000519752502;10.0625;-29.6875;-36.1875;2610.0;2938.0;-3877.0;240.375;-18.3125;-36.5625;-0.4720458984375;-0.00653076171875;-0.34490966796875;-0.811279296875;-0.7980000376701355;0.15900000929832458;-0.09600000083446503;-0.30800002813339233;0.5540000200271606;0.7470000386238098
686757.0;-1.1069999933242798;0.7130000591278076;0.6500000357627869;10.0625;-29.6875;-36.1875;2610.0;2938.0;-3877.0;242.375;-21.125;-37.875;-0.48260498046875;0.00634765625;-0.36358642578125;-0.7967529296875;-0.6570000052452087;0.21300001442432404;-0.12600000202655792;-0.3540000021457672;0.562000036239624;0.7210000157356262
686762.0;-1.0120000839233398;0.7750000357627869;0.5950000286102295;20.875;-33.0625;-29.1875;2663.0;2939.0;-3780.0;242.375;-21.125;-37.875;-0.49591064453125;0.0203857421875;-0.38165283203125;-0.77972412109375;-0.7490000128746033;0.27800002694129944;-0.07000000029802322;-0.4020000100135803;0.5630000233650208;0.6940000057220459
686772.0;-1.1510000228881836;0.8420000672340393;0.6230000257492065;20.875;-33.0625;-29.1875;2429.0;2865.0;-5071.0;247.75;-27.5;-39.9375;-0.51104736328125;0.0360107421875;-0.39837646484375;-0.76080322265625;-0.7090000510215759;0.3290000259876251;-0.05100000277161598;-0.4520000219345093;0.5580000281333923;0.6660000085830688
686782.0;-1.162000060081482;0.8880000710487366;0.6140000224113464;20.875;-33.0625;-29.1875;2150.0;3067.0;-4579.0;250.25;-30.6875;-40.6875;-0.52313232421875;0.0521240234375;-0.4141845703125;-0.74298095703125;-0.706000030040741;0.2840000092983246;-0.006000000052154064;-0.5;0.550000011920929;0.6380000114440918
686792.0;-1.2070000171661377;0.8340000510215759;0.6320000290870667;20.875;-33.0625;-29.1875;1878.0;2941.0;-3557.0;252.1875;-33.4375;-41.5625;-0.53094482421875;0.06622314453125;-0.4285888671875;-0.72802734375;-0.6040000319480896;0.058000002056360245;0.10400000214576721;-0.5400000214576721;0.5420000553131104;0.6110000014305115
686802.0;-1.1450001001358032;0.6010000109672546;0.7160000205039978;20.875;-33.0625;-29.1875;1878.0;2941.0;-3557.0;252.1875;-33.4375;-41.5625;-0.53094482421875;0.06622314453125;-0.4285888671875;-0.72802734375;-0.5290000438690186;0.03200000151991844;0.13500000536441803;-0.5760000348091125;0.534000039100647;0.5860000252723694
686812.0;-1.1050000190734863;0.5670000314712524;0.7210000157356262;32.375;-30.875;-21.0;1604.0;2813.0;-3145.0;253.8125;-36.0;-42.3125;-0.537109375;0.07965087890625;-0.44140625;-0.71435546875;-0.4780000150203705;0.049000002443790436;0.20600001513957977;-0.6130000352859497;0.5200000405311584;0.5600000023841858
686816.0;-1.1050000190734863;0.5670000314712524;0.7210000157356262;32.375;-30.875;-21.0;1604.0;2813.0;-3145.0;253.8125;-36.0;-42.3125;-0.537109375;0.07965087890625;-0.44140625;-0.71435546875;-0.4780000150203705;0.049000002443790436;0.20600001513957977;-0.6130000352859497;0.5200000405311584;0.5600000023841858
686826.0;-1.0910000801086426;0.5700000524520874;0.7670000195503235;32.375;-30.875;-21.0;1397.0;2804.0;-3535.0;258.0;-41.625;-43.0;-0.5533447265625;0.1112060546875;-0.46331787109375;-0.6832275390625;-0.46700000762939453;0.10700000822544098;0.23500001430511475;-0.6510000228881836;0.5;0.5350000262260437
686836.0;-1.1190000772476196;0.6070000529289246;0.7700000405311584;32.375;-30.875;-21.0;1212.0;2808.0;-4152.0;260.375;-44.6875;-42.9375;-0.56256103515625;0.12921142578125;-0.4725341796875;-0.66595458984375;-0.49400001764297485;0.15400001406669617;0.1980000138282776;-0.690000057220459;0.4740000367164612;0.5090000033378601
686846.0;-1.184000015258789;0.6290000081062317;0.7080000042915344;32.375;-30.875;-21.0;1019.0;2850.0;-4390.0;262.5;-47.625;-42.75;-0.57025146484375;0.1468505859375;-0.48077392578125;-0.64971923828125;-0.5480000376701355;0.17900000512599945;0.2240000069141388;-0.7240000367164612;0.4480000138282776;0.48500001430511475
686851.0;-1.2730000019073486;0.628000020980835;0.7090000510215759;32.375;-30.875;-21.0;805.0;2807.0;-4077.0;262.5;-47.625;-42.75;-0.57025146484375;0.1468505859375;-0.48077392578125;-0.64971923828125;-0.5480000376701355;0.17900000512599945;0.2240000069141388;-0.7240000367164612;0.4480000138282776;0.48500001430511475
686861.0;-1.3550000190734863;0.5890000462532043;0.6920000314712524;40.875;-25.6875;-13.0625;562.0;2641.0;-3262.0;264.1875;-50.125;-42.625;-0.57501220703125;0.16241455078125;-0.48797607421875;-0.63623046875;-0.6020000576972961;0.16300000250339508;0.23000000417232513;-0.753000020980835;0.42500001192092896;0.4610000252723694
686871.0;-1.4450000524520874;0.5100000500679016;0.6630000472068787;40.875;-25.6875;-13.0625;476.0;2274.0;-2461.0;265.4375;-52.125;-42.75;-0.580810546875;0.18682861328125;-0.4991455078125;-0.61529541015625;-0.6510000228881836;0.1550000011920929;0.16300000250339508;-0.7940000295639038;0.3890000283718109;0.4230000078678131
686881.0;-1.4450000524520874;0.5440000295639038;0.5870000123977661;40.875;-25.6875;-13.0625;336.0;1993.0;-2430.0;266.6875;-54.0625;-42.5625;-0.58538818359375;0.20001220703125;-0.502685546875;-0.6038818359375;-0.6050000190734863;0.14900000393390656;0.1120000034570694;-0.8140000104904175;0.36500000953674316;0.406000018119812
686885.0;-1.4450000524520874;0.5440000295639038;0.5870000123977661;40.875;-25.6875;-13.0625;336.0;1993.0;-2430.0;266.6875;-54.0625;-42.5625;-0.58538818359375;0.20001220703125;-0.502685546875;-0.6038818359375;-0.6050000190734863;0.14900000393390656;0.1120000034570694;-0.8140000104904175;0.36500000953674316;0.406000018119812
686895.0;-1.4190000295639038;0.51500004529953;0.5180000066757202;40.875;-25.6875;-13.0625;195.0;1899.0;-2913.0;268.1875;-56.0625;-41.9375;-0.5914306640625;0.21478271484375;-0.50494384765625;-0.59088134765625;-0.5580000281333923;0.2150000035762787;0.1080000028014183;-0.8340000510215759;0.3360000252723694;0.39000001549720764
686905.0;-1.3920000791549683;0.5509999990463257;0.49900001287460327;40.875;-25.6875;-13.0625;90.0;1859.0;-3455.0;270.0;-58.3125;-40.6875;-0.5914306640625;0.21478271484375;-0.50494384765625;-0.59088134765625;-0.5580000281333923;0.2150000035762787;0.1080000028014183;-0.8340000510215759;0.3360000252723694;0.39000001549720764
686915.0;-1.4830000400543213;0.44200003147125244;0.484000027179718;46.375;-17.5;-6.5;-95.0;2041.0;-3992.0;272.125;-60.8125;-38.8125;-0.59814453125;0.2320556640625;-0.50634765625;-0.576171875;-0.6260000467300415;0.1420000046491623;0.1120000034570694;-0.8560000658035278;0.2990000247955322;0.3720000088214874
686925.0;-1.502000093460083;0.33000001311302185;0.5350000262260437;46.375;-17.5;-6.5;-144.0;2080.0;-3450.0;273.875;-63.0625;-37.125;-0.602783203125;0.24798583984375;-0.50811767578125;-0.56298828125;-0.6040000319480896;0.05900000408291817;0.2600000202655792;-0.8870000243186951;0.24400001764297485;0.3370000123977661
686935.0;-1.4910000562667847;0.30400002002716064;0.5980000495910645;46.375;-17.5;-6.5;-159.0;1775.0;-2409.0;275.0625;-64.8125;-35.9375;-0.60491943359375;0.26019287109375;-0.5101318359375;-0.5533447265625;-0.5390000343322754;0.09700000286102295;0.2980000078678131;-0.8970000147819519;0.2290000170469284;0.32200002670288086
686938.0;-1.4910000562667847;0.30400002002716064;0.5980000495910645;46.375;-17.5;-6.5;-159.0;1775.0;-2409.0;275.0625;-64.8125;-35.9375;-0.60491943359375;0.26019287109375;-0.5101318359375;-0.5533447265625;-0.5390000343322754;0.09700000286102295;0.2980000078678131;-0.8970000147819519;0.2290000170469284;0.32200002670288086
686948.0;-1.436000108718872;0.32600000500679016;0.6210000514984131;46.375;-17.5;-6.5;226.0;1522.0;-1723.0;276.0625;-66.1875;-35.375;-0.6060791015625;0.2685546875;-0.51324462890625;-0.54510498046875;-0.44600000977516174;0.2550000250339508;0.2990000247955322;-0.9050000309944153;0.2160000056028366;0.3070000112056732
686958.0;-1.3510000705718994;0.47200003266334534;0.6070000529289246;46.375;-17.5;-6.5;797.0;1388.0;-1601.0;277.1875;-67.375;-35.1875;-0.6080322265625;0.2742919921875;-0.51763916015625;-0.53582763671875;-0.44600000977516174;0.2550000250339508;0.2990000247955322;-0.9050000309944153;0.2160000056028366;0.3070000112056732
686968.0;-1.3260000944137573;0.5220000147819519;0.5700000524520874;50.75;-10.875;-1.5625;1357.0;1308.0;-1603.0;278.625;-68.625;-35.125;-0.61083984375;0.278076171875;-0.5233154296875;-0.52508544921875;-0.41200003027915955;0.31700000166893005;0.27800002694129944;-0.9130000472068787;0.20500001311302185;0.29100000858306885
686973.0;-1.319000005722046;0.5530000329017639;0.5370000004768372;50.75;-10.875;-1.5625;1777.0;1291.0;-1635.0;280.25;-69.8125;-35.3125;-0.61431884765625;0.28045654296875;-0.5299072265625;-0.512939453125;-0.39900001883506775;0.3570000231266022;0.26100000739097595;-0.9200000166893005;0.19500000774860382;0.2750000059604645
686983.0;-1.321000099182129;0.562000036239624;0.5070000290870667;50.75;-10.875;-1.5625;1988.0;1285.0;-1638.0;282.0;-71.0;-35.5;-0.6180419921875;0.281982421875;-0.5369873046875;-0.5001220703125;-0.39400002360343933;0.37700000405311584;0.24800001084804535;-0.9270000457763672;0.18400001525878906;0.2590000033378601
686993.0;-1.311000108718872;0.5560000538825989;0.49400001764297485;50.75;-10.875;-1.5625;1994.0;1238.0;-1604.0;283.75;-72.1875;-35.625;-0.62164306640625;0.28326416015625;-0.5438232421875;-0.48736572265625;-0.37700000405311584;0.38200002908706665;0.2510000169277191;-0.9330000281333923;0.17400000989437103;0.24300001561641693
687003.0;-1.3010001182556152;0.5710000395774841;0.47700002789497375;50.75;-10.875;-1.5625;1881.0;1144.0;-1601.0;285.5;-73.3125;-35.5;-0.625244140625;0.28460693359375;-0.54998779296875;-0.47491455078125;-0.3620000183582306;0.40700000524520874;0.24900001287460327;-0.9390000700950623;0.16300000250339508;0.22800001502037048
687013.0;-1.281000018119812;0.578000009059906;0.46300002932548523;52.1875;-4.875;2.1875;1674.0;1063.0;-1653.0;287.25;-74.4375;-35.0;-0.6287841796875;0.28656005859375;-0.55517578125;-0.46295166015625;-0.3360000252723694;0.4280000329017639;0.24800001084804535;-0.9440000653266907;0.15000000596046448;0.2150000035762787
687023.0;-1.2410000562667847;0.5670000314712524;0.46700000762939453;52.1875;-4.875;2.1875;1409.0;990.0;-1669.0;288.875;-75.5;-34.0;-0.63201904296875;0.28912353515625;-0.559326171875;-0.4517822265625;-0.29200002551078796;0.4300000071525574;0.2639999985694885;-0.9490000605583191;0.13700000941753387;0.203000009059906
687027.0;-1.2410000562667847;0.5670000314712524;0.46700000762939453;52.1875;-4.875;2.1875;1409.0;990.0;-1669.0;288.875;-75.5;-34.0;-0.63201904296875;0.28912353515625;-0.559326171875;-0.4517822265625;-0.29200002551078796;0.4300000071525574;0.2639999985694885;-0.9490000605583191;0.13700000941753387;0.203000009059906
687037.0;-1.2360000610351562;0.5690000057220459;0.47300001978874207;52.1875;-4.875;2.1875;1098.0;935.0;-1605.0;290.3125;-76.5;-32.625;-0.63470458984375;0.29241943359375;-0.56256103515625;-0.44171142578125;-0.28200000524520874;0.44600000977516174;0.281000018119812;-0.9530000686645508;0.12300000339746475;0.19200000166893005
687047.0;-1.2230000495910645;0.5680000185966492;0.4740000367164612;52.1875;-4.875;2.1875;734.0;900.0;-1465.0;291.5;-77.4375;-31.0625;-0.6365966796875;0.29638671875;-0.56500244140625;-0.4332275390625;-0.26600000262260437;0.4580000340938568;0.29200002551078796;-0.9570000171661377;0.10900000482797623;0.18200001120567322
687057.0;-1.2010000944137573;0.5630000233650208;0.4610000252723694;52.1875;-4.875;2.1875;424.0;850.0;-1217.0;292.375;-78.25;-29.625;-0.637451171875;0.300537109375;-0.56689453125;-0.426513671875;-0.2410000115633011;0.4650000333786011;0.2880000174045563;-0.9600000381469727;0.09800000488758087;0.1730000078678131
687065.0;-1.1450001001358032;0.5680000185966492;0.39500001072883606;51.6875;-0.5;4.1875;194.0;800.0;-1011.0;293.0625;-79.0;-28.1875;-0.63763427734375;0.3046875;-0.56842041015625;-0.42120361328125;-0.18200001120567322;0.48000001907348633;0.23000000417232513;-0.9620000720024109;0.08800000697374344;0.164000004529953
687075.0;-1.121000051498413;0.5460000038146973;0.35500001907348633;51.6875;-0.5;4.1875;114.0;733.0;-885.0;293.625;-79.625;-26.875;-0.6375732421875;0.30859375;-0.5697021484375;-0.41668701171875;-0.15600000321865082;0.4660000205039978;0.1980000138282776;-0.9640000462532043;0.07900000363588333;0.15700000524520874
687085.0;-1.1040000915527344;0.5130000114440918;0.3050000071525574;51.6875;-0.5;4.1875;252.0;644.0;-727.0;294.1875;-80.1875;-25.75;-0.63763427734375;0.31134033203125;-0.57122802734375;-0.4124755859375;-0.1380000114440918;0.4410000145435333;0.1550000011920929;-0.9660000205039978;0.07200000435113907;0.15000000596046448
687095.0;-1.1060000658035278;0.4970000088214874;0.281000018119812;51.6875;-0.5;4.1875;516.0;528.0;-484.0;294.6875;-80.5625;-25.3125;-0.637939453125;0.312255859375;-0.5733642578125;-0.40838623046875;-0.1380000114440918;0.4280000329017639;0.13600000739097595;-0.9670000672340393;0.06800000369548798;0.14400000870227814
687098.0;-1.1060000658035278;0.4970000088214874;0.281000018119812;51.6875;-0.5;4.1875;516.0;528.0;-484.0;294.6875;-80.5625;-25.3125;-0.637939453125;0.312255859375;-0.5733642578125;-0.40838623046875;-0.1380000114440918;0.4280000329017639;0.13600000739097595;-0.9670000672340393;0.06800000369548798;0.14400000870227814
687108.0;-1.0980000495910645;0.4930000305175781;0.2800000011920929;51.6875;-0.5;4.1875;771.0;458.0;-378.0;295.3125;-80.9375;-25.25;-0.638671875;0.311767578125;-0.575927734375;-0.40399169921875;-0.1300000101327896;0.4270000159740448;0.14000000059604645;-0.968000054359436;0.0650000050663948;0.13900001347064972
687118.0;-1.0980000495910645;0.4930000305175781;0.2800000011920929;51.0;2.5;5.875;917.0;373.0;-400.0;296.0625;-81.25;-25.0;-0.639892578125;0.3106689453125;-0.5784912109375;-0.39923095703125;-0.11500000208616257;0.4270000159740448;0.1420000046491623;-0.9690000414848328;0.06300000101327896;0.13500000536441803
687128.0;-1.0840001106262207;0.49000000953674316;0.2770000100135803;51.0;2.5;5.875;926.0;316.0;-455.0;296.8125;-81.5;-24.4375;-0.641357421875;0.30963134765625;-0.58074951171875;-0.39434814453125;-0.08500000089406967;0.4230000078678131;0.13600000739097595;-0.9700000286102295;0.05900000408291817;0.13100001215934753
687133.0;-1.0550000667572021;0.4830000102519989;0.2670000195503235;51.0;2.5;5.875;811.0;270.0;-515.0;297.5;-81.8125;-23.4375;-0.6429443359375;0.30902099609375;-0.58251953125;-0.38970947265625;-0.020000001415610313;0.4100000262260437;0.032999999821186066;-0.9700000286102295;0.055000003427267075;0.12700000405311584
687143.0;-0.9900000691413879;0.4650000333786011;0.16100001335144043;51.0;2.5;5.875;649.0;251.0;-567.0;298.1875;-82.0625;-22.0;-0.64434814453125;0.30902099609375;-0.583740234375;-0.3853759765625;0.0;0.38700002431869507;0.027000000700354576;-0.971000075340271;0.05000000074505806;0.12400000542402267
687153.0;-0.971000075340271;0.43800002336502075;0.15200001001358032;51.0;2.5;5.875;571.0;277.0;-572.0;298.875;-82.375;-20.4375;-0.6456298828125;0.3094482421875;-0.58489990234375;-0.38116455078125;0.0;0.35100001096725464;0.010000000707805157;-0.9720000624656677;0.04500000178813934;0.1210000067949295
687163.0;-0.971000075340271;0.3960000276565552;0.13199999928474426;51.0;2.5;5.875;571.0;277.0;-572.0;299.5;-82.625;-18.8125;-0.64666748046875;0.3099365234375;-0.586181640625;-0.3770751953125;-0.006000000052154064;0.33500000834465027;-0.0010000000474974513;-0.9720000624656677;0.04000000283122063;0.11800000816583633
687167.0;-0.971000075340271;0.3960000276565552;0.13199999928474426;51.0;2.5;5.875;571.0;277.0;-572.0;299.5;-82.625;-18.8125;-0.64666748046875;0.3099365234375;-0.586181640625;-0.3770751953125;-0.006000000052154064;0.33500000834465027;-0.0010000000474974513;-0.9720000624656677;0.04000000283122063;0.11800000816583633
687177.0;-0.9780000448226929;0.3750000298023224;0.11600000411272049;51.375;3.6875;6.1875;549.0;312.0;-566.0;300.0625;-82.9375;-17.125;-0.6475830078125;0.31048583984375;-0.58746337890625;-0.37298583984375;-0.055000003427267075;0.3070000112056732;-0.012000000104308128;-0.9730000495910645;0.03500000014901161;0.11400000751018524
687187.0;-1.027999997138977;0.34300002455711365;0.10200000554323196;51.375;3.6875;6.1875;605.0;382.0;-497.0;300.6875;-83.25;-1.8125;-0.64837646484375;0.3106689453125;-0.58917236328125;-0.3687744140625;-0.09800000488758087;0.28200000524520874;0.0;-0.9730000495910645;0.03100000135600567;0.11000000685453415
687197.0;-1.0720000267028809;0.31300002336502075;0.11100000888109207;51.375;3.6875;6.1875;774.0;448.0;-428.0;301.375;-83.5625;-1.5625;-0.6490478515625;0.31024169921875;-0.59149169921875;-0.3641357421875;-0.14500001072883606;0.2590000033378601;0.021000001579523087;-0.9740000367164612;0.027000000700354576;0.10500000417232513
687201.0;-1.1200000047683716;0.28600001335144043;0.12700000405311584;51.375;3.6875;6.1875;1032.0;462.0;-383.0;302.1875;-83.875;-1.4375;-0.6500244140625;0.30877685546875;-0.59442138671875;-0.35882568359375;-0.16500000655651093;0.25200000405311584;0.06400000303983688;-0.9750000238418579;0.024000000208616257;0.10000000149011612
687211.0;-1.1400001049041748;0.2770000100135803;0.16500000655651093;51.375;3.6875;6.1875;1032.0;462.0;-383.0;302.1875;-83.875;-1.4375;-0.6500244140625;0.30877685546875;-0.59442138671875;-0.35882568359375;-0.16500000655651093;0.25200000405311584;0.06400000303983688;-0.9750000238418579;0.02200000174343586;0.09600000083446503
687221.0;-1.1170001029968262;0.328000009059906;0.23400001227855682;51.25;5.1875;7.0625;1390.0;401.0;-355.0;303.125;-84.1875;-1.3125;-0.65167236328125;0.305908203125;-0.59783935546875;-0.35260009765625;-0.12700000405311584;0.3680000305175781;0.18200001120567322;-0.9760000705718994;0.020000001415610313;0.09200000762939453
687231.0;-1.1030000448226929;0.3890000283718109;0.27400001883506775;51.25;5.1875;7.0625;1676.0;311.0;-305.0;305.25;-84.625;-1.1875;-0.65606689453125;0.2969970703125;-0.60516357421875;-0.33929443359375;-0.11000000685453415;0.4140000343322754;0.2200000137090683;-0.9760000705718994;0.020000001415610313;0.08900000154972076
687235.0;-1.1030000448226929;0.3890000283718109;0.27400001883506775;51.25;5.1875;7.0625;1676.0;311.0;-305.0;305.25;-84.625;-1.1875;-0.65606689453125;0.2969970703125;-0.60516357421875;-0.33929443359375;-0.11000000685453415;0.4140000343322754;0.2200000137090683;-0.9760000705718994;0.020000001415610313;0.08900000154972076
687245.0;-1.0870000123977661;0.43400001525878906;0.30900001525878906;51.25;5.1875;7.0625;1662.0;270.0;-199.0;306.0;-84.75;-1.1875;-0.6573486328125;0.29315185546875;-0.6082763671875;-0.3345947265625;-0.09400000423192978;0.43700000643730164;0.26100000739097595;-0.9760000705718994;0.021000001579523087;0.0860000029206276
687255.0;-1.0700000524520874;0.4580000340938568;0.34700000286102295;51.25;5.1875;7.0625;1297.0;261.0;-52.0;306.375;-84.9375;-1.25;-0.657470703125;0.291259765625;-0.61041259765625;-0.33209228515625;-0.055000003427267075;0.40400001406669617;0.2460000067949295;-0.9760000705718994;0.021000001579523087;0.08300000429153442
687265.0;-1.0320000648498535;0.42600002884864807;0.3290000259876251;51.25;5.1875;7.0625;660.0;269.0;16.0;306.375;-84.9375;-1.25;-0.657470703125;0.291259765625;-0.61041259765625;-0.33209228515625;-0.055000003427267075;0.40400001406669617;0.2460000067949295;-0.9760000705718994;0.021000001579523087;0.08300000429153442
687271.0;-1.003000020980835;0.35500001907348633;0.3050000071525574;50.5;7.0;7.875;-47.0;288.0;4.0;306.3125;-85.0625;-1.25;-0.656494140625;0.29193115234375;-0.611328125;-0.331787109375;-0.026000000536441803;0.3330000042915344;0.2240000069141388;-0.9770000576972961;0.021000001579523087;0.08000000566244125
687281.0;-0.9740000367164612;0.25600001215934753;0.2580000162124634;50.5;7.0;7.875;-642.0;317.0;-50.0;306.0;-85.25;-1.1875;-0.65203857421875;0.29931640625;-0.6104736328125;-0.3355712890625;0.017000000923871994;0.03400000184774399;0.07800000160932541;-0.9770000576972961;0.018000001087784767;0.07400000095367432
687291.0;-0.9590000510215759;0.05300000309944153;0.15200001001358032;50.5;7.0;7.875;-1010.0;348.0;-101.0;305.5;-85.5;-1.0625;-0.6492919921875;0.30426025390625;-0.60931396484375;-0.33837890625;0.01600000075995922;-0.021000001579523087;0.08400000631809235;-0.9770000576972961;0.01600000075995922;0.07000000029802322
687301.0;-0.9610000252723694;-0.004000000189989805;0.1550000011920929;50.5;7.0;7.875;-1167.0;328.0;-115.0;304.9375;-85.6875;-0.9375;-0.64678955078125;0.3087158203125;-0.60809326171875;-0.34136962890625;0.010000000707805157;-0.05400000140070915;0.10000000149011612;-0.9780000448226929;0.015000000596046448;0.06800000369548798
687304.0;-0.9610000252723694;-0.004000000189989805;0.1550000011920929;50.5;7.0;7.875;-1167.0;328.0;-115.0;304.9375;-85.6875;-0.9375;-0.64678955078125;0.3087158203125;-0.60809326171875;-0.34136962890625;0.010000000707805157;-0.05400000140070915;0.10000000149011612;-0.9780000448226929;0.015000000596046448;0.06800000369548798
687314.0;-0.9670000672340393;-0.03800000250339508;0.16900001466274261;50.5;7.0;7.875;-1115.0;250.0;-55.0;304.3125;-85.875;-0.875;-0.64678955078125;0.3087158203125;-0.60809326171875;-0.34136962890625;0.010000000707805157;-0.05400000140070915;0.10000000149011612;-0.9780000448226929;0.015000000596046448;0.06800000369548798
687324.0;-0.9700000286102295;-0.04500000178813934;0.1850000023841858;50.875;7.0;8.25;-907.0;156.0;45.0;303.75;-85.9375;-0.875;-0.64471435546875;0.31195068359375;-0.6070556640625;-0.34417724609375;0.007000000216066837;-0.06100000441074371;0.11800000816583633;-0.9780000448226929;0.015000000596046448;0.06599999964237213
687334.0;-0.9360000491142273;-0.05700000375509262;0.16300000250339508;50.875;7.0;8.25;-615.0;69.0;166.0;303.3125;-85.9375;-0.9375;-0.6431884765625;0.31365966796875;-0.6064453125;-0.34661865234375;0.055000003427267075;-0.10300000756978989;0.0690000057220459;-0.9780000448226929;0.01900000125169754;0.06599999964237213
687338.0;-0.9360000491142273;-0.05700000375509262;0.16300000250339508;50.875;7.0;8.25;-615.0;69.0;166.0;303.3125;-85.9375;-0.9375;-0.6431884765625;0.31365966796875;-0.6064453125;-0.34661865234375;0.055000003427267075;-0.10300000756978989;0.0690000057220459;-0.9780000448226929;0.01900000125169754;0.06599999964237213
687348.0;-0.9220000505447388;-0.08400000631809235;0.13500000536441803;50.875;7.0;8.25;-332.0;12.0;277.0;303.0;-85.9375;-1.125;-0.64208984375;0.31390380859375;-0.6063232421875;-0.3486328125;0.07100000232458115;-0.12700000405311584;0.039000000804662704;-0.9780000448226929;0.02200000174343586;0.06599999964237213
687358.0;-0.9070000648498535;-0.10400000214576721;0.10500000417232513;50.875;7.0;8.25;-154.0;3.0;351.0;302.6875;-85.875;-1.3125;-0.64117431640625;0.31329345703125;-0.60662841796875;-0.35028076171875;0.07000000029802322;-0.13199999928474426;-0.02200000174343586;-0.9780000448226929;0.026000000536441803;0.06599999964237213
687368.0;-0.9070000648498535;-0.10500000417232513;0.04400000348687172;50.875;7.0;8.25;-89.0;17.0;337.0;302.4375;-85.8125;-1.5;-0.640380859375;0.31256103515625;-0.60711669921875;-0.3516845703125;0.07000000029802322;-0.13199999928474426;-0.02200000174343586;-0.9780000448226929;0.026000000536441803;0.06599999964237213
687372.0;-0.9340000152587891;-0.15200001001358032;-0.07500000298023224;51.1875;6.375;10.0;-48.0;38.0;226.0;302.25;-85.75;-1.625;-0.63970947265625;0.31207275390625;-0.60748291015625;-0.3525390625;0.0430000014603138;-0.1810000091791153;-0.14100000262260437;-0.9780000448226929;0.02800000086426735;0.0650000050663948
687382.0;-0.956000030040741;-0.17500001192092896;-0.10300000756978989;51.1875;6.375;10.0;21.0;108.0;51.0;302.25;-85.8125;-1.6875;-0.63934326171875;0.31207275390625;-0.60797119140625;-0.35247802734375;0.021000001579523087;-0.20400001108646393;-0.1680000126361847;-0.9780000448226929;0.029000001028180122;0.06400000303983688
687392.0;-0.9730000495910645;-0.18000000715255737;-0.09300000220537186;51.1875;6.375;10.0;90.0;161.0;-103.0;302.3125;-85.9375;-1.625;-0.63916015625;0.3123779296875;-0.6085205078125;-0.3515625;0.004000000189989805;-0.20800000429153442;-0.15600000321865082;-0.9780000448226929;0.02800000086426735;0.06200000271201134
687402.0;-1.0080000162124634;-0.1469999998807907;0.03500000014901161;51.1875;6.375;10.0;180.0;181.0;-199.0;302.5625;-86.0625;-1.5;-0.63922119140625;0.312744140625;-0.609130859375;-0.35003662109375;-0.030000001192092896;-0.17400000989437103;-0.026000000536441803;-0.9780000448226929;0.026000000536441803;0.06100000441074371
687412.0;-1.027000069618225;-0.17000000178813934;0.10100000351667404;51.1875;6.375;10.0;272.0;179.0;-266.0;302.875;-86.25;-1.3125;-0.63958740234375;0.31298828125;-0.60980224609375;-0.34796142578125;-0.049000002443790436;-0.19300000369548798;0.04100000113248825;-0.9780000448226929;0.023000001907348633;0.05900000408291817
687422.0;-1.0110000371932983;-0.09800000488758087;0.15300001204013824;51.5;6.375;9.5;340.0;159.0;-212.0;303.1875;-86.375;-1.25;-0.6400146484375;0.3128662109375;-0.61065673828125;-0.34588623046875;-0.03200000151991844;-0.12000000476837158;0.0950000062584877;-0.9780000448226929;0.021000001579523087;0.05700000375509262
687426.0;-1.0110000371932983;-0.09800000488758087;0.15300001204013824;51.5;6.375;9.5;340.0;159.0;-212.0;303.1875;-86.375;-1.25;-0.6400146484375;0.3128662109375;-0.61065673828125;-0.34588623046875;-0.03200000151991844;-0.12000000476837158;0.0950000062584877;-0.9780000448226929;0.021000001579523087;0.05700000375509262
687436.0;-0.9940000176429749;-0.052000001072883606;0.17500001192092896;51.5;6.375;9.5;350.0;96.0;-242.0;303.5625;-86.5;-1.0625;-0.6407470703125;0.3126220703125;-0.6112060546875;-0.34375;-0.015000000596046448;-0.07100000232458115;0.11900000274181366;-0.9780000448226929;0.01900000125169754;0.0560000017285347
687446.0;-0.9780000448226929;0.02200000174343586;0.21700000762939453;51.5;6.375;9.5;589.0;56.0;-264.0;304.0625;-86.5625;-0.9375;-0.64202880859375;0.31158447265625;-0.61199951171875;-0.34088134765625;0.0;0.006000000052154064;0.16200000047683716;-0.9780000448226929;0.01600000075995922;0.055000003427267075
687456.0;-0.9890000224113464;0.10100000351667404;0.2630000114440918;51.5;6.375;9.5;826.0;38.0;-238.0;304.625;-86.625;-0.8125;-0.6436767578125;0.30963134765625;-0.61322021484375;-0.33734130859375;-0.010000000707805157;0.0860000029206276;0.20800000429153442;-0.9790000319480896;0.014000000432133675;0.055000003427267075
687464.0;-1.0110000371932983;0.18300001323223114;0.31300002336502075;51.5;6.375;9.5;1064.0;45.0;-214.0;305.375;-86.6875;-0.75;-0.6456298828125;0.3067626953125;-0.61492919921875;-0.33306884765625;-0.03100000135600567;0.17000000178813934;0.2590000033378601;-0.9790000319480896;0.013000000268220901;0.05400000140070915
687474.0;-1.0430001020431519;0.26100000739097595;0.3710000216960907;50.375;5.6875;9.5;1344.0;69.0;-208.0;306.3125;-86.75;-0.6875;-0.64794921875;0.302978515625;-0.6171875;-0.327880859375;-0.06400000303983688;0.24900001287460327;0.31800001859664917;-0.9790000319480896;0.01100000087171793;0.05300000309944153
687484.0;-1.1140000820159912;0.4220000207424164;0.4790000319480896;50.375;5.6875;9.5;1630.0;64.0;-224.0;307.375;-86.8125;-0.5625;-0.65069580078125;0.2982177734375;-0.61981201171875;-0.3216552734375;-0.13500000536441803;0.41200003027915955;0.42600002884864807;-0.9790000319480896;0.010000000707805157;0.052000001072883606
687494.0;-1.152999997138977;0.5080000162124634;0.4970000088214874;50.375;5.6875;9.5;1825.0;3.0;-206.0;308.5;-86.875;-0.5;-0.65386962890625;0.2926025390625;-0.62255859375;-0.31500244140625;-0.17400000989437103;0.49900001287460327;0.445000022649765;-0.9790000319480896;0.009000000543892384;0.052000001072883606
687504.0;-1.1770000457763672;0.6050000190734863;0.4700000286102295;50.375;5.6875;9.5;1888.0;-125.0;-116.0;309.6875;-86.8125;-0.5;-0.6573486328125;0.2862548828125;-0.62506103515625;-0.30853271484375;-0.1980000138282776;0.5960000157356262;0.41600000858306885;-0.9790000319480896;0.009000000543892384;0.05300000309944153
687514.0;-1.1720000505447388;0.6740000247955322;0.41600000858306885;50.375;5.6875;9.5;1879.0;-299.0;29.0;310.75;-86.625;-0.5625;-0.6611328125;0.27911376953125;-0.62713623046875;-0.30291748046875;-0.19300000369548798;0.6640000343322754;0.359000027179718;-0.9780000448226929;0.010000000707805157;0.0560000017285347
687521.0;-1.1720000505447388;0.6740000247955322;0.41600000858306885;50.75;7.875;8.6875;1903.0;-499.0;234.0;311.6875;-86.3125;-0.8125;-0.6651611328125;0.27093505859375;-0.62872314453125;-0.29815673828125;-0.12600000202655792;0.7690000534057617;0.40300002694129944;-0.9780000448226929;0.014000000432133675;0.06100000441074371
687531.0;-1.1050000190734863;0.7830000519752502;0.4650000333786011;50.75;7.875;8.6875;1968.0;-684.0;456.0;312.5;-85.8125;-1.125;-0.66949462890625;0.26141357421875;-0.6300048828125;-0.29412841796875;-0.12200000882148743;0.8080000281333923;0.4750000238418579;-0.9780000448226929;0.020000001415610313;0.06800000369548798
687541.0;-1.1010000705718994;0.8280000686645508;0.5430000424385071;50.75;7.875;8.6875;2006.0;-768.0;672.0;313.25;-85.25;-1.625;-0.6737060546875;0.2508544921875;-0.63128662109375;-0.2908935546875;-0.14000000059604645;0.8420000672340393;0.5610000491142273;-0.9770000576972961;0.02800000086426735;0.07500000298023224
687551.0;-1.1170001029968262;0.8710000514984131;0.6370000243186951;50.75;7.875;8.6875;1924.0;-773.0;848.0;313.8125;-84.625;-2.25;-0.677490234375;0.239990234375;-0.632568359375;-0.28851318359375;-0.242000013589859;0.9530000686645508;0.6720000505447388;-0.9760000705718994;0.039000000804662704;0.0820000022649765
687561.0;-1.218000054359436;0.9920000433921814;0.7550000548362732;50.75;7.875;8.6875;1665.0;-769.0;978.0;314.1875;-83.9375;-2.9375;-0.6806640625;0.22955322265625;-0.633544921875;-0.28741455078125;-0.28200000524520874;0.9550000429153442;0.6690000295639038;-0.9750000238418579;0.05000000074505806;0.08900000154972076
687571.0;-1.2570000886917114;1.00600004196167;0.7590000629425049;50.75;7.875;8.6875;1665.0;-769.0;978.0;314.1875;-83.9375;-2.9375;-0.68328857421875;0.2200927734375;-0.6339111328125;-0.287841796875;-0.30900001525878906;0.9120000600814819;0.6600000262260437;-0.9730000495910645;0.06200000271201134;0.09700000286102295
687575.0;-1.2570000886917114;1.00600004196167;0.7590000629425049;50.75;7.875;8.6875;1665.0;-769.0;978.0;314.1875;-83.9375;-2.9375;-0.68328857421875;0.2200927734375;-0.6339111328125;-0.287841796875;-0.30900001525878906;0.9120000600814819;0.6600000262260437;-0.9730000495910645;0.06200000271201134;0.09700000286102295
687585.0;-1.283000111579895;0.9750000238418579;0.7580000162124634;50.375;9.0;7.0625;1286.0;-812.0;1067.0;314.25;-83.1875;-3.625;-0.68328857421875;0.2200927734375;-0.6339111328125;-0.287841796875;-0.31800001859664917;0.8530000448226929;0.6190000176429749;-0.971000075340271;0.07500000298023224;0.10600000619888306
687595.0;-1.290000081062317;0.9280000329017639;0.7250000238418579;50.375;9.0;7.0625;470.0;-1004.0;1206.0;313.625;-81.4375;-37.3125;-0.6875;0.20452880859375;-0.63165283203125;-0.2940673828125;-0.3190000057220459;0.737000048160553;0.4880000352859497;-0.9690000414848328;0.08800000697374344;0.11600000411272049
687605.0;-1.2890000343322754;0.8260000348091125;0.6040000319480896;50.375;9.0;7.0625;268.0;-1138.0;1260.0;313.125;-80.375;-38.5625;-0.68963623046875;0.19757080078125;-0.6292724609375;-0.2989501953125;-0.33100003004074097;0.6830000281333923;0.4440000355243683;-0.9670000672340393;0.10100000351667404;0.12700000405311584
687612.0;-1.2980000972747803;0.7850000262260437;0.5720000267028809;50.375;9.0;7.0625;255.0;-1256.0;1342.0;312.5;-79.3125;-39.5625;-0.69189453125;0.19024658203125;-0.62652587890625;-0.30426025390625;-0.38100001215934753;0.6390000581741333;0.398000031709671;-0.9630000591278076;0.11500000208616257;0.13900001347064972
687622.0;-1.3450000286102295;0.7550000548362732;0.5380000472068787;50.375;9.0;7.0625;255.0;-1256.0;1342.0;312.5;-79.3125;-39.5625;-0.69189453125;0.19024658203125;-0.62652587890625;-0.30426025390625;-0.38100001215934753;0.6390000581741333;0.398000031709671;-0.9590000510215759;0.13100001215934753;0.15300001204013824
687632.0;-1.406000018119812;0.7160000205039978;0.4610000252723694;50.75;7.0625;5.0;322.0;-1368.0;1515.0;311.8125;-78.0625;-40.625;-0.6942138671875;0.18194580078125;-0.62347412109375;-0.31024169921875;-0.44600000977516174;0.5840000510215759;0.30800002813339233;-0.9540000557899475;0.15000000596046448;0.16700001060962677
687642.0;-1.5220000743865967;0.625;0.36900001764297485;50.75;7.0625;5.0;307.0;-1475.0;1789.0;309.875;-75.0625;-43.125;-0.6981201171875;0.16217041015625;-0.616455078125;-0.3260498046875;-0.5900000333786011;0.3890000283718109;0.15800000727176666;-0.9470000267028809;0.1720000058412552;0.18300001323223114
687647.0;-1.5220000743865967;0.625;0.36900001764297485;50.75;7.0625;5.0;307.0;-1475.0;1789.0;309.875;-75.0625;-43.125;-0.6981201171875;0.16217041015625;-0.616455078125;-0.3260498046875;-0.5900000333786011;0.3890000283718109;0.15800000727176666;-0.9470000267028809;0.1720000058412552;0.18300001323223114
687657.0;-1.537000060081482;0.562000036239624;0.3410000205039978;50.75;7.0625;5.0;156.0;-1617.0;2153.0;308.5625;-73.3125;-44.375;-0.6993408203125;0.151123046875;-0.612060546875;-0.33685302734375;-0.5820000171661377;0.3020000159740448;0.09800000488758087;-0.9390000700950623;0.19700001180171967;0.20100000500679016
687667.0;-1.5210000276565552;0.49900001287460327;0.2990000247955322;50.75;7.0625;5.0;-41.0;-1736.0;2506.0;306.875;-71.3125;-45.5625;-0.6998291015625;0.13995361328125;-0.60699462890625;-0.34954833984375;-0.5649999976158142;0.1860000044107437;0.06300000101327896;-0.9290000200271606;0.2240000069141388;0.21900001168251038
687677.0;-1.4940000772476196;0.4100000262260437;0.28200000524520874;50.75;7.0625;5.0;-301.0;-1796.0;2802.0;306.875;-71.3125;-45.5625;-0.6998291015625;0.13995361328125;-0.60699462890625;-0.34954833984375;-0.5649999976158142;0.1860000044107437;0.06300000101327896;-0.9290000200271606;0.2240000069141388;0.21900001168251038
687687.0;-1.4910000562667847;0.406000018119812;0.2980000078678131;51.5;2.6875;1.6875;-873.0;-1854.0;3370.0;304.6875;-69.0625;-46.6875;-0.69873046875;0.12896728515625;-0.60089111328125;-0.3660888671875;-0.5750000476837158;0.1510000079870224;0.058000002056360245;-0.9160000681877136;0.2540000081062317;0.23900000751018524
687691.0;-1.4760000705718994;0.4020000100135803;0.28600001335144043;51.5;2.6875;1.6875;-873.0;-1854.0;3370.0;302.5;-66.8125;-47.5625;-0.695068359375;0.10693359375;-0.58746337890625;-0.400390625;-0.5820000171661377;0.10000000149011612;-0.00800000037997961;-0.8840000629425049;0.3150000274181366;0.281000018119812
687701.0;-1.467000126838684;0.41600000858306885;0.2720000147819519;51.5;2.6875;1.6875;-1136.0;-1867.0;3607.0;300.0625;-64.4375;-48.25;-0.69183349609375;0.09637451171875;-0.5797119140625;-0.4195556640625;-0.5720000267028809;0.07600000500679016;-0.03400000184774399;-0.8650000691413879;0.3460000157356262;0.30300000309944153
687711.0;-1.4380000829696655;0.4220000207424164;0.26900002360343933;51.5;2.6875;1.6875;-1397.0;-1854.0;3791.0;297.5;-62.0;-48.75;-0.68756103515625;0.08551025390625;-0.5712890625;-0.44000244140625;-0.5710000395774841;0.015000000596046448;-0.07800000160932541;-0.8440000414848328;0.37700000405311584;0.32600000500679016
687721.0;-1.415000081062317;0.3930000066757202;0.24700000882148743;51.5;2.6875;1.6875;-1574.0;-1869.0;4055.0;294.75;-59.375;-49.125;-0.68756103515625;0.08551025390625;-0.5712890625;-0.44000244140625;-0.5710000395774841;0.015000000596046448;-0.07800000160932541;-0.8440000414848328;0.37700000405311584;0.32600000500679016
687725.0;-1.415000081062317;0.3930000066757202;0.24700000882148743;51.5;2.6875;1.6875;-1574.0;-1869.0;4055.0;294.75;-59.375;-49.125;-0.68756103515625;0.08551025390625;-0.5712890625;-0.44000244140625;-0.5710000395774841;0.015000000596046448;-0.07800000160932541;-0.8440000414848328;0.37700000405311584;0.32600000500679016
687735.0;-1.3980001211166382;0.39500001072883606;0.2639999985694885;50.75;-4.25;-3.1875;-1368.0;-1959.0;4988.0;291.5625;-56.3125;-50.0;-0.68096923828125;0.07086181640625;-0.56298828125;-0.462890625;-0.5820000171661377;-0.021000001579523087;-0.08400000631809235;-0.8160000443458557;0.41600000858306885;0.3490000069141388
687745.0;-1.38100004196167;0.42900002002716064;0.29200002551078796;50.75;-4.25;-3.1875;-1368.0;-1959.0;4988.0;288.4375;-53.25;-50.625;-0.673828125;0.05615234375;-0.55426025390625;-0.48541259765625;-0.6010000109672546;0.1290000081062317;-0.10200000554323196;-0.7500000596046448;0.492000013589859;0.39400002360343933
687755.0;-1.352000117301941;0.6220000386238098;0.29200002551078796;50.75;-4.25;-3.1875;-1149.0;-2027.0;5436.0;285.1875;-49.9375;-51.3125;-0.6651611328125;0.03912353515625;-0.54541015625;-0.50848388671875;-0.6140000224113464;0.19500000774860382;-0.08500000089406967;-0.7090000510215759;0.5320000052452087;0.4180000126361847
687765.0;-1.3230000734329224;0.7270000576972961;0.3320000171661377;50.75;-4.25;-3.1875;-1395.0;-2216.0;5911.0;281.625;-46.25;-51.8125;-0.65496826171875;0.02105712890625;-0.5347900390625;-0.53338623046875;-0.6240000128746033;0.25300002098083496;-0.06700000166893005;-0.6640000343322754;0.5660000443458557;0.44600000977516174
687775.0;-1.2890000343322754;0.8190000653266907;0.37800002098083496;50.75;-4.25;-3.1875;-1850.0;-2281.0;5854.0;278.125;-42.625;-51.75;-0.64434814453125;0.00445556640625;-0.52203369140625;-0.55877685546875;-0.6240000128746033;0.25300002098083496;-0.06700000166893005;-0.6640000343322754;0.5660000443458557;0.44600000977516174
687782.0;-1.193000078201294;0.9340000152587891;0.4710000157356262;47.5;-15.0625;-8.0625;-2375.0;-2343.0;5573.0;274.6875;-39.125;-51.1875;-0.63397216796875;-0.00970458984375;-0.50689697265625;-0.583984375;-0.5740000009536743;0.3410000205039978;-0.004000000189989805;-0.6190000176429749;0.5920000076293945;0.47600001096725464
687792.0;-1.1460000276565552;0.893000066280365;0.5100000500679016;47.5;-15.0625;-8.0625;-2776.0;-2363.0;5172.0;271.4375;-35.8125;-50.1875;-0.6241455078125;-0.02154541015625;-0.4898681640625;-0.6082763671875;-0.5720000267028809;0.28200000524520874;0.0010000000474974513;-0.5730000138282776;0.6100000143051147;0.5090000033378601
687802.0;-1.124000072479248;0.8110000491142273;0.5470000505447388;47.5;-15.0625;-8.0625;-2966.0;-2421.0;4799.0;268.5;-32.625;-48.875;-0.614990234375;-0.03192138671875;-0.47161865234375;-0.63116455078125;-0.5950000286102295;0.18800000846385956;0.004000000189989805;-0.5290000438690186;0.6220000386238098;0.5420000553131104
687812.0;-1.1140000820159912;0.737000048160553;0.5879999995231628;47.5;-15.0625;-8.0625;-2884.0;-2532.0;4587.0;265.75;-29.5625;-47.5625;-0.606201171875;-0.04241943359375;-0.4527587890625;-0.6524658203125;-0.6300000548362732;0.1080000028014183;0.013000000268220901;-0.484000027179718;0.6290000081062317;0.5750000476837158
687822.0;-1.0070000886917114;0.6650000214576721;0.6420000195503235;47.5;-15.0625;-8.0625;-2539.0;-2624.0;4536.0;263.1875;-26.4375;-46.4375;-0.59710693359375;-0.05413818359375;-0.43438720703125;-0.67218017578125;-0.5700000524520874;0.029000001028180122;0.03700000047683716;-0.43700000643730164;0.6360000371932983;0.6040000319480896
687829.0;-1.0070000886917114;0.6650000214576721;0.6420000195503235;47.5;-15.0625;-8.0625;-2539.0;-2624.0;4536.0;263.1875;-26.4375;-46.4375;-0.59710693359375;-0.05413818359375;-0.43438720703125;-0.67218017578125;-0.5700000524520874;0.029000001028180122;0.03700000047683716;-0.43700000643730164;0.6360000371932983;0.6040000319480896
687839.0;-0.921000063419342;0.6810000538825989;0.6430000066757202;38.5625;-27.6875;-14.25;-2088.0;-2672.0;4559.0;260.75;-23.375;-45.5;-0.58740234375;-0.06744384765625;-0.41705322265625;-0.69024658203125;-0.5320000052452087;0.039000000804662704;0.012000000104308128;-0.3890000283718109;0.6420000195503235;0.6300000548362732
687849.0;-0.8650000691413879;0.7130000591278076;0.6500000357627869;38.5625;-27.6875;-14.25;-1681.0;-2708.0;4572.0;258.4375;-20.25;-44.8125;-0.5770263671875;-0.0821533203125;-0.4007568359375;-0.70684814453125;-0.5260000228881836;0.06400000303983688;-0.0020000000949949026;-0.33900001645088196;0.6480000019073486;0.6520000100135803
687859.0;-0.8460000157356262;0.7320000529289246;0.6640000343322754;38.5625;-27.6875;-14.25;-1432.0;-2747.0;4549.0;256.1875;-17.125;-44.1875;-0.5662841796875;-0.09759521484375;-0.3848876953125;-0.7222900390625;-0.5570000410079956;0.07800000160932541;-0.006000000052154064;-0.289000004529953;0.6530000567436218;0.6710000038146973
687869.0;-0.784000039100647;0.7770000100135803;0.6690000295639038;38.5625;-27.6875;-14.25;-1367.0;-2774.0;4385.0;254.0625;-14.0625;-43.5625;-0.5556640625;-0.11297607421875;-0.36895751953125;-0.7364501953125;-0.5450000166893005;0.1210000067949295;-0.01900000125169754;-0.23800000548362732;0.656000018119812;0.6880000233650208
687879.0;-0.7640000581741333;0.796000063419342;0.6720000505447388;38.5625;-27.6875;-14.25;-1466.0;-2795.0;4132.0;252.0625;-11.125;-42.875;-0.54571533203125;-0.1275634765625;-0.35247802734375;-0.74945068359375;-0.5740000009536743;0.14100000262260437;-0.03200000151991844;-0.18900001049041748;0.6540000438690186;0.7050000429153442
687887.0;-0.7240000367164612;0.8080000281333923;0.6790000200271606;27.5;-33.375;-25.0;-1689.0;-2808.0;3994.0;250.25;-8.25;-41.9375;-0.53607177734375;-0.14117431640625;-0.33489990234375;-0.761962890625;-0.5830000042915344;0.15900000929832458;-0.04200000315904617;-0.14100000262260437;0.6480000019073486;0.7210000157356262
687897.0;-0.6840000152587891;0.8110000491142273;0.6740000247955322;27.5;-33.375;-25.0;-1941.0;-2816.0;3920.0;248.4375;-5.375;-40.8125;-0.52655029296875;-0.15386962890625;-0.31610107421875;-0.7740478515625;-0.5910000205039978;0.1720000058412552;-0.06400000303983688;-0.09200000762939453;0.6380000114440918;0.7380000352859497
687907.0;-0.5470000505447388;0.7700000405311584;0.6460000276565552;27.5;-33.375;-25.0;-2155.0;-2784.0;3822.0;246.6875;-2.625;-39.5625;-0.51708984375;-0.16558837890625;-0.29632568359375;-0.78570556640625;-0.5020000338554382;0.14500001072883606;-0.1080000028014183;-0.04500000178813934;0.6240000128746033;0.7540000081062317
687917.0;-0.48900002241134644;0.7200000286102295;0.6610000133514404;27.5;-33.375;-25.0;-2292.0;-2764.0;3703.0;245.0;0.0;-38.1875;-0.50787353515625;-0.176513671875;-0.27593994140625;-0.79669189453125;-0.49000000953674316;0.11300000548362732;-0.1080000028014183;0.0;0.6060000061988831;0.7700000405311584
687927.0;-0.4830000102519989;0.6810000538825989;0.659000039100647;27.5;-33.375;-25.0;-2314.0;-2794.0;3619.0;243.4375;2.6875;-36.8125;-0.49871826171875;-0.187255859375;-0.2552490234375;-0.806884765625;-0.5300000309944153;0.09400000423192978;-0.12400000542402267;0.046000003814697266;0.5870000123977661;0.784000039100647
687929.0;-0.4830000102519989;0.6810000538825989;0.659000039100647;27.5;-33.375;-25.0;-2314.0;-2794.0;3619.0;243.4375;2.6875;-36.8125;-0.49871826171875;-0.187255859375;-0.2552490234375;-0.806884765625;-0.5300000309944153;0.09400000423192978;-0.12400000542402267;0.046000003814697266;0.5870000123977661;0.784000039100647
687939.0;-0.4830000102519989;0.6810000538825989;0.659000039100647;16.0;-35.375;-29.1875;-2204.0;-2830.0;3610.0;241.8125;5.375;-35.375;-0.4891357421875;-0.19830322265625;-0.2347412109375;-0.8162841796875;-0.5110000371932983;0.03200000151991844;-0.11300000548362732;0.09200000762939453;0.5660000443458557;0.7950000166893005
687949.0;-0.4190000295639038;0.5990000367164612;0.6810000538825989;16.0;-35.375;-29.1875;-2022.0;-2868.0;3616.0;240.25;8.0625;-34.0625;-0.47906494140625;-0.2098388671875;-0.2147216796875;-0.8248291015625;-0.49400001764297485;0.03100000135600567;-0.11400000751018524;0.13700000941753387;0.5440000295639038;0.8030000329017639
687959.0;-0.35600000619888306;0.5760000348091125;0.6890000104904175;16.0;-35.375;-29.1875;-1817.0;-2912.0;3575.0;238.75;10.6875;-32.875;-0.46868896484375;-0.221923828125;-0.1954345703125;-0.8323974609375;-0.4520000219345093;0.04400000348687172;-0.10400000214576721;0.18200001120567322;0.5230000019073486;0.8090000152587891
687969.0;-0.26900002360343933;0.5670000314712524;0.7040000557899475;16.0;-35.375;-29.1875;-1595.0;-2938.0;3497.0;237.25;13.3125;-31.6875;-0.45806884765625;-0.23443603515625;-0.177001953125;-0.8389892578125;-0.4300000071525574;0.05000000074505806;-0.0950000062584877;0.22600001096725464;0.5010000467300415;0.8110000491142273
687979.0;-0.203000009059906;0.5520000457763672;0.7150000333786011;16.0;-35.375;-29.1875;-1363.0;-2958.0;3377.0;235.8125;15.9375;-30.6875;-0.4473876953125;-0.247314453125;-0.15960693359375;-0.84454345703125;-0.32100000977516174;0.01600000075995922;-0.039000000804662704;0.26900002360343933;0.48100003600120544;0.8100000619888306
687983.0;-0.05100000277161598;0.4970000088214874;0.7700000405311584;16.0;-35.375;-29.1875;-1363.0;-2958.0;3377.0;235.8125;15.9375;-30.6875;-0.43670654296875;-0.26055908203125;-0.14337158203125;-0.84906005859375;-0.3150000274181366;0.03400000184774399;-0.01900000125169754;0.3110000193119049;0.4610000252723694;0.8070000410079956
687993.0;-0.004000000189989805;0.4960000216960907;0.7870000600814819;4.5;-33.5;-35.25;-1109.0;-2960.0;3259.0;234.375;18.4375;-29.75;-0.42596435546875;-0.2740478515625;-0.12835693359375;-0.85260009765625;-0.33900001645088196;0.07200000435113907;-0.030000001192092896;0.35100001096725464;0.44300001859664917;0.8010000586509705
688003.0;0.01100000087171793;0.5160000324249268;0.7700000405311584;4.5;-33.5;-35.25;-699.0;-2878.0;3000.0;231.75;23.3125;-28.1875;-0.41534423828125;-0.287353515625;-0.1143798828125;-0.85546875;-0.38100001215934753;0.10300000756978989;-0.052000001072883606;0.3890000283718109;0.42500001192092896;0.7930000424385071
688013.0;0.007000000216066837;0.5290000438690186;0.7400000095367432;4.5;-33.5;-35.25;-636.0;-2786.0;2895.0;230.5;25.625;-27.5;-0.40484619140625;-0.30023193359375;-0.1009521484375;-0.8577880859375;-0.41600000858306885;0.12200000882148743;-0.09100000560283661;0.4240000247955322;0.40800002217292786;0.7830000519752502
688017.0;0.007000000216066837;0.5290000438690186;0.7400000095367432;4.5;-33.5;-35.25;-636.0;-2786.0;2895.0;230.5;25.625;-27.5;-0.40484619140625;-0.30023193359375;-0.1009521484375;-0.8577880859375;-0.41600000858306885;0.12200000882148743;-0.09100000560283661;0.4240000247955322;0.40800002217292786;0.7830000519752502
688027.0;0.00800000037997961;0.5300000309944153;0.6920000314712524;4.5;-33.5;-35.25;-655.0;-2675.0;2811.0;229.25;27.875;-26.6875;-0.39447021484375;-0.3123779296875;-0.0877685546875;-0.85968017578125;-0.4280000329017639;0.11300000548362732;-0.10300000756978989;0.4580000340938568;0.3890000283718109;0.7740000486373901
688037.0;0.029000001028180122;0.503000020980835;0.6700000166893005;4.5;-33.5;-35.25;-655.0;-2675.0;2811.0;229.25;27.875;-26.6875;-0.39447021484375;-0.3123779296875;-0.0877685546875;-0.85968017578125;-0.4090000092983246;0.1080000028014183;-0.11400000751018524;0.49000000953674316;0.3700000047683716;0.7640000581741333
688047.0;0.08100000023841858;0.4780000150203705;0.6490000486373901;-7.75;-31.0;-35.25;-734.0;-2573.0;2738.0;228.0625;30.0;-25.8125;-0.3843994140625;-0.32373046875;-0.0745849609375;-0.861328125;-0.38600000739097595;0.11400000751018524;-0.1290000081062317;0.5200000405311584;0.34800001978874207;0.7540000081062317
688057.0;0.13300000131130219;0.46300002932548523;0.6240000128746033;-7.75;-31.0;-35.25;-894.0;-2464.0;2675.0;225.8125;33.9375;-23.5625;-0.36541748046875;-0.34332275390625;-0.046630859375;-0.86395263671875;-0.2750000059604645;0.12400000542402267;-0.18700000643730164;0.5480000376701355;0.32500001788139343;0.7450000643730164
688067.0;0.27300000190734863;0.4490000307559967;0.5570000410079956;-7.75;-31.0;-35.25;-1113.0;-2336.0;2604.0;224.8125;35.8125;-22.0625;-0.35675048828125;-0.35125732421875;-0.03155517578125;-0.86505126953125;-0.25699999928474426;0.1380000114440918;-0.19100001454353333;0.5730000138282776;0.2990000247955322;0.7360000610351562
688074.0;0.3160000145435333;0.43700000643730164;0.5440000295639038;-7.75;-31.0;-35.25;-1367.0;-2192.0;2541.0;223.8125;37.5;-20.375;-0.34869384765625;-0.35791015625;-0.015625;-0.8660888671875;-0.24800001084804535;0.13600000739097595;-0.18200001120567322;0.597000002861023;0.2710000276565552;0.7280000448226929
688084.0;0.3490000069141388;0.40700000524520874;0.5460000038146973;-7.75;-31.0;-35.25;-1628.0;-2055.0;2497.0;223.8125;37.5;-20.375;-0.34869384765625;-0.35791015625;-0.015625;-0.8660888671875;-0.24800001084804535;0.13600000739097595;-0.18200001120567322;0.597000002861023;0.2710000276565552;0.7280000448226929
688094.0;0.40400001406669617;0.37400001287460327;0.5710000395774841;-17.5;-28.375;-37.5;-1879.0;-1936.0;2441.0;222.9375;39.0625;-18.4375;-0.3411865234375;-0.36346435546875;0.00115966796875;-0.86688232421875;-0.21400001645088196;0.13300000131130219;-0.15000000596046448;0.6180000305175781;0.2410000115633011;0.7210000157356262
688104.0;0.4130000174045563;0.3570000231266022;0.5690000057220459;-17.5;-28.375;-37.5;-2072.0;-1839.0;2346.0;222.125;40.5625;-16.375;-0.328125;-0.3719482421875;0.0360107421875;-0.8675537109375;-0.24800001084804535;0.17100000381469727;-0.14800000190734863;0.656000018119812;0.17800000309944153;0.706000030040741
688114.0;0.40700000524520874;0.3490000069141388;0.5570000410079956;-17.5;-28.375;-37.5;-2204.0;-1764.0;2231.0;221.375;41.9375;-14.125;-0.32244873046875;-0.37548828125;0.053466796875;-0.8673095703125;-0.26600000262260437;0.1980000138282776;-0.1510000079870224;0.6720000505447388;0.14600001275539398;0.6980000138282776
688124.0;0.4050000309944153;0.3440000116825104;0.5470000505447388;-17.5;-28.375;-37.5;-2245.0;-1717.0;2130.0;220.75;43.25;-11.8125;-0.31695556640625;-0.37884521484375;0.0703125;-0.86663818359375;-0.26500001549720764;0.17800000309944153;-0.19100001454353333;0.687000036239624;0.11600000411272049;0.6890000104904175
688131.0;0.4220000207424164;0.2939999997615814;0.4970000088214874;-17.5;-28.375;-37.5;-2184.0;-1693.0;2023.0;220.125;44.5;-9.5;-0.31695556640625;-0.37884521484375;0.0703125;-0.86663818359375;-0.26500001549720764;0.17800000309944153;-0.19100001454353333;0.687000036239624;0.11600000411272049;0.6890000104904175
688141.0;0.4230000078678131;0.27400001883506775;0.4880000352859497;-23.75;-22.0625;-36.6875;-2031.0;-1708.0;1908.0;219.5625;45.6875;-7.3125;-0.31158447265625;-0.38250732421875;0.0863037109375;-0.86553955078125;-0.27900001406669617;0.18700000643730164;-0.1900000125169754;0.7020000219345093;0.08700000494718552;0.6790000200271606
688151.0;0.42500001192092896;0.27000001072883606;0.4520000219345093;-23.75;-22.0625;-36.6875;-1814.0;-1725.0;1820.0;219.0;46.875;-5.1875;-0.30615234375;-0.38653564453125;0.10107421875;-0.86407470703125;-0.2930000126361847;0.2120000123977661;-0.2330000102519989;0.7280000448226929;0.036000002175569534;0.6550000309944153
688161.0;0.4350000321865082;0.24800001084804535;0.42100003361701965;-23.75;-22.0625;-36.6875;-1589.0;-1732.0;1780.0;218.375;48.0;-3.125;-0.30029296875;-0.390869140625;0.11474609375;-0.86248779296875;-0.34200000762939453;0.22200001776218414;-0.22500000894069672;0.7410000562667847;0.012000000104308128;0.6410000324249268
688171.0;0.398000031709671;0.23500001430511475;0.41600000858306885;-23.75;-22.0625;-36.6875;-1422.0;-1757.0;1749.0;217.6875;49.0625;-1.125;-0.294189453125;-0.3955078125;0.1275634765625;-0.86065673828125;-0.34200000762939453;0.26100000739097595;-0.21900001168251038;0.753000020980835;-0.009000000543892384;0.6270000338554382
688173.0;0.398000031709671;0.23500001430511475;0.41600000858306885;-23.75;-22.0625;-36.6875;-1422.0;-1757.0;1749.0;217.6875;49.0625;-1.125;-0.294189453125;-0.3955078125;0.1275634765625;-0.86065673828125;-0.34200000762939453;0.26100000739097595;-0.21900001168251038;0.753000020980835;-0.009000000543892384;0.6270000338554382
688183.0;0.4100000262260437;0.25200000405311584;0.40800002217292786;-23.75;-22.0625;-36.6875;-1299.0;-1798.0;1680.0;217.0625;50.1875;0.8125;-0.28802490234375;-0.4005126953125;0.1397705078125;-0.85858154296875;-0.34200000762939453;0.26100000739097595;-0.21900001168251038;0.753000020980835;-0.009000000543892384;0.6270000338554382
688193.0;0.44700002670288086;0.2410000115633011;0.3930000066757202;-30.0625;-15.0;-36.6875;-1223.0;-1807.0;1563.0;216.125;51.25;2.75;-0.27984619140625;-0.40606689453125;0.1502685546875;-0.85687255859375;-0.31700000166893005;0.2710000276565552;-0.21900001168251038;0.7640000581741333;-0.029000001028180122;0.6130000352859497
688203.0;0.3530000150203705;0.1850000023841858;0.3700000047683716;-30.0625;-15.0;-36.6875;-1162.0;-1843.0;1520.0;215.5625;52.25;4.6875;-0.27398681640625;-0.41143798828125;0.1614990234375;-0.85418701171875;-0.4220000207424164;0.23400001227855682;-0.22700001299381256;0.7760000228881836;-0.049000002443790436;0.597000002861023
688213.0;0.5300000309944153;0.2330000102519989;0.37400001287460327;-30.0625;-15.0;-36.6875;-1205.0;-1866.0;1977.0;214.6875;53.25;7.125;-0.26605224609375;-0.41632080078125;0.17388916015625;-0.85186767578125;-0.25600001215934753;0.3060000240802765;-0.2070000171661377;0.7860000133514404;-0.07300000637769699;0.581000030040741
688223.0;0.6070000529289246;0.21000000834465027;0.42000001668930054;-30.0625;-15.0;-36.6875;-1431.0;-1799.0;2140.0;213.75;54.1875;10.0;-0.25787353515625;-0.42041015625;0.18756103515625;-0.8494873046875;-0.18700000643730164;0.3100000023841858;-0.14500001072883606;0.7950000166893005;-0.0990000069141388;0.5649999976158142
688228.0;0.6070000529289246;0.21000000834465027;0.42000001668930054;-30.0625;-15.0;-36.6875;-1431.0;-1799.0;2140.0;213.75;54.1875;10.0;-0.25787353515625;-0.42041015625;0.18756103515625;-0.8494873046875;-0.18700000643730164;0.3100000023841858;-0.14500001072883606;0.7950000166893005;-0.0990000069141388;0.5649999976158142
688238.0;0.5680000185966492;0.1340000033378601;0.4410000145435333;-30.0625;-15.0;-36.6875;-1606.0;-1706.0;2016.0;212.9375;54.9375;12.9375;-0.25067138671875;-0.423828125;0.2015380859375;-0.84674072265625;-0.23400001227855682;0.2600000202655792;-0.10700000822544098;0.8020000457763672;-0.12600000202655792;0.5480000376701355
688248.0;0.4480000138282776;0.08000000566244125;0.4130000174045563;-33.75;-9.0625;-35.0;-1665.0;-1727.0;2115.0;212.125;55.625;16.125;-0.24298095703125;-0.42706298828125;0.21588134765625;-0.84381103515625;-0.36000001430511475;0.23400001227855682;-0.11700000613927841;0.8090000152587891;-0.15300001204013824;0.531000018119812
688258.0;0.46800002455711365;0.07300000637769699;0.4020000100135803;-33.75;-9.0625;-35.0;-1570.0;-1833.0;2164.0;211.1875;56.25;19.375;-0.2347412109375;-0.4306640625;0.2301025390625;-0.84051513671875;-0.34700000286102295;0.2540000081062317;-0.11000000685453415;0.815000057220459;-0.1810000091791153;0.5130000114440918
688268.0;0.4740000367164612;0.07600000500679016;0.37300002574920654;-33.75;-9.0625;-35.0;-1460.0;-1970.0;2084.0;210.25;56.9375;22.75;-0.22637939453125;-0.43499755859375;0.24371337890625;-0.83673095703125;-0.34700000286102295;0.28200000524520874;-0.11900000274181366;0.8220000267028809;-0.20600001513957977;0.4930000305175781
688278.0;0.43800002336502075;0.08800000697374344;0.34800001978874207;-33.75;-9.0625;-35.0;-1360.0;-2056.0;2011.0;209.3125;57.5625;26.0625;-0.21795654296875;-0.4398193359375;0.25677490234375;-0.83251953125;-0.3890000283718109;0.3190000057220459;-0.12300000339746475;0.8270000219345093;-0.23100000619888306;0.4710000157356262
688283.0;0.3720000088214874;0.02500000037252903;0.2630000114440918;-33.75;-9.0625;-35.0;-1229.0;-2127.0;1995.0;208.3125;58.125;29.5;-0.2091064453125;-0.44500732421875;0.26922607421875;-0.828125;-0.46000000834465027;0.2800000011920929;-0.1860000044107437;0.8330000638961792;-0.2540000081062317;0.45000001788139343
688293.0;0.38200002908706665;-0.02200000174343586;0.2240000069141388;-39.25;-2.75;-32.875;-1055.0;-2203.0;1979.0;207.1875;58.625;32.9375;-0.199462890625;-0.45068359375;0.28070068359375;-0.8236083984375;-0.45500001311302185;0.2540000081062317;-0.203000009059906;0.8370000123977661;-0.2770000100135803;0.4270000159740448
688303.0;0.3930000066757202;-0.08900000154972076;0.20500001311302185;-39.25;-2.75;-32.875;-839.0;-2282.0;1992.0;206.0;59.125;36.375;-0.18939208984375;-0.45672607421875;0.29144287109375;-0.81890869140625;-0.44700002670288086;0.20900000631809235;-0.1990000158548355;0.8410000205039978;-0.2980000078678131;0.40400001406669617
688313.0;0.3830000162124634;-0.11100000888109207;0.164000004529953;-39.25;-2.75;-32.875;-626.0;-2325.0;2045.0;204.6875;59.4375;39.875;-0.178466796875;-0.462890625;0.3013916015625;-0.81427001953125;-0.4610000252723694;0.2070000171661377;-0.21700000762939453;0.8440000414848328;-0.3190000057220459;0.38200002908706665
688323.0;0.33900001645088196;-0.15700000524520874;0.11500000208616257;-39.25;-2.75;-32.875;-457.0;-2354.0;2067.0;203.25;59.6875;43.3125;-0.16693115234375;-0.46923828125;0.31060791015625;-0.80963134765625;-0.5070000290870667;0.1810000091791153;-0.24400001764297485;0.8460000157356262;-0.33900001645088196;0.359000027179718
688333.0;0.32100000977516174;-0.1680000126361847;0.09200000762939453;-39.25;-2.75;-32.875;-362.0;-2390.0;2081.0;201.75;59.8125;46.8125;-0.155029296875;-0.47564697265625;0.3193359375;-0.8048095703125;-0.5260000228881836;0.1900000125169754;-0.24300001561641693;0.8470000624656677;-0.359000027179718;0.3360000252723694
688337.0;0.32100000977516174;-0.1680000126361847;0.09200000762939453;-39.25;-2.75;-32.875;-362.0;-2390.0;2081.0;201.75;59.8125;46.8125;-0.155029296875;-0.47564697265625;0.3193359375;-0.8048095703125;-0.5260000228881836;0.1900000125169754;-0.24300001561641693;0.8470000624656677;-0.359000027179718;0.3360000252723694
688347.0;0.32100000977516174;-0.1680000126361847;0.09200000762939453;-41.875;3.0625;-27.1875;-369.0;-2404.0;2093.0;200.1875;59.8125;50.375;-0.14263916015625;-0.48211669921875;0.32794189453125;-0.7998046875;-0.5240000486373901;0.21800000965595245;-0.26200002431869507;0.8480000495910645;-0.3790000081062317;0.31300002336502075
688357.0;0.3230000138282776;-0.16100001335144043;0.05100000277161598;-41.875;3.0625;-27.1875;-527.0;-2375.0;2100.0;198.6875;59.6875;54.0;-0.1309814453125;-0.488037109375;0.33721923828125;-0.7943115234375;-0.5240000486373901;0.24900001287460327;-0.28700000047683716;0.8460000157356262;-0.39900001883506775;0.2900000214576721
688367.0;0.32200002670288086;-0.15000000596046448;0.003000000026077032;-41.875;3.0625;-27.1875;-773.0;-2298.0;2102.0;197.3125;59.4375;57.625;-0.12005615234375;-0.49334716796875;0.347412109375;-0.788330078125;-0.5330000519752502;0.24400001764297485;-0.3050000071525574;0.8440000414848328;-0.42100003361701965;0.26600000262260437
688377.0;0.3110000193119049;-0.17600001394748688;-0.039000000804662704;-41.875;3.0625;-27.1875;-994.0;-2224.0;2110.0;195.9375;59.0;61.25;-0.10980224609375;-0.49798583984375;0.35845947265625;-0.781982421875;-0.5440000295639038;0.20900000631809235;-0.31300002336502075;0.8400000333786011;-0.44200003147125244;0.242000013589859
688387.0;0.29600000381469727;-0.23200000822544098;-0.07000000029802322;-41.875;3.0625;-27.1875;-1104.0;-2215.0;2140.0;194.625;58.4375;64.875;-0.09967041015625;-0.50238037109375;0.369873046875;-0.775146484375;-0.5600000023841858;0.16600000858306885;-0.30900001525878906;0.8360000252723694;-0.46400001645088196;0.21700000762939453
688394.0;0.2750000059604645;-0.2970000207424164;-0.09100000560283661;-41.875;3.0625;-27.1875;-1104.0;-2215.0;2140.0;193.1875;57.75;68.375;-0.08892822265625;-0.5067138671875;0.38116455078125;-0.76812744140625;-0.5900000333786011;0.0950000062584877;-0.3270000219345093;0.8290000557899475;-0.48500001430511475;0.19200000166893005
688404.0;0.23900000751018524;-0.39000001549720764;-0.13500000536441803;-44.1875;7.5625;-23.5;-1055.0;-2270.0;2208.0;191.5625;56.9375;71.75;-0.07733154296875;-0.51123046875;0.3919677734375;-0.76092529296875;-0.5800000429153442;0.09200000762939453;-0.3460000157356262;0.8220000267028809;-0.5070000290870667;0.16600000858306885
688414.0;0.242000013589859;-0.4150000214576721;-0.17900000512599945;-44.1875;7.5625;-23.5;-704.0;-2463.0;2316.0;189.8125;56.0625;74.9375;-0.0648193359375;-0.51593017578125;0.4019775390625;-0.753662109375;-0.5540000200271606;0.08000000566244125;-0.3570000231266022;0.8130000233650208;-0.527999997138977;0.14100000262260437
688424.0;0.2580000162124634;-0.44700002670288086;-0.2150000035762787;-44.1875;7.5625;-23.5;-505.0;-2536.0;2345.0;187.875;55.0;77.9375;-0.05145263671875;-0.52081298828125;0.41119384765625;-0.746337890625;-0.5180000066757202;0.06400000303983688;-0.3570000231266022;0.8030000329017639;-0.5490000247955322;0.11700000613927841
688434.0;0.2850000262260437;-0.48500001430511475;-0.24000000953674316;-44.1875;7.5625;-23.5;-318.0;-2566.0;2370.0;185.75;53.9375;80.625;-0.03741455078125;-0.52557373046875;0.4195556640625;-0.7391357421875;-0.4710000157356262;0.003000000026077032;-0.34300002455711365;0.7920000553131104;-0.5690000057220459;0.09300000220537186
688443.0;0.32100000977516174;-0.5660000443458557;-0.25;-44.1875;7.5625;-23.5;-318.0;-2566.0;2370.0;185.75;53.9375;80.625;-0.03741455078125;-0.52557373046875;0.4195556640625;-0.7391357421875;-0.45000001788139343;-0.017000000923871994;-0.33400002121925354;0.7800000309944153;-0.5890000462532043;0.07100000232458115
688453.0;0.33000001311302185;-0.6060000061988831;-0.26200002431869507;-46.0;13.875;-17.6875;-169.0;-2563.0;2352.0;183.5625;52.6875;83.0625;-0.0230712890625;-0.5302734375;0.42718505859375;-0.73199462890625;-0.4190000295639038;-0.06000000238418579;-0.320000022649765;0.7670000195503235;-0.6070000529289246;0.05000000074505806
688463.0;0.34700000286102295;-0.6670000553131104;-0.27000001072883606;-46.0;13.875;-17.6875;-70.0;-2520.0;2273.0;179.1875;50.3125;87.1875;0.0050048828125;-0.53900146484375;0.44024658203125;-0.71807861328125;-0.42500001192092896;-0.16500000655651093;-0.29500001668930054;0.7540000081062317;-0.625;0.030000001192092896
688473.0;0.3290000259876251;-0.7900000214576721;-0.26500001549720764;-46.0;13.875;-17.6875;-14.0;-2421.0;2161.0;177.0;49.125;88.875;0.01837158203125;-0.54302978515625;0.44580078125;-0.71136474609375;-0.4410000145435333;-0.19200000166893005;-0.28300002217292786;0.7410000562667847;-0.6410000324249268;0.012000000104308128
688483.0;0.30000001192092896;-0.8330000638961792;-0.2710000276565552;-46.0;13.875;-17.6875;50.0;-2339.0;2049.0;174.875;47.9375;90.375;0.031494140625;-0.54705810546875;0.450439453125;-0.704833984375;-0.4390000104904175;-0.2070000171661377;-0.2760000228881836;0.7280000448226929;-0.656000018119812;-0.004000000189989805
688486.0;0.30000001192092896;-0.8330000638961792;-0.2710000276565552;-46.0;13.875;-17.6875;50.0;-2339.0;2049.0;174.875;47.9375;90.375;0.031494140625;-0.54705810546875;0.450439453125;-0.704833984375;-0.4390000104904175;-0.2070000171661377;-0.2760000228881836;0.7280000448226929;-0.656000018119812;-0.004000000189989805
688496.0;0.2880000174045563;-0.8640000224113464;-0.2800000011920929;-46.0;13.875;-17.6875;158.0;-2307.0;1937.0;174.875;47.9375;90.375;0.031494140625;-0.54705810546875;0.450439453125;-0.704833984375;-0.4390000104904175;-0.2070000171661377;-0.2760000228881836;0.7280000448226929;-0.656000018119812;-0.004000000189989805
688506.0;0.28300002217292786;-0.8970000147819519;-0.2980000078678131;-45.875;20.1875;-11.5;294.0;-2284.0;1835.0;172.5625;46.8125;91.625;0.0450439453125;-0.5513916015625;0.45391845703125;-0.69854736328125;-0.4310000240802765;-0.22600001096725464;-0.27900001406669617;0.7150000333786011;-0.6700000166893005;-0.01900000125169754
688516.0;0.2720000147819519;-0.9570000171661377;-0.3760000169277191;-45.875;20.1875;-11.5;451.0;-2258.0;1742.0;170.375;45.6875;92.75;0.0714111328125;-0.559326171875;0.4586181640625;-0.68682861328125;-0.4190000295639038;-0.27900001406669617;-0.36100003123283386;0.6890000104904175;-0.6960000395774841;-0.04500000178813934
688521.0;0.26900002360343933;-0.9750000238418579;-0.406000018119812;-45.875;20.1875;-11.5;602.0;-2243.0;1656.0;168.125;44.625;93.6875;0.08465576171875;-0.56317138671875;0.45977783203125;-0.68133544921875;-0.4230000078678131;-0.2770000100135803;-0.3450000286102295;0.6760000586509705;-0.7070000171661377;-0.0560000017285347
688531.0;0.25200000405311584;-0.984000027179718;-0.4010000228881836;-45.875;20.1875;-11.5;724.0;-2219.0;1586.0;165.8125;43.5625;94.5;0.09771728515625;-0.56695556640625;0.46038818359375;-0.67608642578125;-0.4310000240802765;-0.2550000250339508;-0.3290000259876251;0.6630000472068787;-0.7190000414848328;-0.0650000050663948
688541.0;0.23100000619888306;-0.9740000367164612;-0.39400002360343933;-45.875;20.1875;-11.5;793.0;-2180.0;1510.0;163.5;42.5625;95.1875;0.09771728515625;-0.56695556640625;0.46038818359375;-0.67608642578125;-0.4310000240802765;-0.2550000250339508;-0.3290000259876251;0.6630000472068787;-0.7190000414848328;-0.0650000050663948
688551.0;0.24000000953674316;-0.9960000514984131;-0.3970000147819519;-44.0625;24.5625;-6.5;800.0;-2106.0;1434.0;161.25;41.5625;95.75;0.1107177734375;-0.57073974609375;0.46038818359375;-0.67083740234375;-0.4100000262260437;-0.26600000262260437;-0.3230000138282776;0.6500000357627869;-0.7290000319480896;-0.07300000637769699
688555.0;0.24000000953674316;-0.9960000514984131;-0.3970000147819519;-44.0625;24.5625;-6.5;800.0;-2106.0;1434.0;161.25;41.5625;95.75;0.1107177734375;-0.57073974609375;0.46038818359375;-0.67083740234375;-0.4100000262260437;-0.26600000262260437;-0.3230000138282776;0.6500000357627869;-0.7290000319480896;-0.07300000637769699
688565.0;0.23800000548362732;-1.0170000791549683;-0.398000031709671;-44.0625;24.5625;-6.5;733.0;-1985.0;1367.0;159.125;40.625;96.3125;0.12261962890625;-0.573974609375;0.46075439453125;-0.665771484375;-0.4000000059604645;-0.2770000100135803;-0.3160000145435333;0.6260000467300415;-0.7480000257492065;-0.08900000154972076
688575.0;0.23600001633167267;-1.0390000343322754;-0.4280000329017639;-44.0625;24.5625;-6.5;642.0;-1844.0;1304.0;157.125;39.6875;96.75;0.13360595703125;-0.57684326171875;0.461181640625;-0.66082763671875;-0.34700000286102295;-0.2930000126361847;-0.36000001430511475;0.6150000095367432;-0.7570000290870667;-0.0950000062584877
688585.0;0.2670000195503235;-1.0509999990463257;-0.45600003004074097;-44.0625;24.5625;-6.5;587.0;-1706.0;1245.0;155.25;38.8125;97.1875;0.14385986328125;-0.57928466796875;0.461669921875;-0.65618896484375;-0.33100003004074097;-0.2900000214576721;-0.36000001430511475;0.6040000319480896;-0.76500004529953;-0.10100000351667404
688591.0;0.2720000147819519;-1.055999994277954;-0.4610000252723694;-44.0625;24.5625;-6.5;536.0;-1553.0;1196.0;153.5;38.0;97.5;0.1534423828125;-0.581298828125;0.4622802734375;-0.65179443359375;-0.33100003004074097;-0.2900000214576721;-0.36000001430511475;0.6040000319480896;-0.76500004529953;-0.10100000351667404
688601.0;0.27300000190734863;-1.0890001058578491;-0.45600003004074097;-41.75;27.1875;-4.0;501.0;-1415.0;1117.0;151.8125;37.1875;97.8125;0.1622314453125;-0.5830078125;0.46282958984375;-0.647705078125;-0.320000022649765;-0.3150000274181366;-0.3500000238418579;0.593000054359436;-0.7730000615119934;-0.10600000619888306
688611.0;0.30000001192092896;-1.15500009059906;-0.46400001645088196;-41.75;27.1875;-4.0;509.0;-1318.0;936.0;150.375;36.5625;98.0;0.17022705078125;-0.58477783203125;0.46282958984375;-0.64410400390625;-0.2840000092983246;-0.3750000298023224;-0.3540000021457672;0.5840000510215759;-0.7790000438690186;-0.11000000685453415
688621.0;0.22200001776218414;-1.1670000553131104;-0.531000018119812;-41.75;27.1875;-4.0;412.0;-1225.0;688.0;149.125;36.0;98.25;0.17681884765625;-0.58685302734375;0.46246337890625;-0.64068603515625;-0.3540000021457672;-0.3830000162124634;-0.41700002551078796;0.5770000219345093;-0.784000039100647;-0.11400000751018524
688631.0;0.19300000369548798;-1.2230000495910645;-0.5740000009536743;-41.75;27.1875;-4.0;222.0;-1088.0;727.0;148.0;35.5;98.5625;0.1826171875;-0.58856201171875;0.462890625;-0.63714599609375;-0.3750000298023224;-0.43400001525878906;-0.45500001311302185;0.5690000057220459;-0.7890000343322754;-0.11900000274181366
688641.0;0.3140000104904175;-1.2030000686645508;-0.5850000381469727;-41.75;27.1875;-4.0;-178.0;-946.0;1016.0;146.875;34.8125;99.0;0.18780517578125;-0.58941650390625;0.46575927734375;-0.63275146484375;-0.24500000476837158;-0.40800002217292786;-0.4580000340938568;0.5590000152587891;-0.7950000166893005;-0.12600000202655792
688641.0;0.3140000104904175;-1.2030000686645508;-0.5850000381469727;-41.75;27.1875;-4.0;-178.0;-946.0;1016.0;146.875;34.8125;99.0;0.18780517578125;-0.58941650390625;0.46575927734375;-0.63275146484375;-0.24500000476837158;-0.40800002217292786;-0.4580000340938568;0.5590000152587891;-0.7950000166893005;-0.12600000202655792
688651.0;0.3960000276565552;-1.2630000114440918;-0.5900000333786011;-39.5;30.875;-1.0625;-409.0;-737.0;721.0;146.25;34.3125;99.5;0.1904296875;-0.59027099609375;0.46893310546875;-0.62884521484375;-0.15600000321865082;-0.46400001645088196;-0.45600003004074097;0.5520000457763672;-0.7980000376701355;-0.13300000131130219
688661.0;0.28300002217292786;-1.3930000066757202;-0.6380000114440918;-39.5;30.875;-1.0625;-270.0;-571.0;148.0;145.9375;34.125;99.875;0.1915283203125;-0.59210205078125;0.46966552734375;-0.626220703125;-0.2670000195503235;-0.5940000414848328;-0.49900001287460327;0.550000011920929;-0.7990000247955322;-0.13900001347064972
688671.0;0.29600000381469727;-1.3350000381469727;-0.6660000085830688;-39.5;30.875;-1.0625;89.0;-508.0;-222.0;145.75;34.1875;100.0625;0.19232177734375;-0.59423828125;0.46820068359375;-0.62506103515625;-0.2550000250339508;-0.5370000004768372;-0.5240000486373901;0.5509999990463257;-0.7980000376701355;-0.14100000262260437
688681.0;0.28700000047683716;-1.2450000047683716;-0.656000018119812;-39.5;30.875;-1.0625;362.0;-389.0;-420.0;145.625;34.4375;100.0;0.19305419921875;-0.59619140625;0.46527099609375;-0.62518310546875;-0.2670000195503235;-0.4490000307559967;-0.51500004529953;0.5540000200271606;-0.796000063419342;-0.14000000059604645
688691.0;0.2590000033378601;-1.1680001020431519;-0.6600000262260437;-39.5;30.875;-1.0625;491.0;-250.0;-454.0;145.5625;34.6875;99.875;0.1937255859375;-0.59759521484375;0.46197509765625;-0.62603759765625;-0.2980000078678131;-0.37400001287460327;-0.5210000276565552;0.5580000281333923;-0.7940000295639038;-0.1380000114440918
688692.0;0.2590000033378601;-1.1680001020431519;-0.6600000262260437;-39.5;30.875;-1.0625;491.0;-250.0;-454.0;145.5625;34.6875;99.875;0.1937255859375;-0.59759521484375;0.46197509765625;-0.62603759765625;-0.2980000078678131;-0.37400001287460327;-0.5210000276565552;0.5580000281333923;-0.7940000295639038;-0.1380000114440918
688702.0;0.2600000202655792;-1.1290000677108765;-0.6570000052452087;-38.375;31.6875;0.5;583.0;-129.0;-376.0;145.5;34.875;99.5625;0.194580078125;-0.59832763671875;0.45867919921875;-0.62744140625;-0.30000001192092896;-0.3360000252723694;-0.5230000019073486;0.5610000491142273;-0.7920000553131104;-0.1340000033378601
688712.0;0.2720000147819519;-1.1470000743865967;-0.6630000472068787;-38.375;31.6875;0.5;704.0;-22.0;-318.0;145.375;35.0625;99.1875;0.19580078125;-0.59844970703125;0.455322265625;-0.62939453125;-0.29100000858306885;-0.35500001907348633;-0.534000039100647;0.5630000233650208;-0.7910000085830688;-0.12800000607967377
688722.0;0.30000001192092896;-1.15500009059906;-0.6420000195503235;-38.375;31.6875;0.5;838.0;78.0;-376.0;145.3125;35.3125;98.6875;0.197021484375;-0.59820556640625;0.451416015625;-0.632080078125;-0.2670000195503235;-0.36400002241134644;-0.5210000276565552;0.5670000314712524;-0.7900000214576721;-0.12000000476837158
688732.0;0.24500000476837158;-1.124000072479248;-0.5890000462532043;-38.375;31.6875;0.5;904.0;200.0;-588.0;145.4375;35.6875;98.0625;0.19744873046875;-0.5980224609375;0.44677734375;-0.63543701171875;-0.32600000500679016;-0.33500000834465027;-0.47700002789497375;0.5720000267028809;-0.7880000472068787;-0.1120000034570694
688742.0;0.19300000369548798;-1.1180000305175781;-0.5649999976158142;-38.375;31.6875;0.5;861.0;343.0;-660.0;145.6875;36.125;97.4375;0.1971435546875;-0.5975341796875;0.442138671875;-0.63922119140625;-0.3840000033378601;-0.3320000171661377;-0.4620000123977661;0.578000009059906;-0.7850000262260437;-0.10200000554323196
688748.0;0.19300000369548798;-1.1180000305175781;-0.5649999976158142;-38.375;31.6875;0.5;861.0;343.0;-660.0;145.6875;36.125;97.4375;0.1971435546875;-0.5975341796875;0.442138671875;-0.63922119140625;-0.3840000033378601;-0.3320000171661377;-0.4620000123977661;0.578000009059906;-0.7850000262260437;-0.10200000554323196
688758.0;0.19300000369548798;-1.1180000305175781;-0.5649999976158142;-38.375;31.6875;0.5;586.0;480.0;-481.0;146.0;36.4375;96.875;0.19622802734375;-0.59637451171875;0.43914794921875;-0.64263916015625;-0.3190000057220459;-0.289000004529953;-0.4520000219345093;0.5820000171661377;-0.7830000519752502;-0.0950000062584877
688768.0;0.2630000114440918;-1.0720000267028809;-0.5470000505447388;-39.0625;31.0;0.875;136.0;691.0;-444.0;146.5625;36.75;96.5625;0.19354248046875;-0.594970703125;0.43798828125;-0.64556884765625;-0.29100000858306885;-0.29200002551078796;-0.44600000977516174;0.5870000123977661;-0.7800000309944153;-0.08900000154972076
688778.0;0.29500001668930054;-1.0720000267028809;-0.5360000133514404;-39.0625;31.0;0.875;-251.0;898.0;-602.0;147.5;37.1875;96.3125;0.18865966796875;-0.593505859375;0.4378662109375;-0.6484375;-0.29100000858306885;-0.3790000081062317;-0.48100003600120544;0.5920000076293945;-0.7760000228881836;-0.0860000029206276
688785.0;0.30000001192092896;-1.15500009059906;-0.5670000314712524;-39.0625;31.0;0.875;-418.0;1073.0;-903.0;148.8125;37.75;96.125;0.1817626953125;-0.59234619140625;0.4375;-0.65167236328125;-0.30900001525878906;-0.40300002694129944;-0.4700000286102295;0.6010000109672546;-0.7700000405311584;-0.0820000022649765
688795.0;0.29100000858306885;-1.1740000247955322;-0.5530000329017639;-39.0625;31.0;0.875;-442.0;1233.0;-1088.0;150.25;38.5;95.875;0.17376708984375;-0.59100341796875;0.43682861328125;-0.655517578125;-0.3400000035762787;-0.3960000276565552;-0.47200003266334534;0.6110000014305115;-0.7630000114440918;-0.07800000160932541
688805.0;0.27000001072883606;-1.159000039100647;-0.5509999990463257;-39.0625;31.0;0.875;-442.0;1233.0;-1088.0;151.8125;39.3125;95.5;0.1654052734375;-0.5892333984375;0.43572998046875;-0.65997314453125;-0.33000001311302185;-0.406000018119812;-0.48500001430511475;0.6210000514984131;-0.7550000548362732;-0.07200000435113907
688815.0;0.2900000214576721;-1.1610000133514404;-0.5580000281333923;-40.5625;29.875;-2.375;-382.0;1371.0;-1155.0;151.8125;39.3125;95.5;0.15655517578125;-0.587158203125;0.43408203125;-0.6650390625;-0.3320000171661377;-0.34300002455711365;-0.4270000159740448;0.6320000290870667;-0.7460000514984131;-0.0650000050663948
688821.0;0.30000001192092896;-1.0890001058578491;-0.492000013589859;-40.5625;29.875;-2.375;-194.0;1623.0;-1471.0;155.25;41.125;94.3125;0.1470947265625;-0.5849609375;0.4315185546875;-0.6707763671875;-0.35600000619888306;-0.3370000123977661;-0.41200003027915955;0.6450000405311584;-0.7360000610351562;-0.055000003427267075
688831.0;0.2880000174045563;-1.0730000734329224;-0.46800002455711365;-40.5625;29.875;-2.375;-94.0;1733.0;-1619.0;157.0625;42.125;93.5;0.1370849609375;-0.58251953125;0.42816162109375;-0.6771240234375;-0.38100001215934753;-0.33400002121925354;-0.3790000081062317;0.6580000519752502;-0.7250000238418579;-0.04400000348687172
688841.0;0.2770000100135803;-1.0600000619888306;-0.4240000247955322;-40.5625;29.875;-2.375;-32.0;1822.0;-1629.0;158.9375;43.1875;92.5;0.12701416015625;-0.5797119140625;0.424560546875;-0.68377685546875;-0.4150000214576721;-0.3050000071525574;-0.34700000286102295;0.6710000038146973;-0.7130000591278076;-0.03100000135600567
688851.0;0.2550000250339508;-1.0190000534057617;-0.3790000081062317;-40.5625;29.875;-2.375;-32.0;1822.0;-1629.0;158.9375;43.1875;92.5;0.12701416015625;-0.5797119140625;0.424560546875;-0.68377685546875;-0.3840000033378601;-0.2680000066757202;-0.3020000159740448;0.6830000281333923;-0.7020000219345093;-0.018000001087784767
688854.0;0.2550000250339508;-1.0190000534057617;-0.3790000081062317;-40.5625;29.875;-2.375;-32.0;1822.0;-1629.0;158.9375;43.1875;92.5;0.12701416015625;-0.5797119140625;0.424560546875;-0.68377685546875;-0.3840000033378601;-0.2680000066757202;-0.3020000159740448;0.6830000281333923;-0.7020000219345093;-0.018000001087784767
688864.0;0.2990000247955322;-0.971000075340271;-0.320000022649765;-42.0625;28.375;-3.5625;6.0;1892.0;-1548.0;160.6875;44.1875;91.4375;0.1171875;-0.5762939453125;0.42108154296875;-0.6905517578125;-0.3840000033378601;-0.2680000066757202;-0.3020000159740448;0.6950000524520874;-0.6910000443458557;-0.003000000026077032
688874.0;0.3230000138282776;-0.984000027179718;-0.2880000174045563;-42.0625;28.375;-3.5625;95.0;1930.0;-1550.0;164.1875;46.125;88.875;0.09783935546875;-0.5689697265625;0.41204833984375;-0.70489501953125;-0.3830000162124634;-0.29500001668930054;-0.28200000524520874;0.7070000171661377;-0.6780000329017639;0.012000000104308128
688884.0;0.3240000009536743;-0.9730000495910645;-0.26900002360343933;-42.0625;28.375;-3.5625;278.0;1939.0;-1693.0;165.875;47.25;87.375;0.088134765625;-0.56561279296875;0.4056396484375;-0.71258544921875;-0.4130000174045563;-0.2120000123977661;-0.19300000369548798;0.7200000286102295;-0.6640000343322754;0.030000001192092896
688887.0;0.3240000009536743;-0.9730000495910645;-0.26900002360343933;-42.0625;28.375;-3.5625;278.0;1939.0;-1693.0;165.875;47.25;87.375;0.088134765625;-0.56561279296875;0.4056396484375;-0.71258544921875;-0.4130000174045563;-0.2120000123977661;-0.19300000369548798;0.7200000286102295;-0.6640000343322754;0.030000001192092896
688897.0;0.3070000112056732;-0.8770000338554382;-0.16300000250339508;-42.0625;28.375;-3.5625;466.0;1914.0;-1866.0;167.5625;48.375;85.6875;0.0782470703125;-0.56243896484375;0.39849853515625;-0.72021484375;-0.43300002813339233;-0.20400001108646393;-0.1860000044107437;0.7330000400543213;-0.6490000486373901;0.04800000041723251
688907.0;0.2990000247955322;-0.8530000448226929;-0.13700000941753387;-42.0625;28.375;-3.5625;554.0;1883.0;-1988.0;167.5625;48.375;85.6875;0.0782470703125;-0.56243896484375;0.39849853515625;-0.72021484375;-0.43300002813339233;-0.20400001108646393;-0.1860000044107437;0.7330000400543213;-0.6490000486373901;0.04800000041723251
688917.0;0.31700000166893005;-0.8480000495910645;-0.11800000816583633;-44.5625;24.25;-7.75;553.0;1846.0;-2076.0;169.25;49.5;83.9375;0.068115234375;-0.55950927734375;0.39093017578125;-0.7276611328125;-0.4280000329017639;-0.2160000056028366;-0.1850000023841858;0.7460000514984131;-0.6320000290870667;0.06599999964237213
688921.0;0.3270000219345093;-0.8380000591278076;-0.10000000149011612;-44.5625;24.25;-7.75;535.0;1813.0;-2122.0;171.0;50.6875;82.125;0.04742431640625;-0.55389404296875;0.37518310546875;-0.74176025390625;-0.43400001525878906;-0.22500000894069672;-0.19100001454353333;0.7700000405311584;-0.597000002861023;0.10200000554323196
688931.0;0.3360000252723694;-0.8230000138282776;-0.08800000697374344;-44.5625;24.25;-7.75;551.0;1781.0;-2169.0;172.625;51.8125;80.1875;0.03704833984375;-0.55133056640625;0.36663818359375;-0.74847412109375;-0.4180000126361847;-0.24000000953674316;-0.19100001454353333;0.7820000648498535;-0.578000009059906;0.12000000476837158
688941.0;0.36400002241134644;-0.8180000185966492;-0.07000000029802322;-44.5625;24.25;-7.75;618.0;1732.0;-2230.0;174.3125;52.9375;78.1875;0.0267333984375;-0.548828125;0.357421875;-0.75518798828125;-0.4310000240802765;-0.23100000619888306;-0.18200001120567322;0.7940000295639038;-0.5580000281333923;0.13900001347064972
688951.0;0.3620000183582306;-0.7900000214576721;-0.0430000014603138;-44.5625;24.25;-7.75;709.0;1702.0;-2298.0;175.9375;54.0625;75.9375;0.0267333984375;-0.548828125;0.357421875;-0.75518798828125;-0.4310000240802765;-0.23100000619888306;-0.18200001120567322;0.7940000295639038;-0.5580000281333923;0.13900001347064972
688953.0;0.3620000183582306;-0.7900000214576721;-0.0430000014603138;-44.5625;24.25;-7.75;709.0;1702.0;-2298.0;175.9375;54.0625;75.9375;0.0267333984375;-0.548828125;0.357421875;-0.75518798828125;-0.4310000240802765;-0.23100000619888306;-0.18200001120567322;0.7940000295639038;-0.5580000281333923;0.13900001347064972
688963.0;0.35200002789497375;-0.7500000596046448;-0.029000001028180122;-45.6875;19.1875;-13.0625;791.0;1689.0;-2381.0;177.5;55.1875;73.5625;0.016357421875;-0.54644775390625;0.34759521484375;-0.76177978515625;-0.453000009059906;-0.21300001442432404;-0.18700000643730164;0.8050000667572021;-0.5360000133514404;0.15800000727176666
688973.0;0.38700002431869507;-0.6850000619888306;-0.06300000101327896;-45.6875;19.1875;-13.0625;851.0;1677.0;-2477.0;179.125;56.3125;70.9375;0.0057373046875;-0.5440673828125;0.33709716796875;-0.768310546875;-0.4240000247955322;-0.1770000010728836;-0.2710000276565552;0.8260000348091125;-0.49000000953674316;0.19600000977516174
688983.0;0.4010000228881836;-0.6670000553131104;-0.07500000298023224;-45.6875;19.1875;-13.0625;923.0;1684.0;-2571.0;180.6875;57.375;68.125;-0.0050048828125;-0.54168701171875;0.32598876953125;-0.7747802734375;-0.4350000321865082;-0.17000000178813934;-0.2750000059604645;0.8360000252723694;-0.46400001645088196;0.2160000056028366
688986.0;0.4010000228881836;-0.6670000553131104;-0.07500000298023224;-45.6875;19.1875;-13.0625;923.0;1684.0;-2571.0;180.6875;57.375;68.125;-0.0050048828125;-0.54168701171875;0.32598876953125;-0.7747802734375;-0.4350000321865082;-0.17000000178813934;-0.2750000059604645;0.8360000252723694;-0.46400001645088196;0.2160000056028366
688996.0;0.4000000059604645;-0.6350000500679016;-0.058000002056360245;-45.6875;19.1875;-13.0625;1023.0;1704.0;-2650.0;182.3125;58.4375;64.9375;-0.015869140625;-0.53924560546875;0.31414794921875;-0.78118896484375;-0.4350000321865082;-0.17000000178813934;-0.2750000059604645;0.8440000414848328;-0.43700000643730164;0.2370000183582306
689006.0;0.39900001883506775;-0.5380000472068787;-0.014000000432133675;-45.6875;19.1875;-13.0625;1103.0;1728.0;-2712.0;183.875;59.4375;61.5;-0.02679443359375;-0.53662109375;0.3016357421875;-0.78759765625;-0.445000022649765;-0.10000000149011612;-0.25200000405311584;0.8440000414848328;-0.43700000643730164;0.2370000183582306
689016.0;0.41200003027915955;-0.48900002241134644;0.03800000250339508;-46.75;12.5;-16.75;1111.0;1764.0;-2772.0;185.4375;60.375;57.75;-0.0379638671875;-0.53375244140625;0.28887939453125;-0.7938232421875;-0.4400000274181366;-0.07900000363588333;-0.21900001168251038;0.8520000576972961;-0.4100000262260437;0.2580000162124634
689026.0;0.4090000092983246;-0.453000009059906;0.07300000637769699;-46.75;12.5;-16.75;1046.0;1823.0;-2826.0;187.0625;61.125;53.8125;-0.04962158203125;-0.53057861328125;0.276123046875;-0.79986572265625;-0.45000001788139343;-0.07200000435113907;-0.20500001311302185;0.859000027179718;-0.38100001215934753;0.27900001406669617
689036.0;0.3960000276565552;-0.42900002002716064;0.06400000303983688;-46.75;12.5;-16.75;959.0;1885.0;-2866.0;188.75;61.8125;49.5625;-0.061767578125;-0.52691650390625;0.26348876953125;-0.8056640625;-0.46800002455711365;-0.07700000703334808;-0.23500001430511475;0.8640000224113464;-0.35200002789497375;0.2990000247955322
689038.0;0.3960000276565552;-0.42900002002716064;0.06400000303983688;-46.75;12.5;-16.75;959.0;1885.0;-2866.0;188.75;61.8125;49.5625;-0.061767578125;-0.52691650390625;0.26348876953125;-0.8056640625;-0.46800002455711365;-0.07700000703334808;-0.23500001430511475;0.8640000224113464;-0.35200002789497375;0.2990000247955322
689048.0;0.4130000174045563;-0.35100001096725464;0.046000003814697266;-46.75;12.5;-16.75;898.0;1930.0;-2908.0;190.4375;62.3125;45.1875;-0.0743408203125;-0.52294921875;0.25091552734375;-0.81121826171875;-0.45500001311302185;-0.02800000086426735;-0.27400001883506775;0.8680000305175781;-0.32200002670288086;0.320000022649765
689058.0;0.4190000295639038;-0.2900000214576721;0.046000003814697266;-46.75;12.5;-16.75;857.0;1973.0;-2917.0;192.125;62.625;40.625;-0.0870361328125;-0.51861572265625;0.23834228515625;-0.81646728515625;-0.45100003480911255;0.0020000000949949026;-0.29500001668930054;0.8710000514984131;-0.2930000126361847;0.3410000205039978
689068.0;0.4140000343322754;-0.22700001299381256;0.04400000348687172;-46.0625;5.75;-22.5625;808.0;2031.0;-2910.0;193.8125;62.75;35.9375;-0.09991455078125;-0.5137939453125;0.2259521484375;-0.82159423828125;-0.4570000171661377;0.03500000014901161;-0.31800001859664917;0.8720000386238098;-0.2630000114440918;0.3620000183582306
689071.0;0.40800002217292786;-0.20000000298023224;0.024000000208616257;-46.0625;5.75;-22.5625;748.0;2103.0;-2900.0;195.5625;62.6875;31.3125;-0.11297607421875;-0.5084228515625;0.21368408203125;-0.82647705078125;-0.4620000123977661;0.032999999821186066;-0.36000001430511475;0.8710000514984131;-0.2330000102519989;0.3840000033378601
689081.0;0.37400001287460327;-0.20500001311302185;0.03200000151991844;-46.0625;5.75;-22.5625;746.0;2174.0;-2887.0;197.1875;62.375;26.6875;-0.1259765625;-0.5025634765625;0.20135498046875;-0.831298828125;-0.49400001764297485;-0.0010000000474974513;-0.37300002574920654;0.8690000176429749;-0.20400001108646393;0.4050000309944153
689091.0;0.3460000157356262;-0.22200001776218414;0.026000000536441803;-46.0625;5.75;-22.5625;856.0;2214.0;-2847.0;198.8125;61.875;22.125;-0.1385498046875;-0.496337890625;0.18853759765625;-0.83599853515625;-0.5180000066757202;-0.04700000211596489;-0.4000000059604645;0.8650000691413879;-0.17400000989437103;0.4270000159740448
689101.0;0.3270000219345093;-0.23500001430511475;0.006000000052154064;-46.0625;5.75;-22.5625;1105.0;2168.0;-2790.0;200.1875;61.1875;17.6875;-0.15008544921875;-0.490234375;0.1746826171875;-0.840576171875;-0.5320000052452087;-0.09100000560283661;-0.44300001859664917;0.859000027179718;-0.14300000667572021;0.4490000307559967
689103.0;0.3270000219345093;-0.23500001430511475;0.006000000052154064;-46.0625;5.75;-22.5625;1105.0;2168.0;-2790.0;200.1875;61.1875;17.6875;-0.15008544921875;-0.490234375;0.1746826171875;-0.840576171875;-0.5320000052452087;-0.09100000560283661;-0.44300001859664917;0.859000027179718;-0.14300000667572021;0.4490000307559967
689113.0;0.33400002121925354;-0.2160000056028366;-0.01900000125169754;-44.5625;-2.375;-27.0625;1412.0;2046.0;-2741.0;201.5;60.4375;13.375;-0.16046142578125;-0.4847412109375;0.15966796875;-0.8448486328125;-0.5190000534057617;-0.10400000214576721;-0.4880000352859497;0.8530000448226929;-0.1120000034570694;0.4690000116825104
689123.0;0.3440000116825104;-0.20200000703334808;-0.03700000047683716;-44.5625;-2.375;-27.0625;1660.0;1971.0;-2717.0;202.625;59.625;9.1875;-0.169921875;-0.47955322265625;0.14361572265625;-0.84881591796875;-0.5010000467300415;-0.12200000882148743;-0.5260000228881836;0.8460000157356262;-0.07900000363588333;0.48900002241134644
689133.0;0.2770000100135803;-0.18900001049041748;-0.04100000113248825;-44.5625;-2.375;-27.0625;1759.0;2024.0;-2727.0;203.6875;58.625;5.125;-0.17919921875;-0.4739990234375;0.12701416015625;-0.8526611328125;-0.5600000023841858;-0.14300000667572021;-0.5490000247955322;0.8370000123977661;-0.04500000178813934;0.5080000162124634
689143.0;0.1940000057220459;-0.15900000929832458;-0.036000002175569534;-44.5625;-2.375;-27.0625;1699.0;2132.0;-2827.0;204.875;57.4375;1.25;-0.1890869140625;-0.46783447265625;0.1102294921875;-0.85626220703125;-0.6320000290870667;-0.14800000190734863;-0.5630000233650208;0.8260000348091125;-0.01100000087171793;0.5270000100135803
689153.0;0.1940000057220459;-0.15900000929832458;-0.036000002175569534;-44.5625;-2.375;-27.0625;1543.0;2240.0;-3006.0;206.1875;56.0625;-2.375;-0.2000732421875;-0.46087646484375;0.09356689453125;-0.8594970703125;-0.6880000233650208;-0.1080000028014183;-0.5270000100135803;0.8130000233650208;0.023000001907348633;0.5460000038146973
689153.0;0.1940000057220459;-0.15900000929832458;-0.036000002175569534;-44.5625;-2.375;-27.0625;1543.0;2240.0;-3006.0;206.1875;56.0625;-2.375;-0.2000732421875;-0.46087646484375;0.09356689453125;-0.8594970703125;-0.6880000233650208;-0.1080000028014183;-0.5270000100135803;0.8130000233650208;0.023000001907348633;0.5460000038146973
689163.0;0.125;-0.08500000089406967;0.01900000125169754;-44.5625;-2.375;-27.0625;1314.0;2374.0;-3220.0;207.6875;54.4375;-5.8125;-0.212646484375;-0.4530029296875;0.07720947265625;-0.8623046875;-0.703000009059906;-0.08000000566244125;-0.527999997138977;0.7980000376701355;0.058000002056360245;0.5660000443458557
689173.0;0.09400000423192978;-0.02200000174343586;0.03800000250339508;-40.5;-10.0;-29.1875;1076.0;2572.0;-3419.0;209.3125;52.625;-9.0;-0.22662353515625;-0.44378662109375;0.061279296875;-0.8648681640625;-0.7380000352859497;-0.04000000283122063;-0.5430000424385071;0.7790000438690186;0.09300000220537186;0.5870000123977661
689183.0;0.04100000113248825;0.05300000309944153;0.0430000014603138;-40.5;-10.0;-29.1875;948.0;2801.0;-3642.0;211.125;50.5625;-11.9375;-0.24188232421875;-0.43316650390625;0.0450439453125;-0.86712646484375;-0.7540000081062317;-0.03100000135600567;-0.5710000395774841;0.7580000162124634;0.12800000607967377;0.6080000400543213
689193.0;0.003000000026077032;0.09700000286102295;0.036000002175569534;-40.5;-10.0;-29.1875;1044.0;2998.0;-4000.0;213.125;48.25;-14.8125;-0.2584228515625;-0.42156982421875;0.02728271484375;-0.8687744140625;-0.7890000343322754;-0.015000000596046448;-0.5900000333786011;0.7320000529289246;0.16700001060962677;0.6300000548362732
689203.0;-0.05700000375509262;0.1510000079870224;0.039000000804662704;-40.5;-10.0;-29.1875;1384.0;3140.0;-4196.0;215.0625;45.75;-17.6875;-0.27490234375;-0.40948486328125;0.00726318359375;-0.869873046875;-0.8370000123977661;0.021000001579523087;-0.6440000534057617;0.7020000219345093;0.20800000429153442;0.6510000228881836
689205.0;-0.05700000375509262;0.1510000079870224;0.039000000804662704;-40.5;-10.0;-29.1875;1384.0;3140.0;-4196.0;215.0625;45.75;-17.6875;-0.27490234375;-0.40948486328125;0.00726318359375;-0.869873046875;-0.8370000123977661;0.021000001579523087;-0.6440000534057617;0.7020000219345093;0.20800000429153442;0.6510000228881836
689215.0;-0.1340000033378601;0.2290000170469284;0.007000000216066837;-40.5;-10.0;-29.1875;1384.0;3140.0;-4196.0;215.0625;45.75;-17.6875;-0.28961181640625;-0.397705078125;-0.01373291015625;-0.8704833984375;-0.8460000157356262;0.1080000028014183;-0.6570000052452087;0.6710000038146973;0.24900001287460327;0.6700000166893005
689225.0;-0.17500001192092896;0.3570000231266022;0.012000000104308128;-33.75;-17.375;-32.0;1706.0;3107.0;-4010.0;216.75;43.1875;-20.375;-0.30316162109375;-0.3865966796875;-0.0360107421875;-0.8702392578125;-0.7980000376701355;0.12700000405311584;-0.6440000534057617;0.6380000114440918;0.29100000858306885;0.6840000152587891
689235.0;-0.1600000113248825;0.4180000126361847;0.04000000283122063;-33.75;-17.375;-32.0;2342.0;2995.0;-3975.0;219.9375;37.9375;-25.625;-0.31591796875;-0.37567138671875;-0.05963134765625;-0.86920166015625;-0.8420000672340393;0.10500000417232513;-0.5830000042915344;0.6030000448226929;0.33400002121925354;0.6960000395774841
689241.0;-0.23800000548362732;0.4400000274181366;0.11300000548362732;-33.75;-17.375;-32.0;2615.0;3054.0;-3826.0;221.3125;35.25;-28.125;-0.32720947265625;-0.36468505859375;-0.08428955078125;-0.86767578125;-0.8610000610351562;0.0560000017285347;-0.5120000243186951;0.5660000443458557;0.37700000405311584;0.7050000429153442
689251.0;-0.29500001668930054;0.43300002813339233;0.19300000369548798;-33.75;-17.375;-32.0;2615.0;3054.0;-3826.0;222.625;32.5;-30.5625;-0.3380126953125;-0.353515625;-0.10980224609375;-0.86529541015625;-0.8740000128746033;0.06300000101327896;-0.49500003457069397;0.5270000100135803;0.42000001668930054;0.7110000252723694
689261.0;-0.34700000286102295;0.484000027179718;0.2160000056028366;-33.75;-17.375;-32.0;2794.0;3081.0;-3863.0;222.625;32.5;-30.5625;-0.3380126953125;-0.353515625;-0.10980224609375;-0.86529541015625;-0.8740000128746033;0.06300000101327896;-0.49500003457069397;0.48500001430511475;0.4620000123977661;0.7150000333786011
689271.0;-0.4780000150203705;0.6290000081062317;0.29100000858306885;-23.75;-26.75;-33.6875;2750.0;3084.0;-3925.0;224.0625;29.625;-32.8125;-0.348876953125;-0.3419189453125;-0.1351318359375;-0.862060546875;-0.9640000462532043;0.16600000858306885;-0.4230000078678131;0.44200003147125244;0.5;0.7170000076293945
689276.0;-0.4780000150203705;0.6290000081062317;0.29100000858306885;-23.75;-26.75;-33.6875;2750.0;3084.0;-3925.0;224.0625;29.625;-32.8125;-0.348876953125;-0.3419189453125;-0.1351318359375;-0.862060546875;-0.9640000462532043;0.16600000858306885;-0.4230000078678131;0.44200003147125244;0.5;0.7170000076293945
689286.0;-0.5250000357627869;0.7020000219345093;0.3760000169277191;-23.75;-26.75;-33.6875;2455.0;3037.0;-3899.0;227.0625;23.9375;-36.4375;-0.3719482421875;-0.31640625;-0.17999267578125;-0.85394287109375;-0.9340000152587891;0.22700001299381256;-0.3290000259876251;0.398000031709671;0.5320000052452087;0.7200000286102295
689296.0;-0.5350000262260437;0.7590000629425049;0.39100003242492676;-23.75;-26.75;-33.6875;1900.0;2962.0;-3977.0;228.75;21.0625;-37.5625;-0.38519287109375;-0.3017578125;-0.1982421875;-0.84930419921875;-0.8630000352859497;0.2160000056028366;-0.34700000286102295;0.35200002789497375;0.5580000281333923;0.7240000367164612
689306.0;-0.5100000500679016;0.7740000486373901;0.37700000405311584;-23.75;-26.75;-33.6875;1291.0;2931.0;-4069.0;228.75;21.0625;-37.5625;-0.39849853515625;-0.28607177734375;-0.21429443359375;-0.84466552734375;-0.8080000281333923;0.14400000870227814;-0.4100000262260437;0.3060000240802765;0.578000009059906;0.7300000190734863
689311.0;-0.5020000338554382;0.7230000495910645;0.3190000057220459;-23.75;-26.75;-33.6875;842.0;2929.0;-3985.0;230.5;18.1875;-38.375;-0.39849853515625;-0.28607177734375;-0.21429443359375;-0.84466552734375;-0.8080000281333923;0.14400000870227814;-0.4100000262260437;0.3060000240802765;0.578000009059906;0.7300000190734863
689321.0;-0.5550000071525574;0.6730000376701355;0.3100000023841858;-11.5;-33.875;-32.0;667.0;2895.0;-3743.0;232.0625;15.375;-39.0;-0.4107666015625;-0.270263671875;-0.22894287109375;-0.84014892578125;-0.8160000443458557;0.07800000160932541;-0.4230000078678131;0.2600000202655792;0.5940000414848328;0.734000027179718
689331.0;-0.6340000033378601;0.6070000529289246;0.30400002002716064;-11.5;-33.875;-32.0;843.0;2883.0;-3447.0;233.5;12.75;-39.625;-0.4298095703125;-0.24114990234375;-0.26007080078125;-0.830322265625;-0.8940000534057617;-0.05300000309944153;-0.44700002670288086;0.1730000078678131;0.6260000467300415;0.7330000400543213
689341.0;-0.7200000286102295;0.5730000138282776;0.2850000262260437;-11.5;-33.875;-32.0;1303.0;2857.0;-3198.0;234.6875;10.1875;-40.5;-0.43695068359375;-0.2291259765625;-0.278564453125;-0.823974609375;-0.9770000576972961;-0.07300000637769699;-0.2760000228881836;0.13100001215934753;0.6460000276565552;0.7250000238418579
689351.0;-0.8450000286102295;0.5720000267028809;0.4480000138282776;-11.5;-33.875;-32.0;1912.0;2749.0;-3078.0;235.875;7.6875;-41.6875;-0.43695068359375;-0.2291259765625;-0.278564453125;-0.823974609375;-0.9470000267028809;-0.02800000086426735;-0.21700000762939453;0.08900000154972076;0.6680000424385071;0.7120000123977661
689361.0;-0.8570000529289246;0.6390000581741333;0.49500003457069397;-11.5;-33.875;-32.0;2363.0;2659.0;-3106.0;237.0;5.25;-43.125;-0.443603515625;-0.2183837890625;-0.29864501953125;-0.8162841796875;-0.9470000267028809;-0.02800000086426735;-0.21700000762939453;0.08900000154972076;0.6680000424385071;0.7120000123977661
689368.0;-0.8570000529289246;0.6390000581741333;0.49500003457069397;-11.5;-33.875;-32.0;2363.0;2659.0;-3106.0;237.0;5.25;-43.125;-0.443603515625;-0.2183837890625;-0.29864501953125;-0.8162841796875;-0.9470000267028809;-0.02800000086426735;-0.21700000762939453;0.08900000154972076;0.6680000424385071;0.7120000123977661
689378.0;-0.8690000176429749;0.7110000252723694;0.4870000183582306;1.0625;-37.5625;-29.5;2449.0;2593.0;-3270.0;238.3125;2.75;-44.625;-0.45062255859375;-0.20770263671875;-0.31890869140625;-0.8074951171875;-0.9160000681877136;0.02200000174343586;-0.20900000631809235;0.04700000211596489;0.6880000233650208;0.6960000395774841
689388.0;-0.8860000371932983;0.76500004529953;0.5210000276565552;1.0625;-37.5625;-29.5;2103.0;2600.0;-3487.0;239.75;0.125;-45.9375;-0.4586181640625;-0.19573974609375;-0.33782958984375;-0.79827880859375;-0.9410000443458557;0.055000003427267075;-0.10600000619888306;-0.04400000348687172;0.7140000462532043;0.6700000166893005
689398.0;-0.9850000739097595;0.7690000534057617;0.5630000233650208;1.0625;-37.5625;-29.5;1406.0;2709.0;-3718.0;241.3125;-2.5625;-46.75;-0.4678955078125;-0.1810302734375;-0.35400390625;-0.789306640625;-0.9410000443458557;0.055000003427267075;-0.10600000619888306;-0.09300000220537186;0.7150000333786011;0.6630000472068787
689408.0;-1.0230000019073486;0.7210000157356262;0.6010000109672546;1.0625;-37.5625;-29.5;646.0;2944.0;-3761.0;242.8125;-5.4375;-47.125;-0.477294921875;-0.16326904296875;-0.367431640625;-0.7813720703125;-0.9290000200271606;0.005000000353902578;-0.06200000271201134;-0.1420000046491623;0.7120000123977661;0.6580000519752502
689416.0;-0.9530000686645508;0.7130000591278076;0.6600000262260437;1.0625;-37.5625;-29.5;101.0;3134.0;-3501.0;244.125;-8.3125;-47.1875;-0.48541259765625;-0.14373779296875;-0.378662109375;-0.7747802734375;-0.8110000491142273;0.0010000000474974513;0.0010000000474974513;-0.1420000046491623;0.7120000123977661;0.6580000519752502
689426.0;-1.1090000867843628;0.7470000386238098;0.7460000514984131;12.25;-39.0625;-24.5625;-292.0;3283.0;-3909.0;245.5625;-11.375;-47.0;-0.494873046875;-0.1217041015625;-0.38873291015625;-0.767578125;-0.9150000214576721;0.04400000348687172;0.09100000560283661;-0.1940000057220459;0.703000009059906;0.6550000309944153
689436.0;-1.2290000915527344;0.7280000448226929;0.7950000166893005;12.25;-39.0625;-24.5625;-478.0;3237.0;-4605.0;247.5;-14.75;-46.625;-0.5069580078125;-0.09783935546875;-0.39801025390625;-0.75830078125;-0.9790000319480896;0.039000000804662704;0.14400000870227814;-0.25;0.6890000104904175;0.6510000228881836
689446.0;-1.308000087738037;0.7410000562667847;0.7450000643730164;12.25;-39.0625;-24.5625;-556.0;3371.0;-4340.0;249.1875;-18.0625;-46.1875;-0.517333984375;-0.07373046875;-0.4068603515625;-0.749267578125;-1.003000020980835;0.06800000369548798;0.0990000069141388;-0.30400002002716064;0.6720000505447388;0.6450000405311584
689456.0;-1.3310000896453857;0.7560000419616699;0.7240000367164612;12.25;-39.0625;-24.5625;-417.0;3337.0;-4186.0;250.875;-21.3125;-45.8125;-0.52667236328125;-0.05035400390625;-0.41583251953125;-0.73974609375;-0.9750000238418579;0.10100000351667404;0.08700000494718552;-0.35600000619888306;0.6550000309944153;0.6360000371932983
689464.0;-1.340000033378601;0.7760000228881836;0.7230000495910645;12.25;-39.0625;-24.5625;0.0;3302.0;-4410.0;252.75;-24.5625;-45.625;-0.53643798828125;-0.02777099609375;-0.42596435546875;-0.72802734375;-0.9310000538825989;0.13900001347064972;0.10000000149011612;-0.40800002217292786;0.6370000243186951;0.6230000257492065
689474.0;-1.3970000743865967;0.8040000200271606;0.7230000495910645;23.0625;-37.375;-21.375;489.0;3228.0;-4661.0;254.875;-27.9375;-45.625;-0.5467529296875;-0.00628662109375;-0.4375;-0.7138671875;-0.9360000491142273;0.1850000023841858;0.11800000816583633;-0.46000000834465027;0.6190000176429749;0.6050000190734863
689484.0;-1.4660000801086426;0.8270000219345093;0.7430000305175781;23.0625;-37.375;-21.375;923.0;3160.0;-4745.0;257.1875;-31.375;-45.8125;-0.55706787109375;0.013916015625;-0.45001220703125;-0.69781494140625;-0.9550000429153442;0.22700001299381256;0.1600000113248825;-0.5100000500679016;0.6000000238418579;0.5830000042915344
689494.0;-1.4970000982284546;0.8350000381469727;0.8080000281333923;23.0625;-37.375;-21.375;1307.0;3088.0;-4774.0;259.625;-34.75;-46.1875;-0.567138671875;0.03277587890625;-0.46337890625;-0.68011474609375;-0.937000036239624;0.25300002098083496;0.25;-0.5590000152587891;0.581000030040741;0.5570000410079956
689504.0;-1.434000015258789;0.9430000185966492;0.8760000467300415;23.0625;-37.375;-21.375;1546.0;2986.0;-4873.0;262.25;-38.125;-46.5625;-0.57733154296875;0.05078125;-0.476806640625;-0.66094970703125;-0.8280000686645508;0.3830000162124634;0.3460000157356262;-0.6050000190734863;0.5600000023841858;0.5290000438690186
689505.0;-1.434000015258789;0.9430000185966492;0.8760000467300415;23.0625;-37.375;-21.375;1546.0;2986.0;-4873.0;262.25;-38.125;-46.5625;-0.57733154296875;0.05078125;-0.476806640625;-0.66094970703125;-0.8280000686645508;0.3830000162124634;0.3460000157356262;-0.6050000190734863;0.5600000023841858;0.5290000438690186
689515.0;-1.4780000448226929;1.0010000467300415;0.8810000419616699;23.0625;-37.375;-21.375;1500.0;2910.0;-5096.0;265.0625;-41.5625;-46.8125;-0.587890625;0.06915283203125;-0.4892578125;-0.6405029296875;-0.8270000219345093;0.4660000205039978;0.3790000081062317;-0.6510000228881836;0.534000039100647;0.5010000467300415
689525.0;-1.5380001068115234;0.8940000534057617;0.8250000476837158;35.5625;-29.5625;-18.0625;1392.0;2888.0;-5160.0;267.9375;-45.0625;-46.8125;-0.5980224609375;0.087890625;-0.50079345703125;-0.6195068359375;-0.8440000414848328;0.3890000283718109;0.35100001096725464;-0.6940000057220459;0.5049999952316284;0.47300001978874207
689535.0;-1.4110000133514404;0.8510000109672546;0.784000039100647;35.5625;-29.5625;-18.0625;1428.0;2769.0;-4665.0;270.625;-48.25;-46.9375;-0.60638427734375;0.104736328125;-0.5118408203125;-0.5994873046875;-0.6790000200271606;0.37400001287460327;0.33900001645088196;-0.7310000061988831;0.47700002789497375;0.445000022649765
689545.0;-1.3250000476837158;0.9930000305175781;0.8160000443458557;35.5625;-29.5625;-18.0625;1189.0;2615.0;-4182.0;273.0;-51.1875;-47.0;-0.61297607421875;0.12042236328125;-0.521484375;-0.58123779296875;-0.5600000023841858;0.5430000424385071;0.398000031709671;-0.7640000581741333;0.4490000307559967;0.4180000126361847
689555.0;-1.3250000476837158;0.9930000305175781;0.8160000443458557;35.5625;-29.5625;-18.0625;760.0;2525.0;-4002.0;275.1875;-54.0;-46.75;-0.61859130859375;0.13671875;-0.52923583984375;-0.56439208984375;-0.5450000166893005;0.5400000214576721;0.4520000219345093;-0.7930000424385071;0.4190000295639038;0.39400002360343933
689561.0;-1.3390001058578491;0.9600000381469727;0.8460000157356262;35.5625;-29.5625;-18.0625;611.0;2474.0;-3953.0;277.375;-56.75;-46.3125;-0.62371826171875;0.153076171875;-0.5361328125;-0.54779052734375;-0.6150000095367432;0.3790000081062317;0.46700000762939453;-0.8200000524520874;0.3880000114440918;0.3700000047683716
689571.0;-1.436000108718872;0.7680000066757202;0.8380000591278076;35.5625;-29.5625;-18.0625;740.0;2309.0;-3659.0;279.5;-59.3125;-45.9375;-0.628173828125;0.1676025390625;-0.54278564453125;-0.53167724609375;-0.6370000243186951;0.3070000112056732;0.4390000104904175;-0.843000054359436;0.359000027179718;0.34700000286102295
689581.0;-1.4800000190734863;0.6660000085830688;0.7860000133514404;45.5625;-21.0;-9.0;1024.0;2097.0;-3432.0;281.625;-61.6875;-45.5625;-0.632568359375;0.179931640625;-0.5494384765625;-0.515380859375;-0.6540000438690186;0.4090000092983246;0.42100003361701965;-0.8630000352859497;0.3320000171661377;0.32500001788139343
689591.0;-1.5170000791549683;0.7410000562667847;0.7460000514984131;45.5625;-21.0;-9.0;1227.0;2008.0;-3424.0;283.875;-64.0;-45.1875;-0.6370849609375;0.191162109375;-0.55609130859375;-0.49835205078125;-0.6370000243186951;0.45500001311302185;0.39400002360343933;-0.8810000419616699;0.30400002002716064;0.3020000159740448
689601.0;-1.5190000534057617;0.7590000629425049;0.6960000395774841;45.5625;-21.0;-9.0;1298.0;1961.0;-3352.0;286.1875;-66.25;-44.6875;-0.64129638671875;0.2017822265625;-0.5626220703125;-0.48114013671875;-0.6610000133514404;0.4520000219345093;0.4300000071525574;-0.8980000615119934;0.2770000100135803;0.2800000011920929
689605.0;-1.5190000534057617;0.7590000629425049;0.6960000395774841;45.5625;-21.0;-9.0;1298.0;1961.0;-3352.0;286.1875;-66.25;-44.6875;-0.64129638671875;0.2017822265625;-0.5626220703125;-0.48114013671875;-0.6610000133514404;0.4520000219345093;0.4300000071525574;-0.8980000615119934;0.2770000100135803;0.2800000011920929
689615.0;-1.559000015258789;0.7290000319480896;0.7100000381469727;45.5625;-21.0;-9.0;1551.0;1885.0;-2951.0;288.4375;-68.375;-44.5;-0.64471435546875;0.21002197265625;-0.5697021484375;-0.46441650390625;-0.5940000414848328;0.2460000067949295;0.40300002694129944;-0.9110000729560852;0.25300002098083496;0.25699999928474426
689625.0;-1.50600004196167;0.49900001287460327;0.6610000133514404;45.5625;-21.0;-9.0;1551.0;1885.0;-2951.0;288.4375;-68.375;-44.5;-0.64727783203125;0.21490478515625;-0.57647705078125;-0.4500732421875;-0.5130000114440918;0.4440000355243683;0.45100003480911255;-0.921000063419342;0.23600001633167267;0.23800000548362732
689635.0;-1.4350000619888306;0.6800000071525574;0.690000057220459;50.375;-12.1875;-2.75;1654.0;1557.0;-2234.0;290.3125;-69.9375;-44.6875;-0.64947509765625;0.21954345703125;-0.5823974609375;-0.436767578125;-0.4280000329017639;0.5800000429153442;0.4830000102519989;-0.9290000200271606;0.21900001168251038;0.2200000137090683
689645.0;-1.3580000400543213;0.800000011920929;0.7040000557899475;50.375;-12.1875;-2.75;1649.0;1375.0;-2242.0;294.125;-73.0;-44.5625;-0.6522216796875;0.223876953125;-0.5882568359375;-0.42236328125;-0.3760000169277191;0.5910000205039978;0.484000027179718;-0.9380000233650208;0.20000000298023224;0.203000009059906
689647.0;-1.3580000400543213;0.800000011920929;0.7040000557899475;50.375;-12.1875;-2.75;1649.0;1375.0;-2242.0;294.125;-73.0;-44.5625;-0.6522216796875;0.223876953125;-0.5882568359375;-0.42236328125;-0.3760000169277191;0.5910000205039978;0.484000027179718;-0.9380000233650208;0.20000000298023224;0.203000009059906
689657.0;-1.3140000104904175;0.7910000085830688;0.6880000233650208;50.375;-12.1875;-2.75;2035.0;1430.0;-2639.0;296.5625;-74.75;-43.9375;-0.65594482421875;0.22821044921875;-0.594482421875;-0.40521240234375;-0.39000001549720764;0.5600000023841858;0.42100003361701965;-0.9460000395774841;0.17800000309944153;0.1850000023841858
689667.0;-1.3360000848770142;0.7390000224113464;0.6070000529289246;50.375;-12.1875;-2.75;2035.0;1430.0;-2639.0;299.25;-76.625;-42.4375;-0.65997314453125;0.233642578125;-0.60028076171875;-0.38665771484375;-0.406000018119812;0.6000000238418579;0.3800000250339508;-0.9540000557899475;0.15200001001358032;0.16600000858306885
689677.0;-1.3610000610351562;0.753000020980835;0.5460000038146973;50.375;-12.1875;-2.75;2040.0;1484.0;-2973.0;299.25;-76.625;-42.4375;-0.65997314453125;0.233642578125;-0.60028076171875;-0.38665771484375;-0.406000018119812;0.6000000238418579;0.3800000250339508;-0.9600000381469727;0.125;0.15000000596046448
689687.0;-1.321000099182129;0.7440000176429749;0.48900002241134644;51.0625;-5.875;0.875;1618.0;1387.0;-3007.0;301.8125;-78.4375;-39.6875;-0.66357421875;0.24029541015625;-0.6046142578125;-0.3692626953125;-0.36000001430511475;0.6190000176429749;0.33900001645088196;-0.9660000205039978;0.0950000062584877;0.13600000739097595
689697.0;-1.2620000839233398;0.6860000491142273;0.46400001645088196;51.0625;-5.875;0.875;967.0;1291.0;-3059.0;306.0;-81.5625;-29.4375;-0.6690673828125;0.25616455078125;-0.60882568359375;-0.34063720703125;-0.26900002360343933;0.5540000200271606;0.3500000238418579;-0.9700000286102295;0.07000000029802322;0.12400000542402267
689703.0;-1.2390000820159912;0.625;0.4750000238418579;51.0625;-5.875;0.875;867.0;1030.0;-2543.0;307.8125;-82.75;-21.4375;-0.6712646484375;0.26409912109375;-0.60980224609375;-0.32830810546875;-0.39000001549720764;0.3620000183582306;0.3370000123977661;-0.9720000624656677;0.04400000348687172;0.11400000751018524
689713.0;-1.3630000352859497;0.40700000524520874;0.45100003480911255;51.0625;-5.875;0.875;583.0;982.0;-2570.0;307.8125;-82.75;-21.4375;-0.67401123046875;0.2652587890625;-0.61138916015625;-0.31866455078125;-0.058000002056360245;0.38600000739097595;0.2290000170469284;-0.9740000367164612;0.03100000135600567;0.10900000482797623
689723.0;-1.0320000648498535;0.4180000126361847;0.33800002932548523;51.0625;-5.875;0.875;1199.0;429.0;-1456.0;309.375;-83.3125;-1.8125;-0.67401123046875;0.2652587890625;-0.61138916015625;-0.31866455078125;-0.058000002056360245;0.38600000739097595;0.2290000170469284;-0.9740000367164612;0.03100000135600567;0.10900000482797623
689733.0;-1.1080000400543213;0.7120000123977661;0.3100000023841858;51.6875;2.5625;4.5625;-95.0;743.0;-1560.0;310.25;-83.9375;-0.875;-0.674072265625;0.2718505859375;-0.61163330078125;-0.3123779296875;-0.13300000131130219;0.6970000267028809;0.20800000429153442;-0.9750000238418579;0.015000000596046448;0.10100000351667404
689743.0;-1.1200000047683716;0.4050000309944153;0.328000009059906;51.6875;2.5625;4.5625;-165.0;337.0;-488.0;310.4375;-84.1875;-0.5625;-0.673828125;0.27630615234375;-0.6123046875;-0.3076171875;-0.17000000178813934;0.2980000078678131;0.16600000858306885;-0.9750000238418579;0.004000000189989805;0.0950000062584877
689751.0;-1.1460000276565552;0.30300000309944153;0.26100000739097595;51.6875;2.5625;4.5625;175.0;286.0;-585.0;310.875;-84.375;-0.1875;-0.67449951171875;0.2784423828125;-0.61273193359375;-0.30340576171875;-0.17500001192092896;0.3190000057220459;0.15900000929832458;-0.9760000705718994;-0.003000000026077032;0.09200000762939453
689761.0;-1.152000069618225;0.3150000274181366;0.2510000169277191;51.6875;2.5625;4.5625;271.0;324.0;-798.0;311.5;-84.5625;0.1875;-0.67529296875;0.2813720703125;-0.6129150390625;-0.298583984375;-0.2150000035762787;0.4230000078678131;0.1680000126361847;-0.9760000705718994;-0.013000000268220901;0.08800000697374344
689771.0;-1.1910001039505005;0.4090000092983246;0.25600001215934753;51.6875;2.5625;4.5625;237.0;353.0;-993.0;312.25;-84.75;0.75;-0.67529296875;0.2813720703125;-0.6129150390625;-0.298583984375;-0.2150000035762787;0.4230000078678131;0.1680000126361847;-0.9760000705718994;-0.013000000268220901;0.08800000697374344
689781.0;-1.2070000171661377;0.2680000066757202;0.2160000056028366;51.25;6.0;5.375;276.0;424.0;-1310.0;313.1875;-84.8125;1.5625;-0.67633056640625;0.28533935546875;-0.6129150390625;-0.2923583984375;-0.23000000417232513;0.29500001668930054;0.13100001215934753;-0.9760000705718994;-0.027000000700354576;0.08400000631809235
689791.0;-1.224000096321106;0.1850000023841858;0.23200000822544098;51.25;6.0;5.375;990.0;326.0;-1373.0;314.625;-84.6875;2.3125;-0.67889404296875;0.2867431640625;-0.613525390625;-0.28375244140625;-0.2800000011920929;0.39900001883506775;0.9170000553131104;-0.9760000705718994;-0.05300000309944153;0.07900000363588333
689791.0;-1.224000096321106;0.1850000023841858;0.23200000822544098;51.25;6.0;5.375;990.0;326.0;-1373.0;314.625;-84.6875;2.3125;-0.67889404296875;0.2867431640625;-0.613525390625;-0.28375244140625;-0.2800000011920929;0.39900001883506775;0.9170000553131104;-0.9760000705718994;-0.05300000309944153;0.07900000363588333
689801.0;-1.25600004196167;0.3460000157356262;0.9960000514984131;51.25;6.0;5.375;1693.0;271.0;-1374.0;316.375;-84.375;3.0625;-0.68255615234375;0.28546142578125;-0.6148681640625;-0.27294921875;-0.2800000011920929;0.39900001883506775;0.9170000553131104;-0.9750000238418579;-0.06700000166893005;0.07700000703334808
689811.0;-1.4100000858306885;2.0429999828338623;2.6550002098083496;51.25;6.0;5.375;2175.0;303.0;-1591.0;318.5625;-83.9375;3.9375;-0.68707275390625;0.283203125;-0.61663818359375;-0.2596435546875;-0.4350000321865082;2.1100001335144043;2.578000068664551;-0.9730000495910645;-0.0860000029206276;0.07900000363588333
689821.0;-1.218000054359436;2.625000238418579;-0.7200000286102295;51.25;6.0;5.375;2222.0;2.0;-1984.0;321.0;-83.125;47.375;-0.69305419921875;0.28155517578125;-0.61663818359375;-0.24517822265625;-0.24400001764297485;2.7120001316070557;-0.7990000247955322;-0.9730000495910645;-0.0860000029206276;0.07900000363588333
689831.0;-1.0140000581741333;1.308000087738037;-0.5190000534057617;49.75;9.6875;5.5;4100.0;83.0;-1936.0;324.4375;-82.25;51.125;-0.701171875;0.27288818359375;-0.61920166015625;-0.22454833984375;-0.0430000014603138;1.4110000133514404;-0.6020000576972961;-0.971000075340271;-0.10200000554323196;0.0820000022649765
689841.0;-1.0830000638961792;-0.17400000989437103;0.25699999928474426;49.75;9.6875;5.5;3820.0;-866.0;-332.0;326.6875;-81.75;46.9375;-0.70977783203125;0.2587890625;-0.61993408203125;-0.2120361328125;-0.11300000548362732;-0.07200000435113907;0.16200000047683716;-0.9700000286102295;-0.10200000554323196;0.0950000062584877
689851.0;-1.1660000085830688;-0.20400001108646393;0.11900000274181366;49.75;9.6875;5.5;1954.0;-238.0;912.0;327.1875;-82.0625;42.3125;-0.712158203125;0.2481689453125;-0.6224365234375;-0.20941162109375;-0.19500000774860382;-0.11300000548362732;0.01900000125169754;-0.971000075340271;-0.09100000560283661;0.10000000149011612
689851.0;-1.1660000085830688;-0.20400001108646393;0.11900000274181366;49.75;9.6875;5.5;1954.0;-238.0;912.0;327.1875;-82.0625;42.3125;-0.712158203125;0.2481689453125;-0.6224365234375;-0.20941162109375;-0.19500000774860382;-0.11300000548362732;0.01900000125169754;-0.971000075340271;-0.09100000560283661;0.10000000149011612
689861.0;-1.283000111579895;-0.03400000184774399;0.1850000023841858;49.75;9.6875;5.5;485.0;386.0;572.0;327.125;-82.4375;41.25;-0.71087646484375;0.24493408203125;-0.62518310546875;-0.20941162109375;-0.3110000193119049;0.049000002443790436;0.08900000154972076;-0.9720000624656677;-0.08400000631809235;0.09600000083446503
689871.0;-1.3280000686645508;0.14300000667572021;-0.009000000543892384;49.75;9.6875;5.5;37.0;611.0;155.0;327.0625;-82.8125;42.5625;-0.708740234375;0.24493408203125;-0.627685546875;-0.2091064453125;-0.35500001907348633;0.22600001096725464;-0.0990000069141388;-0.9720000624656677;-0.08300000429153442;0.09000000357627869
689881.0;-1.1610000133514404;0.3290000259876251;-0.4820000231266022;49.0;13.5;3.5;-203.0;690.0;-175.0;327.125;-83.0;45.6875;-0.70635986328125;0.24700927734375;-0.62982177734375;-0.208251953125;-0.18800000846385956;0.4140000343322754;-0.5649999976158142;-0.9730000495910645;-0.08500000089406967;0.0820000022649765
689891.0;-0.9730000495910645;0.20900000631809235;-0.43700000643730164;49.0;13.5;3.5;-1350.0;702.0;-232.0;326.5625;-83.1875;5.125;-0.7025146484375;0.25360107421875;-0.630615234375;-0.2109375;0.0;0.2970000207424164;-0.5110000371932983;-0.9730000495910645;-0.08800000697374344;0.07400000095367432
689896.0;-0.9730000495910645;0.20900000631809235;-0.43700000643730164;49.0;13.5;3.5;-1350.0;702.0;-232.0;326.5625;-83.1875;5.125;-0.7025146484375;0.25360107421875;-0.630615234375;-0.2109375;0.0;0.2970000207424164;-0.5110000371932983;-0.9730000495910645;-0.08800000697374344;0.07400000095367432
689906.0;-0.8990000486373901;-0.052000001072883606;-0.2460000067949295;49.0;13.5;3.5;-2380.0;797.0;162.0;325.125;-83.5625;5.125;-0.6964111328125;0.26275634765625;-0.631103515625;-0.2183837890625;0.07500000298023224;0.036000002175569534;-0.3100000023841858;-0.9740000367164612;-0.08800000697374344;0.06400000303983688
689916.0;-0.859000027179718;-0.30000001192092896;-0.15300001204013824;49.0;13.5;3.5;-2051.0;558.0;534.0;323.6875;-84.0;4.9375;-0.6910400390625;0.2691650390625;-0.6314697265625;-0.22637939453125;0.11500000208616257;-0.2160000056028366;-0.21000000834465027;-0.9750000238418579;-0.08400000631809235;0.0560000017285347
689926.0;-0.7570000290870667;-0.33500000834465027;0.01900000125169754;49.0;13.5;3.5;-1108.0;432.0;702.0;322.625;-84.5;4.5;-0.68719482421875;0.2713623046875;-0.6326904296875;-0.23199462890625;0.21800000965595245;-0.25699999928474426;-0.03100000135600567;-0.9760000705718994;-0.07700000703334808;0.05100000277161598
689936.0;-0.7270000576972961;-0.1720000058412552;0.1680000126361847;49.6875;12.6875;5.375;-262.0;304.0;859.0;322.0;-85.0625;4.0;-0.6846923828125;0.26983642578125;-0.63470458984375;-0.23553466796875;0.24900001287460327;-0.10300000756978989;0.12000000476837158;-0.9770000576972961;-0.0690000057220459;0.04700000211596489
689941.0;-0.7270000576972961;-0.1720000058412552;0.1680000126361847;49.6875;12.6875;5.375;438.0;243.0;837.0;321.75;-85.5625;3.5;-0.6834716796875;0.26568603515625;-0.6373291015625;-0.23675537109375;0.21400001645088196;0.07200000435113907;0.20200000703334808;-0.9770000576972961;-0.06000000238418579;0.04500000178813934
689951.0;-0.8830000162124634;0.23600001633167267;0.16500000655651093;49.6875;12.6875;5.375;804.0;229.0;720.0;321.8125;-86.0;3.0625;-0.68292236328125;0.26068115234375;-0.64019775390625;-0.236328125;0.0950000062584877;0.2880000174045563;0.1210000067949295;-0.9780000448226929;-0.052000001072883606;0.0430000014603138
689961.0;-0.8830000162124634;0.23600001633167267;0.16500000655651093;49.6875;12.6875;5.375;809.0;217.0;506.0;321.9375;-86.3125;2.6875;-0.68267822265625;0.25628662109375;-0.64263916015625;-0.235107421875;0.05300000309944153;0.30000001192092896;0.07200000435113907;-0.9780000448226929;-0.046000003814697266;0.04100000113248825
689971.0;-0.9240000247955322;0.25300002098083496;0.11400000751018524;49.6875;12.6875;5.375;519.0;247.0;200.0;322.125;-86.5;2.5625;-0.6822509765625;0.25408935546875;-0.64447021484375;-0.2337646484375;0.01900000125169754;0.24500000476837158;0.03200000151991844;-0.9780000448226929;-0.04400000348687172;0.039000000804662704
689981.0;-0.9580000638961792;0.20000000298023224;0.07200000435113907;49.6875;12.6875;5.375;95.0;265.0;-46.0;322.25;-86.5625;2.625;-0.68157958984375;0.25421142578125;-0.64544677734375;-0.23291015625;0.0;0.14800000190734863;0.01100000087171793;-0.9780000448226929;-0.04400000348687172;0.036000002175569534
689991.0;-0.9790000319480896;0.10300000756978989;0.04800000041723251;49.6875;11.25;6.6875;-188.0;350.0;-218.0;322.25;-86.625;2.75;-0.68035888671875;0.25604248046875;-0.64617919921875;-0.2322998046875;-0.055000003427267075;0.08000000566244125;0.04500000178813934;-0.9780000448226929;-0.04700000211596489;0.032999999821186066
689995.0;-0.9790000319480896;0.10300000756978989;0.04800000041723251;49.6875;11.25;6.6875;-188.0;350.0;-218.0;322.25;-86.625;2.75;-0.68035888671875;0.25604248046875;-0.64617919921875;-0.2322998046875;-0.055000003427267075;0.08000000566244125;0.04500000178813934;-0.9780000448226929;-0.04700000211596489;0.032999999821186066
690005.0;-1.034000039100647;0.032999999821186066;0.07900000363588333;49.6875;11.25;6.6875;-225.0;387.0;-288.0;322.3125;-86.5625;2.9375;-0.6790771484375;0.25830078125;-0.64691162109375;-0.23150634765625;-0.07500000298023224;0.11500000208616257;0.03800000250339508;-0.9780000448226929;-0.05000000074505806;0.02800000086426735
690015.0;-1.0540000200271606;0.0650000050663948;0.06700000166893005;49.6875;11.25;6.6875;-35.0;331.0;-213.0;322.4375;-86.5625;3.0625;-0.67816162109375;0.25958251953125;-0.64776611328125;-0.23040771484375;-0.07400000095367432;0.16500000655651093;0.05700000375509262;-0.9780000448226929;-0.052000001072883606;0.02500000037252903
690025.0;-1.0530000925064087;0.1120000034570694;0.0820000022649765;49.6875;11.25;6.6875;117.0;203.0;-24.0;322.5;-86.5625;3.0625;-0.67767333984375;0.259521484375;-0.64862060546875;-0.2296142578125;-0.04000000283122063;0.2800000011920929;0.10200000554323196;-0.9780000448226929;-0.052000001072883606;0.023000001907348633
690029.0;-1.0530000925064087;0.1120000034570694;0.0820000022649765;49.6875;11.25;6.6875;117.0;203.0;-24.0;322.5;-86.5625;3.0625;-0.67767333984375;0.259521484375;-0.64862060546875;-0.2296142578125;-0.04000000283122063;0.2800000011920929;0.10200000554323196;-0.9780000448226929;-0.052000001072883606;0.023000001907348633
690039.0;-1.0190000534057617;0.22700001299381256;0.125;49.6875;11.25;6.6875;117.0;203.0;-24.0;322.5;-86.5625;3.0625;-0.67724609375;0.25860595703125;-0.649169921875;-0.2303466796875;-0.005000000353902578;0.45500001311302185;0.1550000011920929;-0.9790000319480896;-0.05000000074505806;0.02200000174343586
690049.0;-0.984000027179718;0.4050000309944153;0.17800000309944153;49.6875;10.875;7.5;25.0;47.0;248.0;322.375;-86.75;2.875;-0.676513671875;0.25762939453125;-0.6494140625;-0.2327880859375;0.0020000000949949026;0.4570000171661377;0.1940000057220459;-0.9790000319480896;-0.04500000178813934;0.023000001907348633
690059.0;-0.9760000705718994;0.41100001335144043;0.21700000762939453;49.6875;10.875;7.5;-578.0;-35.0;611.0;321.25;-87.3125;2.25;-0.67510986328125;0.257568359375;-0.6494140625;-0.23699951171875;0.004000000189989805;0.45500001311302185;0.27400001883506775;-0.9790000319480896;-0.039000000804662704;0.023000001907348633
690063.0;-0.9750000238418579;0.41600000858306885;0.2970000207424164;49.6875;10.875;7.5;-965.0;28.0;590.0;320.375;-87.625;1.9375;-0.67291259765625;0.259033203125;-0.64910888671875;-0.24237060546875;-0.04000000283122063;0.49800002574920654;0.44700002670288086;-0.9790000319480896;-0.032999999821186066;0.02200000174343586
690073.0;-1.0200001001358032;0.46400001645088196;0.4690000116825104;49.6875;10.875;7.5;-965.0;28.0;590.0;319.3125;-87.875;1.625;-0.67041015625;0.26171875;-0.6484375;-0.2481689453125;-0.07600000500679016;0.5360000133514404;0.4870000183582306;-0.9800000190734863;-0.02800000086426735;0.021000001579523087
690083.0;-1.055999994277954;0.5070000290870667;0.5090000033378601;49.6875;10.875;7.5;-1216.0;68.0;487.0;319.3125;-87.875;1.625;-0.67041015625;0.26171875;-0.6484375;-0.2481689453125;-0.07600000500679016;0.5360000133514404;0.4870000183582306;-0.9800000190734863;-0.024000000208616257;0.021000001579523087
690093.0;-1.0820000171661377;0.5220000147819519;0.5230000019073486;49.375;11.0;8.6875;-1457.0;17.0;428.0;318.1875;-88.0625;1.375;-0.667724609375;0.26544189453125;-0.64715576171875;-0.254638671875;-0.10200000554323196;0.5470000505447388;0.5020000338554382;-0.9800000190734863;-0.01900000125169754;0.021000001579523087
690097.0;-1.0820000171661377;0.5220000147819519;0.5230000019073486;49.375;11.0;8.6875;-1457.0;17.0;428.0;318.1875;-88.0625;1.375;-0.667724609375;0.26544189453125;-0.64715576171875;-0.254638671875;-0.10200000554323196;0.5470000505447388;0.5020000338554382;-0.9800000190734863;-0.01900000125169754;0.021000001579523087
690107.0;-1.0870000123977661;0.5430000424385071;0.5480000376701355;49.375;11.0;8.6875;-1735.0;-112.0;468.0;315.3125;-88.3125;0.8125;-0.662109375;0.2745361328125;-0.64202880859375;-0.27203369140625;-0.11800000816583633;0.581000030040741;0.5730000138282776;-0.9800000190734863;-0.013000000268220901;0.024000000208616257
690117.0;-1.0980000495910645;0.5670000314712524;0.597000002861023;49.375;11.0;8.6875;-2078.0;-285.0;624.0;313.4375;-88.25;0.375;-0.65899658203125;0.2794189453125;-0.6383056640625;-0.28326416015625;-0.15400001406669617;0.5610000491142273;0.593000054359436;-0.9800000190734863;-0.006000000052154064;0.02800000086426735
690127.0;-1.1340000629425049;0.5550000071525574;0.6220000386238098;49.375;11.0;8.6875;-2334.0;-417.0;789.0;313.4375;-88.25;0.375;-0.65582275390625;0.28399658203125;-0.63397216796875;-0.29541015625;-0.21400001645088196;0.5630000233650208;0.5800000429153442;-0.9800000190734863;0.0020000000949949026;0.03400000184774399
690131.0;-1.194000005722046;0.5649999976158142;0.6140000224113464;49.375;11.0;8.6875;-2434.0;-554.0;901.0;311.5;-88.0;-0.0625;-0.65582275390625;0.28399658203125;-0.63397216796875;-0.29541015625;-0.21400001645088196;0.5630000233650208;0.5800000429153442;-0.9800000190734863;0.0020000000949949026;0.03400000184774399
690141.0;-1.2640000581741333;0.5840000510215759;0.5550000071525574;50.75;9.1875;7.875;-2460.0;-728.0;928.0;309.5;-87.4375;-0.5625;-0.653076171875;0.28826904296875;-0.62896728515625;-0.30792236328125;-0.2850000262260437;0.5730000138282776;0.5139999985694885;-0.9790000319480896;0.010000000707805157;0.04100000113248825
690151.0;-1.3220000267028809;0.5700000524520874;0.40300002694129944;50.75;9.1875;7.875;-2454.0;-928.0;914.0;307.5;-86.75;-1.0625;-0.649169921875;0.29571533203125;-0.6163330078125;-0.33367919921875;-0.3190000057220459;0.5010000467300415;0.28700000047683716;-0.9780000448226929;0.026000000536441803;0.06400000303983688
690161.0;-1.2970000505447388;0.527999997138977;0.35200002789497375;50.75;9.1875;7.875;-2486.0;-1139.0;916.0;305.5625;-85.875;-1.5625;-0.647705078125;0.298828125;-0.6087646484375;-0.3472900390625;-0.2930000126361847;0.4360000193119049;0.2630000114440918;-0.9760000705718994;0.03500000014901161;0.07800000160932541
690164.0;-1.2970000505447388;0.527999997138977;0.35200002789497375;50.75;9.1875;7.875;-2486.0;-1139.0;916.0;305.5625;-85.875;-1.5625;-0.647705078125;0.298828125;-0.6087646484375;-0.3472900390625;-0.2930000126361847;0.4360000193119049;0.2630000114440918;-0.9760000705718994;0.03500000014901161;0.07800000160932541
690174.0;-1.2700001001358032;0.4710000157356262;0.3410000205039978;50.75;9.1875;7.875;-2539.0;-1321.0;980.0;303.5625;-84.9375;-2.0;-0.647705078125;0.298828125;-0.6087646484375;-0.3472900390625;-0.29100000858306885;0.39000001549720764;0.2750000059604645;-0.9750000238418579;0.04400000348687172;0.09400000423192978
690184.0;-1.2660000324249268;0.43400001525878906;0.3700000047683716;50.75;9.1875;7.875;-2552.0;-1458.0;1125.0;301.5;-83.875;-2.5625;-0.64617919921875;0.30126953125;-0.60076904296875;-0.361572265625;-0.29100000858306885;0.39000001549720764;0.2750000059604645;-0.9750000238418579;0.04400000348687172;0.09400000423192978
690194.0;-1.3040000200271606;0.44200003147125244;0.45600003004074097;51.1875;5.5;6.1875;-2495.0;-1569.0;1279.0;299.4375;-82.625;-26.0;-0.6446533203125;0.30267333984375;-0.59259033203125;-0.3763427734375;-0.33100003004074097;0.38700002431869507;0.3440000116825104;-0.9720000624656677;0.05400000140070915;0.1120000034570694
690199.0;-1.3040000200271606;0.44200003147125244;0.45600003004074097;51.1875;5.5;6.1875;-2495.0;-1569.0;1279.0;299.4375;-82.625;-26.0;-0.6446533203125;0.30267333984375;-0.59259033203125;-0.3763427734375;-0.33100003004074097;0.38700002431869507;0.3440000116825104;-0.9720000624656677;0.05400000140070915;0.1120000034570694
690209.0;-1.3330000638961792;0.45500001311302185;0.46700000762939453;51.1875;5.5;6.1875;-2288.0;-1658.0;1372.0;297.4375;-81.375;-26.75;-0.64337158203125;0.3028564453125;-0.58453369140625;-0.3907470703125;-0.3630000054836273;0.3890000283718109;0.3360000252723694;-0.9650000333786011;0.07700000703334808;0.15000000596046448
690219.0;-1.3650000095367432;0.48000001907348633;0.4820000231266022;51.1875;5.5;6.1875;-2051.0;-1776.0;1475.0;295.5;-80.0;-27.375;-0.6424560546875;0.301513671875;-0.5765380859375;-0.4049072265625;-0.39900001883506775;0.4020000100135803;0.33100003004074097;-0.9610000252723694;0.09100000560283661;0.17100000381469727
690229.0;-1.3920000791549683;0.49500003457069397;0.4700000286102295;51.1875;5.5;6.1875;-1927.0;-1939.0;1664.0;293.625;-78.5;-28.0;-0.6416015625;0.298828125;-0.56842041015625;-0.41943359375;-0.4310000240802765;0.40300002694129944;0.2980000078678131;-0.9550000429153442;0.10600000619888306;0.1940000057220459
690239.0;-1.3970000743865967;0.4620000123977661;0.48100003600120544;51.1875;5.5;6.1875;-1996.0;-2038.0;1907.0;291.5625;-76.875;-28.75;-0.6402587890625;0.2952880859375;-0.55999755859375;-0.43499755859375;-0.44200003147125244;0.35500001907348633;0.28700000047683716;-0.9550000429153442;0.10600000619888306;0.1940000057220459
690245.0;-1.3930000066757202;0.45100003480911255;0.5350000262260437;50.75;2.0;3.375;-2203.0;-2203.0;2349.0;289.25;-75.0;-29.8125;-0.6378173828125;0.29071044921875;-0.551025390625;-0.45281982421875;-0.445000022649765;0.32500001788139343;0.3160000145435333;-0.9470000267028809;0.125;0.21900001168251038
690255.0;-1.3880000114440918;0.4690000116825104;0.5750000476837158;50.75;2.0;3.375;-2451.0;-2339.0;2735.0;286.5625;-72.9375;-30.8125;-0.6341552734375;0.28533935546875;-0.5413818359375;-0.47265625;-0.45100003480911255;0.32200002670288086;0.328000009059906;-0.937000036239624;0.14600001275539398;0.2460000067949295
690265.0;-1.3990000486373901;0.4970000088214874;0.6140000224113464;50.75;2.0;3.375;-2580.0;-2391.0;2843.0;283.875;-70.8125;-31.4375;-0.62982177734375;0.27978515625;-0.53106689453125;-0.49298095703125;-0.47300001978874207;0.3290000259876251;0.3400000035762787;-0.9260000586509705;0.16700001060962677;0.27400001883506775
690275.0;-1.409000039100647;0.531000018119812;0.6330000162124634;50.75;2.0;3.375;-2609.0;-2470.0;2837.0;281.1875;-68.6875;-31.75;-0.62530517578125;0.27398681640625;-0.52008056640625;-0.51324462890625;-0.4960000216960907;0.3440000116825104;0.33000001311302185;-0.9130000472068787;0.18700000643730164;0.3020000159740448
690285.0;-1.4210001230239868;0.5570000410079956;0.6450000405311584;50.75;2.0;3.375;-2650.0;-2570.0;2844.0;278.625;-66.4375;-31.6875;-0.62066650390625;0.26788330078125;-0.50836181640625;-0.533447265625;-0.5220000147819519;0.35100001096725464;0.31200000643730164;-0.8990000486373901;0.20500001311302185;0.3330000042915344
690295.0;-1.4250000715255737;0.5590000152587891;0.6540000438690186;51.1875;-4.0;-1.0625;-2852.0;-2878.0;3145.0;275.8125;-63.9375;-31.5;-0.615234375;0.26055908203125;-0.49517822265625;-0.5552978515625;-0.5430000424385071;0.33400002121925354;0.28700000047683716;-0.8810000419616699;0.2240000069141388;0.3660000264644623
690302.0;-1.4190000295639038;0.5020000338554382;0.6880000233650208;51.1875;-4.0;-1.0625;-2852.0;-2878.0;3145.0;273.125;-61.5;-31.1875;-0.60943603515625;0.25311279296875;-0.48162841796875;-0.57672119140625;-0.5580000281333923;0.2600000202655792;0.2880000174045563;-0.8610000610351562;0.242000013589859;0.4000000059604645
690312.0;-1.3950001001358032;0.484000027179718;0.6980000138282776;51.1875;-4.0;-1.0625;-2822.0;-3071.0;3307.0;270.4375;-58.875;-30.75;-0.6031494140625;0.24432373046875;-0.4674072265625;-0.598388671875;-0.5550000071525574;0.22500000894069672;0.2630000114440918;-0.8390000462532043;0.2590000033378601;0.4350000321865082
690322.0;-1.38100004196167;0.48600003123283386;0.7070000171661377;51.1875;-4.0;-1.0625;-2388.0;-3401.0;3354.0;267.9375;-56.0625;-30.4375;-0.59765625;0.2327880859375;-0.453125;-0.61907958984375;-0.5670000314712524;0.20900000631809235;0.23500001430511475;-0.8130000233650208;0.2770000100135803;0.4710000157356262
690332.0;-1.3960000276565552;0.5040000081062317;0.7170000076293945;51.1875;-4.0;-1.0625;-2174.0;-3540.0;3300.0;265.625;-53.1875;-30.0;-0.5924072265625;0.2200927734375;-0.43878173828125;-0.6387939453125;-0.6100000143051147;0.21000000834465027;0.20900000631809235;-0.7850000262260437;0.2930000126361847;0.5080000162124634
690342.0;-1.3750001192092896;0.48900002241134644;0.7200000286102295;49.0;-12.0625;-8.875;-1996.0;-3645.0;3250.0;263.5;-50.3125;-29.5625;-0.58734130859375;0.20648193359375;-0.42425537109375;-0.6575927734375;-0.6200000047683716;0.18000000715255737;0.17600001394748688;-0.7540000081062317;0.30900001525878906;0.5440000295639038
690349.0;-1.3750001192092896;0.48900002241134644;0.7200000286102295;49.0;-12.0625;-8.875;-1996.0;-3645.0;3250.0;263.5;-50.3125;-29.5625;-0.58734130859375;0.20648193359375;-0.42425537109375;-0.6575927734375;-0.6200000047683716;0.18000000715255737;0.17600001394748688;-0.7540000081062317;0.30900001525878906;0.5440000295639038
690359.0;-1.3280000686645508;0.48100003600120544;0.7280000448226929;49.0;-12.0625;-8.875;-1836.0;-3697.0;3210.0;261.5;-47.4375;-29.1875;-0.582275390625;0.19207763671875;-0.40972900390625;-0.6754150390625;-0.6050000190734863;0.15700000524520874;0.14900000393390656;-0.7220000624656677;0.3230000138282776;0.5790000557899475
690369.0;-1.2680000066757202;0.4830000102519989;0.7510000467300415;49.0;-12.0625;-8.875;-1685.0;-3735.0;3182.0;259.5625;-44.5;-28.75;-0.57708740234375;0.17694091796875;-0.39532470703125;-0.6923828125;-0.5800000429153442;0.1469999998807907;0.13900001347064972;-0.687000036239624;0.3360000252723694;0.612000048160553
690379.0;-1.2680000066757202;0.4830000102519989;0.7510000467300415;49.0;-12.0625;-8.875;-1545.0;-3744.0;3104.0;257.8125;-41.625;-28.3125;-0.5718994140625;0.16143798828125;-0.38104248046875;-0.70831298828125;-0.5290000438690186;0.13100001215934753;0.1600000113248825;-0.6510000228881836;0.34800001978874207;0.6440000534057617
690389.0;-1.1810001134872437;0.4790000319480896;0.8050000667572021;49.0;-12.0625;-8.875;-1453.0;-3723.0;2998.0;256.125;-38.75;-27.9375;-0.56671142578125;0.14581298828125;-0.3668212890625;-0.72320556640625;-0.5260000228881836;0.11500000208616257;0.18800000846385956;-0.6140000224113464;0.3580000102519989;0.675000011920929
690398.0;-1.1400001049041748;0.4740000367164612;0.8630000352859497;49.0;-12.0625;-8.875;-1418.0;-3708.0;2917.0;254.5625;-35.9375;-27.4375;-0.56146240234375;0.1302490234375;-0.3524169921875;-0.7373046875;-0.5290000438690186;0.1080000028014183;0.203000009059906;-0.5760000348091125;0.3660000264644623;0.703000009059906
690408.0;-1.1060000658035278;0.4740000367164612;0.906000018119812;42.6875;-18.75;-18.75;-1418.0;-3708.0;2917.0;253.0;-33.1875;-26.9375;-0.55609130859375;0.11456298828125;-0.3377685546875;-0.750732421875;-0.5450000166893005;0.09700000286102295;0.16100001335144043;-0.5370000004768372;0.3720000088214874;0.7310000061988831
690418.0;-1.0820000171661377;0.4690000116825104;0.8920000195503235;42.6875;-18.75;-18.75;-1402.0;-3722.0;2857.0;251.5625;-30.375;-26.4375;-0.55035400390625;0.09881591796875;-0.32293701171875;-0.76361083984375;-0.5190000534057617;0.09200000762939453;0.1510000079870224;-0.4960000216960907;0.3760000169277191;0.7560000419616699
690428.0;-1.0150001049041748;0.4690000116825104;0.9080000519752502;42.6875;-18.75;-18.75;-1394.0;-3740.0;2856.0;250.0625;-27.625;-25.875;-0.5443115234375;0.0828857421875;-0.30780029296875;-0.77593994140625;-0.534000039100647;0.07600000500679016;0.13700000941753387;-0.4540000259876251;0.3790000081062317;0.781000018119812
690438.0;-0.9890000224113464;0.45600003004074097;0.9180000424385071;42.6875;-18.75;-18.75;-1345.0;-3790.0;2814.0;248.625;-24.8125;-25.375;-0.53814697265625;0.066650390625;-0.29254150390625;-0.78759765625;-0.5490000247955322;0.07600000500679016;0.11400000751018524;-0.41100001335144043;0.38100001215934753;0.8040000200271606
690442.0;-0.9610000252723694;0.4570000171661377;0.9180000424385071;42.6875;-18.75;-18.75;-1345.0;-3790.0;2814.0;248.625;-24.8125;-25.375;-0.531982421875;0.04998779296875;-0.27728271484375;-0.7984619140625;-0.5630000233650208;0.09000000357627869;0.10300000756978989;-0.367000013589859;0.38200002908706665;0.8240000605583191
690452.0;-0.9310000538825989;0.47300001978874207;0.9280000329017639;33.375;-22.75;-28.5625;-1260.0;-3836.0;2755.0;247.3125;-22.0;-24.8125;-0.531982421875;0.04998779296875;-0.27728271484375;-0.7984619140625;-0.5040000081062317;0.12200000882148743;0.09600000083446503;-0.32200002670288086;0.38100001215934753;0.843000054359436
690462.0;-0.8270000219345093;0.5040000081062317;0.940000057220459;33.375;-22.75;-28.5625;-1041.0;-3888.0;2615.0;244.875;-16.375;-23.8125;-0.5196533203125;0.015625;-0.24737548828125;-0.817626953125;-0.5200000405311584;0.12400000542402267;0.08000000566244125;-0.2770000100135803;0.3800000250339508;0.8600000143051147
690472.0;-0.7970000505447388;0.5049999952316284;0.940000057220459;33.375;-22.75;-28.5625;-1041.0;-3888.0;2615.0;243.75;-13.625;-23.375;-0.513671875;-0.0018310546875;-0.23260498046875;-0.8258056640625;-0.5390000343322754;0.12300000339746475;0.049000002443790436;-0.23100000619888306;0.37800002098083496;0.8740000128746033
690482.0;-0.7700000405311584;0.5020000338554382;0.9230000376701355;33.375;-22.75;-28.5625;-960.0;-3902.0;2506.0;242.6875;-10.875;-22.875;-0.50787353515625;-0.0191650390625;-0.21795654296875;-0.83319091796875;-0.484000027179718;0.08700000494718552;0.05100000277161598;-0.1850000023841858;0.3750000298023224;0.8860000371932983
690492.0;-0.6700000166893005;0.4620000123977661;0.9380000233650208;33.375;-22.75;-28.5625;-935.0;-3879.0;2395.0;242.6875;-10.875;-22.875;-0.50787353515625;-0.0191650390625;-0.21795654296875;-0.83319091796875;-0.484000027179718;0.08700000494718552;0.05100000277161598;-0.14000000059604645;0.3700000047683716;0.8970000147819519
690494.0;-0.6700000166893005;0.4620000123977661;0.9380000233650208;33.375;-22.75;-28.5625;-935.0;-3879.0;2395.0;242.6875;-10.875;-22.875;-0.50787353515625;-0.0191650390625;-0.21795654296875;-0.83319091796875;-0.484000027179718;0.08700000494718552;0.05100000277161598;-0.14000000059604645;0.3700000047683716;0.8970000147819519
690504.0;-0.6240000128746033;0.46000000834465027;0.9500000476837158;23.375;-25.0;-34.75;-966.0;-3847.0;2299.0;241.6875;-8.1875;-22.375;-0.50213623046875;-0.0361328125;-0.20306396484375;-0.83984375;-0.4830000102519989;0.09000000357627869;0.052000001072883606;-0.0950000062584877;0.3620000183582306;0.906000018119812
690514.0;-0.5879999995231628;0.4690000116825104;0.9480000734329224;23.375;-25.0;-34.75;-1047.0;-3800.0;2223.0;239.875;-3.0;-21.125;-0.49072265625;-0.06829833984375;-0.172119140625;-0.8514404296875;-0.5040000081062317;0.11700000613927841;0.00800000037997961;-0.05100000277161598;0.3530000150203705;0.9130000472068787
690524.0;-0.5550000071525574;0.4700000286102295;0.9220000505447388;23.375;-25.0;-34.75;-1189.0;-3746.0;2148.0;239.0;-0.4375;-20.3125;-0.48516845703125;-0.083251953125;-0.15576171875;-0.85638427734375;-0.49400001764297485;0.09400000423192978;-0.05900000408291817;-0.00800000037997961;0.3400000035762787;0.9190000295639038
690534.0;-0.5020000338554382;0.4350000321865082;0.8600000143051147;23.375;-25.0;-34.75;-1329.0;-3692.0;2063.0;239.0;-0.4375;-20.3125;-0.47955322265625;-0.09771728515625;-0.13916015625;-0.86090087890625;-0.46400001645088196;0.10400000214576721;-0.06700000166893005;0.03400000184774399;0.32600000500679016;0.9230000376701355
690544.0;-0.4300000071525574;0.4310000240802765;0.8560000658035278;23.375;-25.0;-34.75;-1418.0;-3630.0;2011.0;238.1875;1.9375;-19.4375;-0.47955322265625;-0.09771728515625;-0.13916015625;-0.86090087890625;-0.46400001645088196;0.10400000214576721;-0.06700000166893005;0.03400000184774399;0.32600000500679016;0.9230000376701355
690549.0;-0.4300000071525574;0.4310000240802765;0.8560000658035278;23.375;-25.0;-34.75;-1418.0;-3630.0;2011.0;238.1875;1.9375;-19.4375;-0.47955322265625;-0.09771728515625;-0.13916015625;-0.86090087890625;-0.46400001645088196;0.10400000214576721;-0.06700000166893005;0.03400000184774399;0.32600000500679016;0.9230000376701355
690559.0;-0.37300002574920654;0.4280000329017639;0.8510000109672546;13.0;-24.6875;-40.25;-1455.0;-3578.0;1963.0;237.375;4.375;-18.5625;-0.473876953125;-0.1116943359375;-0.1224365234375;-0.8648681640625;-0.4490000307559967;0.11700000613927841;-0.07500000298023224;0.07500000298023224;0.3110000193119049;0.9260000586509705
690569.0;-0.3760000169277191;0.4390000104904175;0.8270000219345093;13.0;-24.6875;-40.25;-1463.0;-3528.0;1901.0;236.625;6.75;-17.625;-0.46270751953125;-0.138916015625;-0.08953857421875;-0.8709716796875;-0.484000027179718;0.13900001347064972;-0.15900000929832458;0.1550000011920929;0.27900001406669617;0.9270000457763672
690579.0;-0.328000009059906;0.4180000126361847;0.7670000195503235;13.0;-24.6875;-40.25;-1387.0;-3495.0;1798.0;235.9375;9.125;-16.75;-0.4571533203125;-0.152587890625;-0.07415771484375;-0.873046875;-0.48000001907348633;0.13500000536441803;-0.17400000989437103;0.1940000057220459;0.2630000114440918;0.9240000247955322
690589.0;-0.2850000262260437;0.39900001883506775;0.7490000128746033;13.0;-24.6875;-40.25;-1226.0;-3460.0;1745.0;235.25;11.4375;-15.875;-0.4571533203125;-0.152587890625;-0.07415771484375;-0.873046875;-0.48000001907348633;0.1420000046491623;-0.17400000989437103;0.2330000102519989;0.25;0.9190000295639038
690599.0;-0.24700000882148743;0.3930000066757202;0.7440000176429749;13.0;-24.6875;-40.25;-999.0;-3442.0;1738.0;234.5625;13.6875;-15.1875;-0.451171875;-0.16668701171875;-0.05987548828125;-0.87469482421875;-0.48000001907348633;0.1420000046491623;-0.17400000989437103;0.2330000102519989;0.25;0.9190000295639038
690603.0;-0.21900001168251038;0.3970000147819519;0.7330000400543213;2.6875;-22.75;-42.25;-786.0;-3430.0;1725.0;233.8125;16.0;-14.5625;-0.44488525390625;-0.18115234375;-0.0465087890625;-0.8758544921875;-0.48900002241134644;0.15900000929832458;-0.17800000309944153;0.27000001072883606;0.2370000183582306;0.9120000600814819
690613.0;-0.1340000033378601;0.4240000247955322;0.6960000395774841;2.6875;-22.75;-42.25;-653.0;-3432.0;1695.0;233.125;18.25;-14.0625;-0.43841552734375;-0.19586181640625;-0.0338134765625;-0.87652587890625;-0.45900002121925354;0.22300000488758087;-0.22300000488758087;0.34300002455711365;0.21400001645088196;0.8920000195503235
690623.0;-0.11500000208616257;0.43800002336502075;0.6690000295639038;2.6875;-22.75;-42.25;-631.0;-3414.0;1672.0;232.4375;20.5;-13.5;-0.43182373046875;-0.21044921875;-0.021240234375;-0.87677001953125;-0.45900002121925354;0.22300000488758087;-0.22300000488758087;0.3790000081062317;0.20100000500679016;0.8810000419616699
690633.0;-0.0950000062584877;0.4230000078678131;0.6500000357627869;2.6875;-22.75;-42.25;-679.0;-3378.0;1705.0;231.6875;22.75;-12.875;-0.42498779296875;-0.2247314453125;-0.00848388671875;-0.8768310546875;-0.4740000367164612;0.22100001573562622;-0.23100000619888306;0.4140000343322754;0.18700000643730164;0.8680000305175781
690643.0;-0.03500000014901161;0.3840000033378601;0.5990000367164612;2.6875;-22.75;-42.25;-722.0;-3369.0;1745.0;230.9375;24.9375;-12.1875;-0.4178466796875;-0.23870849609375;0.00445556640625;-0.8765869140625;-0.4490000307559967;0.19600000977516174;-0.26900002360343933;0.4140000343322754;0.18700000643730164;0.8680000305175781
690647.0;-0.03500000014901161;0.3840000033378601;0.5990000367164612;2.6875;-22.75;-42.25;-722.0;-3369.0;1745.0;230.9375;24.9375;-12.1875;-0.4178466796875;-0.23870849609375;0.00445556640625;-0.8765869140625;-0.4490000307559967;0.19600000977516174;-0.26900002360343933;0.4140000343322754;0.18700000643730164;0.8680000305175781
690657.0;-0.009000000543892384;0.3720000088214874;0.5770000219345093;-8.5625;-20.5625;-42.25;-732.0;-3362.0;1770.0;230.1875;27.125;-11.4375;-0.410400390625;-0.2525634765625;0.01751708984375;-0.87603759765625;-0.4570000171661377;0.1990000158548355;-0.2770000100135803;0.4480000138282776;0.1730000078678131;0.8540000319480896
690667.0;0.01900000125169754;0.36900001764297485;0.578000009059906;-8.5625;-20.5625;-42.25;-738.0;-3349.0;1793.0;229.375;29.375;-10.625;-0.4027099609375;-0.2662353515625;0.03057861328125;-0.875244140625;-0.4610000252723694;0.2110000103712082;-0.26100000739097595;0.48100003600120544;0.15700000524520874;0.8390000462532043
690677.0;0.04800000041723251;0.367000013589859;0.5530000329017639;-8.5625;-20.5625;-42.25;-763.0;-3321.0;1816.0;228.5625;31.5;-9.75;-0.394775390625;-0.27960205078125;0.043701171875;-0.87408447265625;-0.46400001645088196;0.22500000894069672;-0.26900002360343933;0.5130000114440918;0.14100000262260437;0.8230000138282776
690681.0;0.08900000154972076;0.33500000834465027;0.5220000147819519;-8.5625;-20.5625;-42.25;-809.0;-3296.0;1849.0;227.75;33.6875;-8.75;-0.3865966796875;-0.29266357421875;0.0570068359375;-0.87274169921875;-0.4540000259876251;0.21000000834465027;-0.2840000092983246;0.5440000295639038;0.12400000542402267;0.8060000538825989
690691.0;0.10000000149011612;0.3150000274181366;0.5020000338554382;-8.5625;-20.5625;-42.25;-866.0;-3286.0;1893.0;226.875;35.8125;-7.625;-0.37811279296875;-0.30535888671875;0.07061767578125;-0.87109375;-0.47300001978874207;0.20900000631809235;-0.2850000262260437;0.5740000009536743;0.10500000417232513;0.7870000600814819
690701.0;0.12200000882148743;0.29600000381469727;0.4610000252723694;-18.1875;-17.25;-42.0;-899.0;-3266.0;1938.0;226.0;37.875;-6.375;-0.369384765625;-0.31781005859375;0.08441162109375;-0.869140625;-0.48000001907348633;0.21000000834465027;-0.3070000112056732;0.6020000576972961;0.0860000029206276;0.7680000066757202
690711.0;0.1600000113248825;0.2630000114440918;0.42500001192092896;-18.1875;-17.25;-42.0;-881.0;-3236.0;2006.0;225.0625;40.0;-5.0;-0.360107421875;-0.3299560546875;0.09808349609375;-0.8670654296875;-0.4700000286102295;0.19700001180171967;-0.32200002670288086;0.6300000548362732;0.06599999964237213;0.7480000257492065
690715.0;0.1600000113248825;0.2630000114440918;0.42500001192092896;-18.1875;-17.25;-42.0;-881.0;-3236.0;2006.0;225.0625;40.0;-5.0;-0.360107421875;-0.3299560546875;0.09808349609375;-0.8670654296875;-0.4700000286102295;0.19700001180171967;-0.32200002670288086;0.6300000548362732;0.06599999964237213;0.7480000257492065
690725.0;0.21800000965595245;0.20200000703334808;0.37400001287460327;-18.1875;-17.25;-42.0;-845.0;-3202.0;2131.0;224.0625;42.0;-3.5;-0.35009765625;-0.34185791015625;0.11175537109375;-0.86492919921875;-0.43800002336502075;0.15600000321865082;-0.35200002789497375;0.656000018119812;0.04500000178813934;0.7260000109672546
690735.0;0.24300001561641693;0.17800000309944153;0.36900001764297485;-18.1875;-17.25;-42.0;-812.0;-3180.0;2188.0;222.9375;44.0;-1.875;-0.33966064453125;-0.353515625;0.125244140625;-0.862548828125;-0.43700000643730164;0.15400001406669617;-0.33500000834465027;0.6810000538825989;0.023000001907348633;0.7040000557899475
690745.0;0.27900001406669617;0.14800000190734863;0.3490000069141388;-18.1875;-17.25;-42.0;-791.0;-3142.0;2212.0;221.8125;45.9375;-0.125;-0.32891845703125;-0.3648681640625;0.1385498046875;-0.85992431640625;-0.42500001192092896;0.14600001275539398;-0.3320000171661377;0.7040000557899475;0.0010000000474974513;0.6810000538825989
690745.0;0.27900001406669617;0.14800000190734863;0.3490000069141388;-18.1875;-17.25;-42.0;-791.0;-3142.0;2212.0;221.8125;45.9375;-0.125;-0.32891845703125;-0.3648681640625;0.1385498046875;-0.85992431640625;-0.42500001192092896;0.14600001275539398;-0.3320000171661377;0.7040000557899475;0.0010000000474974513;0.6810000538825989
690755.0;0.27900001406669617;0.14800000190734863;0.3490000069141388;-26.0;-13.1875;-39.875;-779.0;-3104.0;2197.0;220.6875;47.75;1.75;-0.31805419921875;-0.37591552734375;0.1517333984375;-0.8570556640625;-0.42100003361701965;0.12200000882148743;-0.33100003004074097;0.7260000109672546;-0.020000001415610313;0.6580000519752502
690765.0;0.30400002002716064;0.10200000554323196;0.3270000219345093;-26.0;-13.1875;-39.875;-800.0;-3038.0;2218.0;219.5625;49.5625;3.875;-0.30712890625;-0.386474609375;0.164794921875;-0.85394287109375;-0.42500001192092896;0.10400000214576721;-0.3160000145435333;0.7460000514984131;-0.0430000014603138;0.6340000033378601
690775.0;0.32100000977516174;0.06100000441074371;0.31700000166893005;-26.0;-13.1875;-39.875;-838.0;-3008.0;2261.0;218.3125;51.25;6.1875;-0.29595947265625;-0.3966064453125;0.17803955078125;-0.85052490234375;-0.42500001192092896;0.09200000762939453;-0.3050000071525574;0.7640000581741333;-0.06599999964237213;0.609000027179718
690785.0;0.33900001645088196;0.02500000037252903;0.30400002002716064;-26.0;-13.1875;-39.875;-892.0;-2982.0;2235.0;217.1875;52.875;8.75;-0.284912109375;-0.40643310546875;0.19134521484375;-0.8468017578125;-0.4280000329017639;0.09300000220537186;-0.3070000112056732;0.781000018119812;-0.09000000357627869;0.5840000510215759
690789.0;0.33900001645088196;0.02500000037252903;0.30400002002716064;-26.0;-13.1875;-39.875;-892.0;-2982.0;2235.0;217.1875;52.875;8.75;-0.284912109375;-0.40643310546875;0.19134521484375;-0.8468017578125;-0.4280000329017639;0.09300000220537186;-0.3070000112056732;0.781000018119812;-0.09000000357627869;0.5840000510215759
690799.0;0.3530000150203705;0.0020000000949949026;0.2770000100135803;-26.0;-13.1875;-39.875;-927.0;-2955.0;2184.0;216.0;54.375;11.5625;-0.27410888671875;-0.41595458984375;0.20458984375;-0.84259033203125;-0.4360000193119049;0.05400000140070915;-0.36000001430511475;0.7970000505447388;-0.11400000751018524;0.5590000152587891
690809.0;0.36100003123283386;-0.05900000408291817;0.1980000138282776;-26.0;-13.1875;-39.875;-927.0;-2955.0;2184.0;214.875;55.8125;14.5;-0.26336669921875;-0.425048828125;0.21771240234375;-0.83819580078125;-0.4520000219345093;0.032999999821186066;-0.36400002241134644;0.8110000491142273;-0.1380000114440918;0.5330000519752502
690819.0;0.3580000102519989;-0.10500000417232513;0.16900001466274261;-34.5;-8.75;-34.1875;-952.0;-2900.0;2166.0;213.6875;57.0625;17.75;-0.25262451171875;-0.43365478515625;0.23089599609375;-0.83355712890625;-0.4520000219345093;0.014000000432133675;-0.39400002360343933;0.8230000138282776;-0.16200000047683716;0.5070000290870667
690823.0;0.3700000047683716;-0.14800000190734863;0.1120000034570694;-34.5;-8.75;-34.1875;-1019.0;-2790.0;2148.0;212.5625;58.25;21.1875;-0.2420654296875;-0.44183349609375;0.24395751953125;-0.82861328125;-0.44300001859664917;-0.006000000052154064;-0.4300000071525574;0.8330000638961792;-0.1860000044107437;0.48100003600120544
690833.0;0.39000001549720764;-0.19300000369548798;0.05000000074505806;-34.5;-8.75;-34.1875;-1050.0;-2689.0;2103.0;211.4375;59.25;24.8125;-0.2318115234375;-0.449462890625;0.25689697265625;-0.82354736328125;-0.4150000214576721;-0.08400000631809235;-0.45500001311302185;0.8420000672340393;-0.21000000834465027;0.45500001311302185
690843.0;0.42600002884864807;-0.29500001668930054;0.0;-34.5;-8.75;-34.1875;-1095.0;-2580.0;2053.0;210.3125;60.0625;28.5625;-0.22198486328125;-0.45648193359375;0.2696533203125;-0.81829833984375;-0.4220000207424164;-0.10200000554323196;-0.46800002455711365;0.8500000238418579;-0.23400001227855682;0.42900002002716064
690853.0;0.4270000159740448;-0.3360000252723694;-0.03800000250339508;-34.5;-8.75;-34.1875;-1095.0;-2580.0;2053.0;210.3125;60.0625;28.5625;-0.22198486328125;-0.45648193359375;0.2696533203125;-0.81829833984375;-0.4280000329017639;-0.14500001072883606;-0.49800002574920654;0.8560000658035278;-0.2550000250339508;0.40400001406669617
690857.0;0.4270000159740448;-0.3360000252723694;-0.03800000250339508;-34.5;-8.75;-34.1875;-1095.0;-2580.0;2053.0;210.3125;60.0625;28.5625;-0.22198486328125;-0.45648193359375;0.2696533203125;-0.81829833984375;-0.4280000329017639;-0.14500001072883606;-0.49800002574920654;0.8560000658035278;-0.2550000250339508;0.40400001406669617
690867.0;0.4270000159740448;-0.4010000228881836;-0.09300000220537186;-40.0625;-2.75;-31.6875;-1061.0;-2484.0;1895.0;209.3125;60.75;32.3125;-0.2127685546875;-0.46319580078125;0.2816162109375;-0.81292724609375;-0.4010000228881836;-0.22100001573562622;-0.5120000243186951;0.8610000610351562;-0.2750000059604645;0.3790000081062317
690877.0;0.45900002121925354;-0.4960000216960907;-0.13199999928474426;-40.0625;-2.75;-31.6875;-820.0;-2380.0;1845.0;207.25;61.875;39.6875;-0.1944580078125;-0.47637939453125;0.3031005859375;-0.8021240234375;-0.41600000858306885;-0.2150000035762787;-0.5480000376701355;0.8650000691413879;-0.29500001668930054;0.35500001907348633
690887.0;0.4480000138282776;-0.5100000500679016;-0.19200000166893005;-40.0625;-2.75;-31.6875;-820.0;-2380.0;1845.0;206.0;62.0;43.75;-0.18414306640625;-0.4813232421875;0.31463623046875;-0.797119140625;-0.2590000033378601;-0.17500001192092896;-0.5360000133514404;0.8660000562667847;-0.31800001859664917;0.3320000171661377
690892.0;0.6060000061988831;-0.4930000305175781;-0.20400001108646393;-40.0625;-2.75;-31.6875;-924.0;-2223.0;2143.0;204.9375;62.125;47.375;-0.1754150390625;-0.48614501953125;0.32470703125;-0.7921142578125;-0.24300001561641693;-0.24000000953674316;-0.4930000305175781;0.8660000562667847;-0.3370000123977661;0.3100000023841858
690902.0;0.6230000257492065;-0.5770000219345093;-0.18200001120567322;-40.0625;-2.75;-31.6875;-865.0;-2054.0;1775.0;204.9375;62.125;47.375;-0.1754150390625;-0.48614501953125;0.32470703125;-0.7921142578125;-0.24300001561641693;-0.24000000953674316;-0.4930000305175781;0.8660000562667847;-0.3370000123977661;0.3100000023841858
690912.0;0.49800002574920654;-0.6490000486373901;-0.1720000058412552;-43.6875;2.375;-26.375;-771.0;-1880.0;1591.0;203.5625;62.125;50.625;-0.1644287109375;-0.4918212890625;0.33184814453125;-0.78802490234375;-0.3680000305175781;-0.29500001668930054;-0.46300002932548523;0.8670000433921814;-0.3540000021457672;0.2900000214576721
690922.0;0.51500004529953;-0.6670000553131104;-0.19600000977516174;-43.6875;2.375;-26.375;-563.0;-1784.0;1458.0;201.625;62.0625;56.25;-0.14923095703125;-0.50079345703125;0.3455810546875;-0.7794189453125;-0.3020000159740448;-0.281000018119812;-0.4780000150203705;0.8660000562667847;-0.38100001215934753;0.2540000081062317
690926.0;0.51500004529953;-0.6670000553131104;-0.19600000977516174;-43.6875;2.375;-26.375;-563.0;-1784.0;1458.0;201.625;62.0625;56.25;-0.14923095703125;-0.50079345703125;0.3455810546875;-0.7794189453125;-0.3020000159740448;-0.281000018119812;-0.4780000150203705;0.8660000562667847;-0.38100001215934753;0.2540000081062317
690936.0;0.5640000104904175;-0.6630000472068787;-0.2240000069141388;-43.6875;2.375;-26.375;-329.0;-1749.0;1261.0;201.625;62.0625;56.25;-0.14202880859375;-0.505615234375;0.35040283203125;-0.7755126953125;-0.2990000247955322;-0.25600001215934753;-0.4790000319480896;0.8660000562667847;-0.3920000195503235;0.23800000548362732
690946.0;0.5660000443458557;-0.6480000019073486;-0.2410000115633011;-43.6875;2.375;-26.375;-147.0;-1692.0;1091.0;200.75;62.0625;58.6875;-0.1348876953125;-0.51055908203125;0.354248046875;-0.771728515625;-0.33800002932548523;-0.20800000429153442;-0.4830000102519989;0.8660000562667847;-0.4010000228881836;0.22300000488758087
690956.0;0.5270000100135803;-0.6100000143051147;-0.2600000202655792;-43.6875;2.375;-26.375;-5.0;-1660.0;986.0;199.8125;62.0625;60.875;-0.1348876953125;-0.51055908203125;0.354248046875;-0.771728515625;-0.33800002932548523;-0.20800000429153442;-0.4830000102519989;0.8660000562667847;-0.4010000228881836;0.22300000488758087
690957.0;0.5270000100135803;-0.6100000143051147;-0.2600000202655792;-43.6875;2.375;-26.375;-5.0;-1660.0;986.0;199.8125;62.0625;60.875;-0.1348876953125;-0.51055908203125;0.354248046875;-0.771728515625;-0.33800002932548523;-0.20800000429153442;-0.4830000102519989;0.8660000562667847;-0.4010000228881836;0.22300000488758087
690967.0;0.5400000214576721;-0.5850000381469727;-0.26900002360343933;-45.875;7.875;-21.0625;87.0;-1657.0;940.0;198.875;62.0;63.0;-0.12774658203125;-0.515625;0.35760498046875;-0.76806640625;-0.32500001788139343;-0.17600001394748688;-0.47700002789497375;0.8660000562667847;-0.4090000092983246;0.20800000429153442
690977.0;0.5410000085830688;-0.5660000443458557;-0.29200002551078796;-45.875;7.875;-21.0625;101.0;-1627.0;914.0;197.9375;61.9375;65.0625;-0.12066650390625;-0.5205078125;0.3607177734375;-0.764404296875;-0.33000001311302185;-0.15700000524520874;-0.5220000147819519;0.8640000224113464;-0.42500001192092896;0.17900000512599945
690987.0;0.534000039100647;-0.5820000171661377;-0.34200000762939453;-45.875;7.875;-21.0625;78.0;-1574.0;887.0;197.0;61.875;67.0625;-0.11383056640625;-0.52520751953125;0.36383056640625;-0.76080322265625;-0.29500001668930054;-0.22300000488758087;-0.5550000071525574;0.8630000352859497;-0.43300002813339233;0.16600000858306885
690997.0;0.5680000185966492;-0.656000018119812;-0.3880000114440918;-45.875;7.875;-21.0625;93.0;-1528.0;863.0;196.0625;61.6875;68.9375;-0.107177734375;-0.52972412109375;0.36676025390625;-0.7572021484375;-0.2850000262260437;-0.2240000069141388;-0.562000036239624;0.862000048160553;-0.4400000274181366;0.15300001204013824
691005.0;0.5770000219345093;-0.6650000214576721;-0.40800002217292786;-45.875;7.875;-21.0625;151.0;-1453.0;852.0;195.1875;61.5625;70.75;-0.10052490234375;-0.533935546875;0.369384765625;-0.75390625;-0.2850000262260437;-0.2240000069141388;-0.562000036239624;0.862000048160553;-0.4400000274181366;0.15300001204013824
691015.0;0.5950000286102295;-0.6730000376701355;-0.42100003361701965;-46.6875;10.875;-18.1875;218.0;-1371.0;821.0;194.25;61.3125;72.3125;-0.093994140625;-0.53790283203125;0.37152099609375;-0.7508544921875;-0.26500001549720764;-0.22500000894069672;-0.5630000233650208;0.8600000143051147;-0.44700002670288086;0.1420000046491623
691025.0;0.6320000290870667;-0.6970000267028809;-0.4660000205039978;-46.6875;10.875;-18.1875;281.0;-1284.0;777.0;193.3125;61.125;73.75;-0.08758544921875;-0.5416259765625;0.37322998046875;-0.74810791015625;-0.22600001096725464;-0.24300001561641693;-0.5980000495910645;0.8560000658035278;-0.46000000834465027;0.12200000882148743
691035.0;0.6810000538825989;-0.7010000348091125;-0.453000009059906;-46.6875;10.875;-18.1875;293.0;-1173.0;739.0;192.4375;60.875;75.0625;-0.08148193359375;-0.544921875;0.374755859375;-0.74566650390625;-0.17500001192092896;-0.24000000953674316;-0.5760000348091125;0.8550000190734863;-0.4650000333786011;0.11500000208616257
691045.0;0.581000030040741;-0.7080000042915344;-0.4520000219345093;-46.6875;10.875;-18.1875;358.0;-1038.0;560.0;191.6875;60.6875;76.0625;-0.076171875;-0.54803466796875;0.3753662109375;-0.74359130859375;-0.27300000190734863;-0.242000013589859;-0.5670000314712524;0.8550000190734863;-0.4650000333786011;0.11500000208616257
691055.0;0.5370000004768372;-0.6330000162124634;-0.4650000333786011;-46.6875;10.875;-18.1875;-18.0;-996.0;969.0;190.8125;60.25;77.375;-0.07049560546875;-0.54998779296875;0.378662109375;-0.7410888671875;-0.3140000104904175;-0.15900000929832458;-0.5710000395774841;0.8510000109672546;-0.4740000367164612;0.10600000619888306
691064.0;0.6820000410079956;-0.7250000238418579;-0.3800000250339508;-47.25;12.0;-14.75;-618.0;-830.0;829.0;190.375;59.875;78.75;-0.0673828125;-0.55133056640625;0.3837890625;-0.73773193359375;-0.16500000655651093;-0.24300001561641693;-0.4750000238418579;0.8480000495910645;-0.4820000231266022;0.0950000062584877
691074.0;0.5070000290870667;-0.7800000309944153;-0.4280000329017639;-47.25;12.0;-14.75;-611.0;-580.0;796.0;190.0625;59.4375;79.875;-0.06488037109375;-0.5517578125;0.388671875;-0.73504638671875;-0.3370000123977661;-0.2900000214576721;-0.51500004529953;0.8440000414848328;-0.49000000953674316;0.08700000494718552
691084.0;0.6270000338554382;-0.7390000224113464;-0.4690000116825104;-47.25;12.0;-14.75;-317.0;-572.0;858.0;189.5;59.0;80.8125;-0.061279296875;-0.5521240234375;0.392578125;-0.7330322265625;-0.21300001442432404;-0.2410000115633011;-0.5490000247955322;0.8400000333786011;-0.49800002574920654;0.08000000566244125
691094.0;0.7680000066757202;-0.7420000433921814;-0.4660000205039978;-47.25;12.0;-14.75;45.0;-511.0;644.0;188.9375;58.6875;81.375;-0.0576171875;-0.552734375;0.39447021484375;-0.7318115234375;-0.0690000057220459;-0.23800000548362732;-0.5430000424385071;0.8370000123977661;-0.503000020980835;0.07600000500679016
691104.0;0.6730000376701355;-0.7190000414848328;-0.45600003004074097;-47.25;12.0;-14.75;138.0;-357.0;326.0;188.625;58.5;81.6875;-0.05517578125;-0.553466796875;0.39495849609375;-0.73114013671875;-0.16200000047683716;-0.2120000123977661;-0.5300000309944153;0.8360000252723694;-0.5060000419616699;0.07300000637769699
691108.0;0.6730000376701355;-0.7190000414848328;-0.45600003004074097;-47.25;12.0;-14.75;138.0;-357.0;326.0;188.625;58.5;81.6875;-0.05517578125;-0.553466796875;0.39495849609375;-0.73114013671875;-0.16200000047683716;-0.2120000123977661;-0.5300000309944153;0.8360000252723694;-0.5060000419616699;0.07300000637769699
691118.0;0.6950000524520874;-0.7120000123977661;-0.445000022649765;-46.5625;13.5;-11.875;286.0;-251.0;174.0;188.3125;58.4375;81.75;-0.05316162109375;-0.55419921875;0.39447021484375;-0.7310791015625;-0.14000000059604645;-0.20400001108646393;-0.5180000066757202;0.8350000381469727;-0.5070000290870667;0.07300000637769699
691128.0;0.6960000395774841;-0.687000036239624;-0.42500001192092896;-46.5625;13.5;-11.875;324.0;-142.0;184.0;188.0;58.3125;81.75;-0.05120849609375;-0.554443359375;0.393798828125;-0.73138427734375;-0.1380000114440918;-0.17800000309944153;-0.49900001287460327;0.8340000510215759;-0.5090000033378601;0.07300000637769699
691138.0;0.6820000410079956;-0.6720000505447388;-0.4050000309944153;-46.5625;13.5;-11.875;234.0;-32.0;233.0;187.6875;58.1875;81.6875;-0.049560546875;-0.55413818359375;0.3935546875;-0.7318115234375;-0.1510000079870224;-0.16100001335144043;-0.48000001907348633;0.8330000638961792;-0.5110000371932983;0.07400000095367432
691143.0;0.6700000166893005;-0.718000054359436;-0.3240000009536743;-46.5625;13.5;-11.875;139.0;69.0;222.0;187.5625;58.0625;81.5625;-0.04840087890625;-0.553466796875;0.3936767578125;-0.73236083984375;-0.16200000047683716;-0.20500001311302185;-0.4000000059604645;0.8320000171661377;-0.5120000243186951;0.07500000298023224
691153.0;0.6040000319480896;-0.6780000329017639;-0.32600000500679016;-46.5625;13.5;-11.875;162.0;120.0;170.0;187.375;57.9375;81.375;-0.04754638671875;-0.55267333984375;0.39349365234375;-0.73309326171875;-0.22600001096725464;-0.164000004529953;-0.40400001406669617;0.831000030040741;-0.5139999985694885;0.07700000703334808
691163.0;0.703000009059906;-0.6240000128746033;-0.29200002551078796;-46.1875;14.1875;-11.875;-56.0;114.0;167.0;187.375;57.8125;81.3125;-0.04730224609375;-0.5518798828125;0.3941650390625;-0.7333984375;-0.12600000202655792;-0.1080000028014183;-0.3700000047683716;0.8300000429153442;-0.51500004529953;0.07800000160932541
691173.0;0.703000009059906;-0.6240000128746033;-0.29200002551078796;-46.1875;14.1875;-11.875;-215.0;263.0;-76.0;187.5625;57.875;81.1875;-0.04876708984375;-0.55096435546875;0.39471435546875;-0.73370361328125;-0.23100000619888306;-0.2630000114440918;-0.3410000205039978;0.8300000429153442;-0.51500004529953;0.07900000363588333
691176.0;0.703000009059906;-0.6240000128746033;-0.29200002551078796;-46.1875;14.1875;-11.875;-215.0;263.0;-76.0;187.5625;57.875;81.1875;-0.04876708984375;-0.55096435546875;0.39471435546875;-0.73370361328125;-0.23100000619888306;-0.2630000114440918;-0.3410000205039978;0.8300000429153442;-0.51500004529953;0.07900000363588333
691186.0;0.5990000367164612;-0.7790000438690186;-0.26100000739097595;-46.1875;14.1875;-11.875;26.0;283.0;-169.0;187.75;57.9375;80.875;-0.0499267578125;-0.55023193359375;0.39404296875;-0.7344970703125;-0.2410000115633011;-0.2410000115633011;-0.35600000619888306;0.831000030040741;-0.5130000114440918;0.0820000022649765
691196.0;0.5900000333786011;-0.7550000548362732;-0.27400001883506775;-46.1875;14.1875;-11.875;258.0;173.0;-206.0;187.8125;58.0;80.5;-0.05035400390625;-0.550048828125;0.39239501953125;-0.7354736328125;-0.16300000250339508;-0.15300001204013824;-0.33900001645088196;0.8320000171661377;-0.5110000371932983;0.08500000089406967
691206.0;0.6680000424385071;-0.6650000214576721;-0.2540000081062317;-46.1875;14.1875;-11.875;183.0;203.0;-165.0;187.875;58.125;80.1875;-0.05084228515625;-0.54962158203125;0.39117431640625;-0.7364501953125;-0.1600000113248825;-0.10500000417232513;-0.3290000259876251;0.8320000171661377;-0.5100000500679016;0.08800000697374344
691212.0;0.6720000505447388;-0.6150000095367432;-0.2410000115633011;-46.1875;14.1875;-11.875;183.0;203.0;-165.0;188.0;58.125;79.875;-0.0517578125;-0.548828125;0.3905029296875;-0.7373046875;-0.1730000078678131;-0.20800000429153442;-0.3070000112056732;0.8330000638961792;-0.5080000162124634;0.09000000357627869
691222.0;0.6600000262260437;-0.7170000076293945;-0.2160000056028366;-47.25;16.5;-11.875;59.0;270.0;-123.0;188.125;58.1875;79.5;-0.05255126953125;-0.54791259765625;0.3897705078125;-0.73834228515625;-0.14900000393390656;-0.21800000965595245;-0.31200000643730164;0.8330000638961792;-0.5070000290870667;0.09300000220537186
691232.0;0.6840000152587891;-0.7250000238418579;-0.21800000965595245;-47.25;16.5;-11.875;185.0;350.0;-176.0;188.25;58.25;79.0;-0.053466796875;-0.54693603515625;0.388427734375;-0.73968505859375;-0.10600000619888306;-0.2150000035762787;-0.3370000123977661;0.8340000510215759;-0.5060000419616699;0.09700000286102295
691242.0;0.7270000576972961;-0.7220000624656677;-0.23900000751018524;-47.25;16.5;-11.875;227.0;425.0;-306.0;188.4375;58.375;78.4375;-0.05487060546875;-0.54595947265625;0.38653564453125;-0.74127197265625;-0.0650000050663948;-0.21900001168251038;-0.3440000116825104;0.8350000381469727;-0.503000020980835;0.10200000554323196
691246.0;0.7270000576972961;-0.7220000624656677;-0.23900000751018524;-47.25;16.5;-11.875;227.0;425.0;-306.0;188.4375;58.375;78.4375;-0.05487060546875;-0.54595947265625;0.38653564453125;-0.74127197265625;-0.0650000050663948;-0.21900001168251038;-0.3440000116825104;0.8350000381469727;-0.503000020980835;0.10200000554323196
691256.0;0.7690000534057617;-0.7230000495910645;-0.2410000115633011;-47.25;16.5;-11.875;178.0;537.0;-432.0;188.75;58.5625;77.6875;-0.05712890625;-0.5447998046875;0.38446044921875;-0.7430419921875;-0.07900000363588333;-0.22300000488758087;-0.3410000205039978;0.8370000123977661;-0.49900001287460327;0.1080000028014183
691266.0;0.7570000290870667;-0.7230000495910645;-0.2330000102519989;-47.25;16.5;-11.875;178.0;537.0;-432.0;188.75;58.5625;77.6875;-0.05712890625;-0.5447998046875;0.38446044921875;-0.7430419921875;-0.07900000363588333;-0.22200001776218414;-0.34800001978874207;0.8390000462532043;-0.49400001764297485;0.11400000751018524
691276.0;0.7590000629425049;-0.7160000205039978;-0.2330000102519989;-46.5625;15.375;-12.6875;109.0;652.0;-527.0;189.1875;58.8125;76.875;-0.0601806640625;-0.5433349609375;0.38226318359375;-0.7449951171875;-0.07000000029802322;-0.22100001573562622;-0.3500000238418579;0.8410000205039978;-0.4880000352859497;0.1210000067949295
691281.0;0.7700000405311584;-0.7100000381469727;-0.22800001502037048;-46.5625;15.375;-12.6875;58.0;749.0;-613.0;190.375;59.375;74.875;-0.06842041015625;-0.539794921875;0.3773193359375;-0.74932861328125;-0.07100000232458115;-0.21800000965595245;-0.36900001764297485;0.8440000414848328;-0.4820000231266022;0.1290000081062317
691291.0;0.7720000147819519;-0.7000000476837158;-0.23900000751018524;-46.5625;15.375;-12.6875;67.0;850.0;-752.0;191.125;59.75;73.625;-0.0736083984375;-0.53790283203125;0.37396240234375;-0.751953125;-0.06700000166893005;-0.22600001096725464;-0.38600000739097595;0.8470000624656677;-0.47300001978874207;0.1380000114440918
691301.0;0.7790000438690186;-0.7000000476837158;-0.24700000882148743;-46.5625;15.375;-12.6875;105.0;951.0;-906.0;191.9375;60.125;72.1875;-0.07928466796875;-0.53582763671875;0.36993408203125;-0.75482177734375;-0.11600000411272049;-0.1730000078678131;-0.42900002002716064;0.8500000238418579;-0.46400001645088196;0.14900000393390656
691311.0;0.7330000400543213;-0.6370000243186951;-0.2800000011920929;-46.5625;15.375;-12.6875;175.0;1039.0;-1036.0;191.9375;60.125;72.1875;-0.07928466796875;-0.53582763671875;0.36993408203125;-0.75482177734375;-0.11600000411272049;-0.1730000078678131;-0.42900002002716064;0.8500000238418579;-0.46400001645088196;0.14900000393390656
691314.0;0.7330000400543213;-0.6370000243186951;-0.2800000011920929;-46.5625;15.375;-12.6875;175.0;1039.0;-1036.0;191.9375;60.125;72.1875;-0.07928466796875;-0.53582763671875;0.36993408203125;-0.75482177734375;-0.11600000411272049;-0.1730000078678131;-0.42900002002716064;0.8500000238418579;-0.46400001645088196;0.14900000393390656
691324.0;0.7750000357627869;-0.6260000467300415;-0.2850000262260437;-46.5625;13.875;-14.0;170.0;1102.0;-1117.0;192.8125;60.5625;70.5625;-0.08538818359375;-0.53369140625;0.3656005859375;-0.75775146484375;-0.07900000363588333;-0.1720000058412552;-0.445000022649765;0.8540000319480896;-0.453000009059906;0.15900000929832458
691334.0;0.7260000109672546;-0.7090000510215759;-0.24300001561641693;-46.5625;13.875;-14.0;196.0;1241.0;-1265.0;193.8125;61.0625;68.6875;-0.09930419921875;-0.52850341796875;0.35479736328125;-0.76483154296875;-0.1680000126361847;-0.29200002551078796;-0.43800002336502075;0.8610000610351562;-0.42900002002716064;0.1850000023841858
691344.0;0.6930000185966492;-0.7210000157356262;-0.25200000405311584;-46.5625;13.875;-14.0;356.0;1355.0;-1344.0;194.75;61.5;66.5625;-0.10601806640625;-0.525634765625;0.34808349609375;-0.76898193359375;-0.1510000079870224;-0.2939999997615814;-0.46400001645088196;0.8650000691413879;-0.4150000214576721;0.20100000500679016
691348.0;0.6930000185966492;-0.7210000157356262;-0.25200000405311584;-46.5625;13.875;-14.0;356.0;1355.0;-1344.0;194.75;61.5;66.5625;-0.10601806640625;-0.525634765625;0.34808349609375;-0.76898193359375;-0.1510000079870224;-0.2939999997615814;-0.46400001645088196;0.8650000691413879;-0.4150000214576721;0.20100000500679016
691358.0;0.7130000591278076;-0.7090000510215759;-0.2630000114440918;-46.5625;13.875;-14.0;528.0;1416.0;-1380.0;195.6875;61.875;64.125;-0.11285400390625;-0.5224609375;0.34100341796875;-0.7733154296875;-0.15000000596046448;-0.27000001072883606;-0.49000000953674316;0.8670000433921814;-0.4010000228881836;0.21700000762939453
691368.0;0.7170000076293945;-0.6710000038146973;-0.2720000147819519;-46.5625;13.875;-14.0;571.0;1488.0;-1403.0;196.5625;62.25;61.5625;-0.11285400390625;-0.5224609375;0.34100341796875;-0.7733154296875;-0.15000000596046448;-0.27000001072883606;-0.49000000953674316;0.8670000433921814;-0.4010000228881836;0.21700000762939453
691378.0;0.6530000567436218;-0.6080000400543213;-0.2540000081062317;-46.875;10.875;-16.75;511.0;1580.0;-1455.0;197.375;62.5;58.8125;-0.1192626953125;-0.519287109375;0.33331298828125;-0.77783203125;-0.2160000056028366;-0.22100001573562622;-0.4880000352859497;0.8700000643730164;-0.38600000739097595;0.2330000102519989
691383.0;0.6350000500679016;-0.5790000557899475;-0.25600001215934753;-46.875;10.875;-16.75;415.0;1666.0;-1533.0;198.4375;62.75;55.9375;-0.12738037109375;-0.515380859375;0.3262939453125;-0.7821044921875;-0.23600001633167267;-0.2070000171661377;-0.5070000290870667;0.8730000257492065;-0.35500001907348633;0.2680000066757202
691393.0;0.6230000257492065;-0.5670000314712524;-0.26900002360343933;-46.875;10.875;-16.75;355.0;1763.0;-1610.0;199.625;62.9375;52.9375;-0.13604736328125;-0.51104736328125;0.31927490234375;-0.786376953125;-0.23200000822544098;-0.2760000228881836;-0.5920000076293945;0.8740000128746033;-0.33800002932548523;0.28700000047683716
691403.0;0.6420000195503235;-0.6140000224113464;-0.30400002002716064;-46.875;10.875;-16.75;502.0;1861.0;-1779.0;200.75;63.0625;49.5625;-0.145263671875;-0.50665283203125;0.31097412109375;-0.7908935546875;-0.26900002360343933;-0.16600000858306885;-0.6180000305175781;0.8750000596046448;-0.3160000145435333;0.30800002813339233
691413.0;0.6050000190734863;-0.4820000231266022;-0.3100000023841858;-46.875;10.875;-16.75;786.0;1963.0;-2056.0;202.0;63.1875;45.75;-0.1549072265625;-0.50238037109375;0.3006591796875;-0.7957763671875;-0.26900002360343933;-0.16600000858306885;-0.6180000305175781;0.8750000596046448;-0.3160000145435333;0.30800002813339233
691417.0;0.6050000190734863;-0.4820000231266022;-0.3100000023841858;-46.875;10.875;-16.75;786.0;1963.0;-2056.0;202.0;63.1875;45.75;-0.1549072265625;-0.50238037109375;0.3006591796875;-0.7957763671875;-0.26900002360343933;-0.16600000858306885;-0.6180000305175781;0.8750000596046448;-0.3160000145435333;0.30800002813339233
691427.0;0.5370000004768372;-0.4240000247955322;-0.281000018119812;-45.75;7.875;-21.75;973.0;2100.0;-2191.0;203.25;63.1875;41.5;-0.16485595703125;-0.49774169921875;0.28900146484375;-0.80096435546875;-0.3370000123977661;-0.13100001215934753;-0.6110000014305115;0.8750000596046448;-0.2930000126361847;0.33000001311302185
691437.0;0.5250000357627869;-0.3920000195503235;-0.25;-45.75;7.875;-21.75;949.0;2197.0;-2116.0;204.4375;62.9375;37.3125;-0.17462158203125;-0.492431640625;0.2774658203125;-0.80621337890625;-0.34800001978874207;-0.12200000882148743;-0.6040000319480896;0.8730000257492065;-0.27000001072883606;0.3540000021457672
691447.0;0.5490000247955322;-0.41100001335144043;-0.1850000023841858;-45.75;7.875;-21.75;824.0;2278.0;-2017.0;205.5625;62.5625;33.3125;-0.18438720703125;-0.48638916015625;0.2666015625;-0.8114013671875;-0.32100000977516174;-0.16200000047683716;-0.562000036239624;0.8700000643730164;-0.24800001084804535;0.37700000405311584
691452.0;0.5600000023841858;-0.40800002217292786;-0.1980000138282776;-45.75;7.875;-21.75;756.0;2365.0;-1970.0;206.75;61.9375;29.5;-0.1942138671875;-0.47967529296875;0.2559814453125;-0.8165283203125;-0.30400002002716064;-0.1810000091791153;-0.5990000367164612;0.8650000691413879;-0.22700001299381256;0.4000000059604645
691462.0;0.5690000057220459;-0.3920000195503235;-0.22300000488758087;-45.75;7.875;-21.75;762.0;2453.0;-2002.0;207.875;61.1875;25.8125;-0.20416259765625;-0.4725341796875;0.24505615234375;-0.82159423828125;-0.289000004529953;-0.18700000643730164;-0.6480000019073486;0.859000027179718;-0.20500001311302185;0.4240000247955322
691472.0;0.5450000166893005;-0.37300002574920654;-0.22800001502037048;-44.25;1.5625;-25.0;793.0;2570.0;-2047.0;209.0625;60.25;22.1875;-0.21435546875;-0.46478271484375;0.23370361328125;-0.82666015625;-0.3060000240802765;-0.18900001049041748;-0.6780000329017639;0.8510000109672546;-0.18300001323223114;0.4490000307559967
691482.0;0.4310000240802765;-0.2840000092983246;-0.19500000774860382;-44.25;1.5625;-25.0;799.0;2676.0;-2068.0;210.1875;59.1875;18.6875;-0.2247314453125;-0.45648193359375;0.2220458984375;-0.83172607421875;-0.4100000262260437;-0.12300000339746475;-0.6700000166893005;0.8420000672340393;-0.16100001335144043;0.4750000238418579
691486.0;0.4310000240802765;-0.2840000092983246;-0.19500000774860382;-44.25;1.5625;-25.0;799.0;2676.0;-2068.0;210.1875;59.1875;18.6875;-0.2247314453125;-0.45648193359375;0.2220458984375;-0.83172607421875;-0.4100000262260437;-0.12300000339746475;-0.6700000166893005;0.8420000672340393;-0.16100001335144043;0.4750000238418579
691496.0;0.3930000066757202;-0.2760000228881836;-0.1730000078678131;-44.25;1.5625;-25.0;824.0;2718.0;-2088.0;211.375;58.0;15.4375;-0.23504638671875;-0.44793701171875;0.21014404296875;-0.83660888671875;-0.43800002336502075;-0.13700000941753387;-0.6730000376701355;0.831000030040741;-0.1380000114440918;0.5
691506.0;0.37400001287460327;-0.26200002431869507;-0.11700000613927841;-44.25;1.5625;-25.0;918.0;2720.0;-2121.0;212.4375;56.6875;12.3125;-0.2452392578125;-0.4393310546875;0.19769287109375;-0.84130859375;-0.445000022649765;-0.1469999998807907;-0.6430000066757202;0.8190000653266907;-0.11400000751018524;0.5250000357627869
691516.0;0.37300002574920654;-0.24900001287460327;-0.10000000149011612;-44.25;1.5625;-25.0;1148.0;2721.0;-2110.0;213.5;55.3125;9.3125;-0.25469970703125;-0.43084716796875;0.18408203125;-0.845947265625;-0.43300002813339233;-0.15900000929832458;-0.6510000228881836;0.8060000538825989;-0.09000000357627869;0.550000011920929
691522.0;0.35200002789497375;-0.29500001668930054;-0.1860000044107437;-41.0;-4.25;-31.1875;1469.0;2767.0;-2140.0;214.375;53.8125;6.25;-0.2635498046875;-0.42242431640625;0.1689453125;-0.8505859375;-0.4390000104904175;-0.23200000822544098;-0.7610000371932983;0.7920000553131104;-0.06300000101327896;0.5740000009536743
691532.0;0.3140000104904175;-0.33500000834465027;-0.1990000158548355;-41.0;-4.25;-31.1875;1956.0;2814.0;-2172.0;215.1875;52.25;3.125;-0.27142333984375;-0.41436767578125;0.1513671875;-0.85540771484375;-0.46000000834465027;-0.30100002884864807;-0.7980000376701355;0.7750000357627869;-0.032999999821186066;0.5980000495910645
691542.0;0.25699999928474426;-0.32600000500679016;-0.2120000123977661;-41.0;-4.25;-31.1875;2590.0;2821.0;-2200.0;215.75;50.5625;-0.0625;-0.27783203125;-0.406982421875;0.1307373046875;-0.8602294921875;-0.5;-0.3270000219345093;-0.8340000510215759;0.7570000290870667;0.0010000000474974513;0.6220000386238098
691552.0;0.1469999998807907;-0.24500000476837158;-0.18300001323223114;-41.0;-4.25;-31.1875;3262.0;2823.0;-2281.0;216.1875;48.8125;-3.625;-0.2830810546875;-0.400390625;0.10687255859375;-0.86492919921875;-0.5910000205039978;-0.28600001335144043;-0.8270000219345093;0.7380000352859497;0.04100000113248825;0.6430000066757202
691556.0;0.1469999998807907;-0.24500000476837158;-0.18300001323223114;-41.0;-4.25;-31.1875;3262.0;2823.0;-2281.0;216.1875;48.8125;-3.625;-0.2830810546875;-0.400390625;0.10687255859375;-0.86492919921875;-0.5910000205039978;-0.28600001335144043;-0.8270000219345093;0.7380000352859497;0.04100000113248825;0.6430000066757202
691566.0;0.09200000762939453;-0.17900000512599945;-0.14500001072883606;-41.0;-4.25;-31.1875;3807.0;2829.0;-2479.0;216.625;47.0;-7.375;-0.287841796875;-0.3944091796875;0.0799560546875;-0.8690185546875;-0.625;-0.26500001549720764;-0.8080000281333923;0.7170000076293945;0.0860000029206276;0.6620000600814819
691576.0;0.09200000762939453;-0.17900000512599945;-0.14500001072883606;-35.75;-9.75;-34.375;4203.0;2819.0;-2754.0;217.0625;45.0625;-11.375;-0.29278564453125;-0.38885498046875;0.0506591796875;-0.8720703125;-0.6630000472068787;-0.2410000115633011;-0.7470000386238098;0.6940000057220459;0.13600000739097595;0.6790000200271606
691586.0;0.030000001192092896;-0.10500000417232513;-0.06800000369548798;-35.75;-9.75;-34.375;4426.0;2808.0;-3036.0;217.6875;42.9375;-15.375;-0.2982177734375;-0.38336181640625;0.01971435546875;-0.8739013671875;-0.6980000138282776;-0.21900001168251038;-0.6760000586509705;0.6680000424385071;0.1900000125169754;0.6910000443458557
691591.0;-0.029000001028180122;-0.02800000086426735;0.015000000596046448;-35.75;-9.75;-34.375;4440.0;2841.0;-3320.0;218.375;40.6875;-19.3125;-0.3046875;-0.37738037109375;-0.011962890625;-0.8743896484375;-0.7720000147819519;-0.15200001001358032;-0.5250000357627869;0.64000004529953;0.2460000067949295;0.7010000348091125
691601.0;-0.13100001215934753;0.09300000220537186;0.17500001192092896;-35.75;-9.75;-34.375;4235.0;2899.0;-3578.0;219.3125;38.3125;-23.0;-0.31243896484375;-0.37042236328125;-0.04327392578125;-0.8736572265625;-0.7870000600814819;-0.1510000079870224;-0.43400001525878906;0.6080000400543213;0.30100002884864807;0.7070000171661377
691611.0;-0.17800000309944153;0.14900000393390656;0.27300000190734863;-35.75;-9.75;-34.375;3788.0;2982.0;-3812.0;220.5;35.6875;-26.3125;-0.32177734375;-0.36181640625;-0.0731201171875;-0.87188720703125;-0.7800000309944153;-0.13500000536441803;-0.3760000169277191;0.5720000267028809;0.3530000150203705;0.7130000591278076
691621.0;-0.20800000429153442;0.21700000762939453;0.3370000123977661;-35.75;-9.75;-34.375;3788.0;2982.0;-3812.0;221.875;32.9375;-29.125;-0.3328857421875;-0.35125732421875;-0.10052490234375;-0.86932373046875;-0.7570000290870667;-0.12600000202655792;-0.3450000286102295;0.5330000519752502;0.4000000059604645;0.718000054359436
691624.0;-0.20800000429153442;0.21700000762939453;0.3370000123977661;-35.75;-9.75;-34.375;3788.0;2982.0;-3812.0;221.875;32.9375;-29.125;-0.3328857421875;-0.35125732421875;-0.10052490234375;-0.86932373046875;-0.7570000290870667;-0.12600000202655792;-0.3450000286102295;0.5330000519752502;0.4000000059604645;0.718000054359436
691634.0;-0.2240000069141388;0.27400001883506775;0.37300002574920654;-27.5625;-22.0625;-35.5625;3154.0;3088.0;-4017.0;223.4375;29.9375;-31.3125;-0.34552001953125;-0.33831787109375;-0.12493896484375;-0.8663330078125;-0.7570000290870667;-0.05700000375509262;-0.4090000092983246;0.49000000953674316;0.4410000145435333;0.7250000238418579
691644.0;-0.26600000262260437;0.3830000162124634;0.3160000145435333;-27.5625;-22.0625;-35.5625;1731.0;3426.0;-4207.0;225.1875;26.875;-32.9375;-0.3592529296875;-0.3228759765625;-0.14654541015625;-0.86328125;-0.7460000514984131;-0.04800000041723251;-0.4930000305175781;0.44300001859664917;0.4750000238418579;0.734000027179718
691654.0;-0.3020000159740448;0.4270000159740448;0.24000000953674316;-27.5625;-22.0625;-35.5625;1175.0;3571.0;-4193.0;226.9375;23.625;-34.0625;-0.3734130859375;-0.30548095703125;-0.16571044921875;-0.860107421875;-0.7390000224113464;-0.06000000238418579;-0.5660000443458557;0.3930000066757202;0.503000020980835;0.7430000305175781
691654.0;-0.3020000159740448;0.4270000159740448;0.24000000953674316;-27.5625;-22.0625;-35.5625;1175.0;3571.0;-4193.0;226.9375;23.625;-34.0625;-0.3734130859375;-0.30548095703125;-0.16571044921875;-0.860107421875;-0.7390000224113464;-0.06000000238418579;-0.5660000443458557;0.3930000066757202;0.503000020980835;0.7430000305175781
691664.0;-0.3450000286102295;0.44200003147125244;0.1770000010728836;-27.5625;-22.0625;-35.5625;815.0;3608.0;-4076.0;228.625;20.4375;-34.875;-0.3873291015625;-0.2869873046875;-0.18304443359375;-0.8568115234375;-0.7470000386238098;-0.0990000069141388;-0.6160000562667847;0.34300002455711365;0.5250000357627869;0.753000020980835
691674.0;-0.40300002694129944;0.42500001192092896;0.13600000739097595;-27.5625;-22.0625;-35.5625;815.0;3608.0;-4076.0;228.625;20.4375;-34.875;-0.3873291015625;-0.2869873046875;-0.18304443359375;-0.8568115234375;-0.7470000386238098;-0.0990000069141388;-0.6160000562667847;0.29200002551078796;0.5440000295639038;0.7610000371932983
691684.0;-0.550000011920929;0.37800002098083496;0.1510000079870224;-15.25;-31.25;-33.5625;677.0;3570.0;-3864.0;230.1875;17.375;-35.5;-0.400146484375;-0.26837158203125;-0.19921875;-0.85333251953125;-0.843000054359436;-0.16500000655651093;-0.609000027179718;0.29200002551078796;0.5440000295639038;0.7610000371932983
691694.0;-0.6410000324249268;0.36000001430511475;0.1810000091791153;-15.25;-31.25;-33.5625;763.0;3493.0;-3621.0;233.0;11.5;-36.8125;-0.42156982421875;-0.23333740234375;-0.23114013671875;-0.84521484375;-0.9220000505447388;-0.22300000488758087;-0.5490000247955322;0.19500000774860382;0.5760000348091125;0.7690000534057617
691698.0;-0.6410000324249268;0.36000001430511475;0.1810000091791153;-15.25;-31.25;-33.5625;763.0;3493.0;-3621.0;233.0;11.5;-36.8125;-0.42156982421875;-0.23333740234375;-0.23114013671875;-0.84521484375;-0.9220000505447388;-0.22300000488758087;-0.5490000247955322;0.19500000774860382;0.5760000348091125;0.7690000534057617
691708.0;-0.7260000109672546;0.35200002789497375;0.21900001168251038;-15.25;-31.25;-33.5625;961.0;3381.0;-3403.0;234.25;8.6875;-37.5625;-0.43060302734375;-0.21728515625;-0.2476806640625;-0.84027099609375;-1.0180000066757202;-0.25200000405311584;-0.45100003480911255;0.14800000190734863;0.5910000205039978;0.7670000195503235
691718.0;-0.8690000176429749;0.33900001645088196;0.3160000145435333;-15.25;-31.25;-33.5625;1186.0;3276.0;-3278.0;235.5;5.9375;-38.5;-0.43914794921875;-0.201904296875;-0.264892578125;-0.83441162109375;-1.034000039100647;-0.2580000162124634;-0.3790000081062317;0.10200000554323196;0.6070000529289246;0.7630000114440918
691728.0;-0.9320000410079956;0.3490000069141388;0.3840000033378601;-15.25;-31.25;-33.5625;1399.0;3215.0;-3271.0;235.5;5.9375;-38.5;-0.43914794921875;-0.201904296875;-0.264892578125;-0.83441162109375;-1.034000039100647;-0.2580000162124634;-0.3790000081062317;0.10200000554323196;0.6070000529289246;0.7630000114440918
691732.0;-0.9810000658035278;0.3760000169277191;0.3890000283718109;-2.25;-35.5625;-32.6875;1554.0;3194.0;-3349.0;236.8125;3.1875;-39.4375;-0.4476318359375;-0.1866455078125;-0.2825927734375;-0.82757568359375;-1.0360000133514404;-0.24500000476837158;-0.36500000953674316;0.05400000140070915;0.6220000386238098;0.7550000548362732
691742.0;-1.0099999904632568;0.4010000228881836;0.4240000247955322;-2.25;-35.5625;-32.6875;1686.0;3215.0;-3519.0;238.1875;0.3125;-40.5;-0.46575927734375;-0.15570068359375;-0.319580078125;-0.81036376953125;-1.0260000228881836;-0.164000004529953;-0.29600000381469727;-0.04400000348687172;0.6500000357627869;0.7320000529289246
691752.0;-1.0700000524520874;0.48500001430511475;0.4360000193119049;-2.25;-35.5625;-32.6875;1772.0;3203.0;-3754.0;239.75;-2.5625;-41.5625;-0.47576904296875;-0.13946533203125;-0.338623046875;-0.7996826171875;-0.9920000433921814;-0.13500000536441803;-0.24300001561641693;-0.09700000286102295;0.6610000133514404;0.7170000076293945
691762.0;-1.0890001058578491;0.5250000357627869;0.47300001978874207;-2.25;-35.5625;-32.6875;1845.0;3255.0;-4014.0;241.4375;-5.6875;-42.625;-0.48638916015625;-0.1229248046875;-0.35772705078125;-0.78765869140625;-0.971000075340271;-0.09600000083446503;-0.2160000056028366;-0.1510000079870224;0.6690000295639038;0.7000000476837158
691767.0;-1.0890001058578491;0.5250000357627869;0.47300001978874207;-2.25;-35.5625;-32.6875;1845.0;3255.0;-4014.0;241.4375;-5.6875;-42.625;-0.48638916015625;-0.1229248046875;-0.35772705078125;-0.78765869140625;-0.971000075340271;-0.09600000083446503;-0.2160000056028366;-0.1510000079870224;0.6690000295639038;0.7000000476837158
691777.0;-1.1230000257492065;0.5730000138282776;0.4830000102519989;-2.25;-35.5625;-32.6875;1889.0;3223.0;-4262.0;243.375;-8.875;-43.6875;-0.48638916015625;-0.1229248046875;-0.35772705078125;-0.78765869140625;-0.971000075340271;-0.09600000083446503;-0.2160000056028366;-0.1510000079870224;0.6690000295639038;0.7000000476837158
691787.0;-1.1510000228881836;0.6000000238418579;0.5380000472068787;9.0625;-37.6875;-29.375;1874.0;3160.0;-4486.0;245.4375;-12.125;-44.75;-0.49761962890625;-0.1060791015625;-0.3763427734375;-0.7742919921875;-0.9450000524520874;-0.07400000095367432;-0.1420000046491623;-0.20600001513957977;0.675000011920929;0.6800000071525574
691797.0;-1.2290000915527344;0.6570000052452087;0.6450000405311584;9.0625;-37.6875;-29.375;1783.0;3092.0;-4677.0;247.625;-15.4375;-45.625;-0.50933837890625;-0.08880615234375;-0.3941650390625;-0.75982666015625;-0.9340000152587891;0.05000000074505806;0.01100000087171793;-0.3160000145435333;0.6720000505447388;0.6390000581741333
691807.0;-1.25;0.7220000624656677;0.6500000357627869;9.0625;-37.6875;-29.375;1621.0;3055.0;-4847.0;250.0;-18.8125;-46.375;-0.52142333984375;-0.07073974609375;-0.41094970703125;-0.74444580078125;-0.9020000696182251;0.10500000417232513;0.06000000238418579;-0.3720000088214874;0.6630000472068787;0.6180000305175781
691817.0;-1.2740000486373901;0.7690000534057617;0.6790000200271606;9.0625;-37.6875;-29.375;1440.0;3025.0;-4975.0;252.4375;-22.25;-47.0;-0.5335693359375;-0.052001953125;-0.4266357421875;-0.7283935546875;-0.9660000205039978;0.17800000309944153;0.19300000369548798;-0.42600002884864807;0.6500000357627869;0.5960000157356262
691821.0;-1.3920000791549683;0.8290000557899475;0.7900000214576721;9.0625;-37.6875;-29.375;1260.0;3055.0;-5025.0;254.875;-25.75;-47.4375;-0.54541015625;-0.032470703125;-0.44122314453125;-0.7119140625;-0.9660000205039978;0.17800000309944153;0.19300000369548798;-0.42600002884864807;0.6500000357627869;0.5960000157356262
691831.0;-1.277000069618225;0.8690000176429749;0.8140000104904175;22.0625;-36.5625;-23.25;1160.0;3110.0;-4784.0;257.1875;-29.1875;-47.875;-0.5556640625;-0.01300048828125;-0.45513916015625;-0.69561767578125;-0.7990000247955322;0.23400001227855682;0.24000000953674316;-0.4780000150203705;0.6350000500679016;0.5740000009536743
691841.0;-1.3030000925064087;0.8810000419616699;0.8370000123977661;22.0625;-36.5625;-23.25;1171.0;3155.0;-4749.0;259.5625;-32.5625;-48.25;-0.565185546875;0.006591796875;-0.46881103515625;-0.67877197265625;-0.7750000357627869;0.2639999985694885;0.2880000174045563;-0.527999997138977;0.6160000562667847;0.5490000247955322
691851.0;-1.4920001029968262;0.8640000224113464;0.7890000343322754;22.0625;-36.5625;-23.25;1095.0;3032.0;-5793.0;262.5625;-36.4375;-48.25;-0.578125;0.02850341796875;-0.48126220703125;-0.65826416015625;-0.9100000262260437;0.2750000059604645;0.2639999985694885;-0.5820000171661377;0.5890000462532043;0.5240000486373901
691854.0;-1.4920001029968262;0.8640000224113464;0.7890000343322754;22.0625;-36.5625;-23.25;1095.0;3032.0;-5793.0;262.5625;-36.4375;-48.25;-0.578125;0.02850341796875;-0.48126220703125;-0.65826416015625;-0.9100000262260437;0.2750000059604645;0.2639999985694885;-0.5820000171661377;0.5890000462532043;0.5240000486373901
691864.0;-1.621000051498413;0.7360000610351562;0.6960000395774841;22.0625;-36.5625;-23.25;1217.0;3004.0;-5638.0;265.5625;-40.1875;-48.3125;-0.58990478515625;0.04949951171875;-0.4935302734375;-0.63714599609375;-0.9880000352859497;0.17600001394748688;0.1980000138282776;-0.6320000290870667;0.5590000152587891;0.49800002574920654
691874.0;-1.6440000534057617;0.7140000462532043;0.7110000252723694;22.0625;-36.5625;-23.25;1274.0;2874.0;-5146.0;268.375;-43.625;-48.375;-0.59979248046875;0.068603515625;-0.50518798828125;-0.61676025390625;-0.9670000672340393;0.18400001525878906;0.24000000953674316;-0.6770000457763672;0.5300000309944153;0.4700000286102295
691884.0;-1.687000036239624;0.7010000348091125;0.7410000562667847;35.1875;-32.1875;-15.875;1477.0;2701.0;-4919.0;271.1875;-46.9375;-48.5;-0.60882568359375;0.08575439453125;-0.51654052734375;-0.595947265625;-0.9700000286102295;0.20000000298023224;0.2980000078678131;-0.7170000076293945;0.5010000467300415;0.44200003147125244
691888.0;-1.687000036239624;0.7010000348091125;0.7410000562667847;35.1875;-32.1875;-15.875;1477.0;2701.0;-4919.0;271.1875;-46.9375;-48.5;-0.60882568359375;0.08575439453125;-0.51654052734375;-0.595947265625;-0.9700000286102295;0.20000000298023224;0.2980000078678131;-0.7170000076293945;0.5010000467300415;0.44200003147125244
691898.0;-1.7200000286102295;0.6760000586509705;0.7010000348091125;35.1875;-32.1875;-15.875;1839.0;2469.0;-4691.0;274.125;-50.0625;-48.75;-0.617431640625;0.10040283203125;-0.52789306640625;-0.574462890625;-0.9670000672340393;0.203000009059906;0.28600001335144043;-0.7520000338554382;0.47300001978874207;0.4140000343322754
691908.0;-1.6690000295639038;0.7610000371932983;0.4930000305175781;35.1875;-32.1875;-15.875;2090.0;2190.0;-4287.0;276.9375;-52.875;-49.125;-0.62518310546875;0.11212158203125;-0.53887939453125;-0.5533447265625;-0.8870000243186951;0.3140000104904175;0.10700000822544098;-0.7820000648498535;0.44700002670288086;0.38600000739097595
691918.0;-1.6090000867843628;0.8520000576972961;0.5420000553131104;35.1875;-32.1875;-15.875;2069.0;2043.0;-4263.0;279.875;-55.6875;-49.375;-0.6328125;0.12335205078125;-0.5489501953125;-0.531982421875;-0.7990000247955322;0.43300002813339233;0.18200001120567322;-0.8100000619888306;0.4190000295639038;0.359000027179718
691922.0;-1.5660001039505005;0.7970000505447388;0.6020000576972961;35.1875;-32.1875;-15.875;2053.0;2008.0;-4728.0;283.125;-58.625;-49.125;-0.641357421875;0.1357421875;-0.55810546875;-0.5086669921875;-0.7290000319480896;0.41100001335144043;0.26900002360343933;-0.8370000123977661;0.38600000739097595;0.3330000042915344
691932.0;-1.558000087738037;0.6260000467300415;0.6190000176429749;44.375;-21.0625;-9.25;2300.0;1976.0;-4734.0;286.5625;-61.5625;-48.8125;-0.64959716796875;0.14715576171875;-0.56732177734375;-0.4842529296875;-0.6950000524520874;0.2750000059604645;0.31200000643730164;-0.862000048160553;0.35100001096725464;0.3060000240802765
691942.0;-1.5190000534057617;0.6040000319480896;0.5950000286102295;44.375;-21.0625;-9.25;2550.0;1776.0;-4116.0;289.8125;-64.125;-48.75;-0.65655517578125;0.15521240234375;-0.5765380859375;-0.4609375;-0.6360000371932983;0.28300002217292786;0.31300002336502075;-0.8820000290870667;0.32100000977516174;0.281000018119812
691952.0;-1.5100001096725464;0.7430000305175781;0.5230000019073486;44.375;-21.0625;-9.25;2752.0;1548.0;-3606.0;292.9375;-66.375;-48.8125;-0.66265869140625;0.160400390625;-0.58544921875;-0.43865966796875;-0.6110000014305115;0.44700002670288086;0.26500001549720764;-0.8980000615119934;0.29500001668930054;0.25699999928474426
691955.0;-1.5100001096725464;0.7430000305175781;0.5230000019073486;44.375;-21.0625;-9.25;2752.0;1548.0;-3606.0;292.9375;-66.375;-48.8125;-0.66265869140625;0.160400390625;-0.58544921875;-0.43865966796875;-0.6110000014305115;0.44700002670288086;0.26500001549720764;-0.8980000615119934;0.29500001668930054;0.25699999928474426
691965.0;-1.5230001211166382;0.8630000352859497;0.46300002932548523;44.375;-21.0625;-9.25;2736.0;1378.0;-3293.0;296.0;-68.4375;-48.8125;-0.66815185546875;0.16412353515625;-0.59368896484375;-0.41741943359375;-0.6110000014305115;0.5920000076293945;0.22600001096725464;-0.9120000600814819;0.27000001072883606;0.23600001633167267
691975.0;-1.5230001211166382;0.8630000352859497;0.46300002932548523;44.375;-21.0625;-9.25;2180.0;1260.0;-2881.0;298.5625;-70.25;-48.625;-0.67230224609375;0.168212890625;-0.60028076171875;-0.39923095703125;-0.6660000085830688;0.64000004529953;0.17100000381469727;-0.9230000376701355;0.24800001084804535;0.21800000965595245
691985.0;-1.5890001058578491;0.8880000710487366;0.39000001549720764;50.25;-12.1875;-2.25;1169.0;1282.0;-2532.0;300.375;-71.9375;-48.0625;-0.674072265625;0.1754150390625;-0.60479736328125;-0.38604736328125;-0.6810000538825989;0.5570000410079956;0.14400000870227814;-0.9320000410079956;0.22600001096725464;0.20200000703334808
691989.0;-1.5890001058578491;0.8880000710487366;0.39000001549720764;50.25;-12.1875;-2.25;1169.0;1282.0;-2532.0;300.375;-71.9375;-48.0625;-0.674072265625;0.1754150390625;-0.60479736328125;-0.38604736328125;-0.6810000538825989;0.5570000410079956;0.14400000870227814;-0.9320000410079956;0.22600001096725464;0.20200000703334808
691999.0;-1.6140000820159912;0.7830000519752502;0.34700000286102295;50.25;-12.1875;-2.25;312.0;1368.0;-2444.0;301.875;-73.5625;-47.0;-0.6749267578125;0.18487548828125;-0.60797119140625;-0.37506103515625;-0.656000018119812;0.45000001788139343;0.14900000393390656;-0.940000057220459;0.20200000703334808;0.18800000846385956
692009.0;-1.5970001220703125;0.6520000100135803;0.33800002932548523;50.25;-12.1875;-2.25;-169.0;1291.0;-2409.0;303.0625;-75.1875;-45.3125;-0.67529296875;0.19573974609375;-0.60980224609375;-0.36572265625;-0.5860000252723694;0.3750000298023224;0.15200001001358032;-0.9480000734329224;0.17800000309944153;0.17600001394748688
692019.0;-1.534000039100647;0.5530000329017639;0.328000009059906;50.25;-12.1875;-2.25;-303.0;1208.0;-2490.0;304.3125;-76.75;-42.8125;-0.67584228515625;0.2071533203125;-0.61090087890625;-0.35650634765625;-0.49400001764297485;0.3540000021457672;0.18200001120567322;-0.9540000557899475;0.15200001001358032;0.164000004529953
692023.0;-1.4480000734329224;0.5060000419616699;0.3460000157356262;50.25;-12.1875;-2.25;-157.0;1253.0;-2839.0;305.875;-78.4375;-39.0625;-0.6768798828125;0.21923828125;-0.61187744140625;-0.345458984375;-0.5020000338554382;0.4000000059604645;0.1900000125169754;-0.9600000381469727;0.12300000339746475;0.15200001001358032
692033.0;-1.4630000591278076;0.5240000486373901;0.34200000762939453;50.25;-12.1875;-2.25;-157.0;1253.0;-2839.0;305.875;-78.4375;-39.0625;-0.67840576171875;0.23150634765625;-0.61297607421875;-0.332275390625;-0.5170000195503235;0.44300001859664917;0.17800000309944153;-0.9660000205039978;0.09100000560283661;0.1380000114440918
692043.0;-1.4840000867843628;0.534000039100647;0.31700000166893005;51.375;-4.375;1.0;88.0;1314.0;-3182.0;307.8125;-80.25;-33.375;-0.67840576171875;0.23150634765625;-0.61297607421875;-0.332275390625;-0.5879999995231628;0.43300002813339233;0.21300001442432404;-0.9700000286102295;0.058000002056360245;0.125
692053.0;-1.559000015258789;0.492000013589859;0.33900001645088196;51.375;-4.375;1.0;849.0;812.0;-2185.0;311.625;-82.8125;-17.75;-0.682373046875;0.2484130859375;-0.61541748046875;-0.30645751953125;-0.46700000762939453;0.43400001525878906;0.1990000158548355;-0.9720000624656677;0.03700000047683716;0.11600000411272049
692061.0;-1.440000057220459;0.47200003266334534;0.3160000145435333;51.375;-4.375;1.0;863.0;759.0;-1880.0;313.1875;-83.5;-1.0625;-0.68402099609375;0.25262451171875;-0.6170654296875;-0.29583740234375;-0.5870000123977661;0.36100003123283386;0.23000000417232513;-0.9740000367164612;0.01900000125169754;0.1080000028014183
692071.0;-1.561000108718872;0.3800000250339508;0.33900001645088196;51.375;-4.375;1.0;1617.0;486.0;-999.0;314.6875;-83.875;-0.5625;-0.6861572265625;0.25079345703125;-0.61993408203125;-0.28631591796875;-0.48100003600120544;0.3020000159740448;0.09100000560283661;-0.9750000238418579;0.010000000707805157;0.10300000756978989
692081.0;-1.4560000896453857;0.31200000643730164;0.19500000774860382;51.375;-4.375;1.0;1617.0;486.0;-999.0;314.6875;-83.875;-0.5625;-0.6861572265625;0.25079345703125;-0.61993408203125;-0.28631591796875;-0.48100003600120544;0.3020000159740448;0.09100000560283661;-0.9750000238418579;0.007000000216066837;0.0950000062584877
692091.0;-1.2510000467300415;0.7910000085830688;0.3060000240802765;52.0;3.75;3.0625;543.0;746.0;-383.0;315.1875;-84.375;-0.375;-0.68499755859375;0.251220703125;-0.62298583984375;-0.28216552734375;-0.2750000059604645;0.784000039100647;0.21000000834465027;-0.9750000238418579;0.007000000216066837;0.0950000062584877
692101.0;-1.2450000047683716;0.6360000371932983;0.31300002336502075;52.0;3.75;3.0625;1084.0;480.0;-524.0;317.75;-84.875;0.375;-0.68804931640625;0.24798583984375;-0.6280517578125;-0.26580810546875;-0.25300002098083496;0.5750000476837158;0.15400001406669617;-0.9760000705718994;-0.007000000216066837;0.0860000029206276
692111.0;-1.2300000190734863;0.5680000185966492;0.24000000953674316;52.0;3.75;3.0625;1683.0;414.0;-1131.0;319.4375;-85.0;1.25;-0.69036865234375;0.24859619140625;-0.62969970703125;-0.25506591796875;-0.26500001549720764;0.6350000500679016;0.1720000058412552;-0.9770000576972961;-0.021000001579523087;0.08100000023841858
692115.0;-1.2300000190734863;0.5680000185966492;0.24000000953674316;52.0;3.75;3.0625;1683.0;414.0;-1131.0;319.4375;-85.0;1.25;-0.69036865234375;0.24859619140625;-0.62969970703125;-0.25506591796875;-0.26500001549720764;0.6350000500679016;0.1720000058412552;-0.9770000576972961;-0.021000001579523087;0.08100000023841858
692125.0;-1.2420001029968262;0.6140000224113464;0.25300002098083496;52.0;3.75;3.0625;1386.0;486.0;-1515.0;321.3125;-84.9375;2.4375;-0.69244384765625;0.2520751953125;-0.630859375;-0.24285888671875;-0.23600001633167267;0.6550000309944153;0.21000000834465027;-0.9760000705718994;-0.04100000113248825;0.07500000298023224
692135.0;-1.2130000591278076;0.6130000352859497;0.28600001335144043;52.0;3.75;3.0625;1159.0;639.0;-2055.0;321.3125;-84.9375;2.4375;-0.69244384765625;0.2520751953125;-0.630859375;-0.24285888671875;-0.23600001633167267;0.6550000309944153;0.21000000834465027;-0.9760000705718994;-0.04100000113248825;0.07500000298023224
692145.0;-1.2200000286102295;0.5760000348091125;0.29600000381469727;50.75;6.375;4.25;1061.0;676.0;-2422.0;323.375;-84.375;3.8125;-0.69464111328125;0.257080078125;-0.63140869140625;-0.22955322265625;-0.24400001764297485;0.6420000195503235;0.22700001299381256;-0.9760000705718994;-0.0650000050663948;0.0690000057220459
692149.0;-1.2200000286102295;0.5760000348091125;0.29600000381469727;50.75;6.375;4.25;1061.0;676.0;-2422.0;323.375;-84.375;3.8125;-0.69464111328125;0.257080078125;-0.63140869140625;-0.22955322265625;-0.24400001764297485;0.6420000195503235;0.22700001299381256;-0.9760000705718994;-0.0650000050663948;0.0690000057220459
692159.0;-1.2420001029968262;0.5130000114440918;0.2639999985694885;50.75;6.375;4.25;970.0;623.0;-2531.0;325.5;-83.4375;5.3125;-0.6988525390625;0.26776123046875;-0.6312255859375;-0.2034912109375;-0.2600000202655792;0.5900000333786011;0.18300001323223114;-0.9720000624656677;-0.11500000208616257;0.058000002056360245
692169.0;-1.2320001125335693;0.4750000238418579;0.2410000115633011;50.75;6.375;4.25;941.0;584.0;-2369.0;327.5;-82.375;63.0;-0.70062255859375;0.27178955078125;-0.63104248046875;-0.1925048828125;-0.24300001561641693;0.5790000557899475;0.1420000046491623;-0.9690000414848328;-0.13500000536441803;0.05400000140070915
692179.0;-1.2130000591278076;0.4440000355243683;0.19700001180171967;50.75;6.375;4.25;856.0;474.0;-2013.0;329.25;-81.4375;67.9375;-0.70196533203125;0.2742919921875;-0.631103515625;-0.18365478515625;-0.22200001776218414;0.5670000314712524;0.1290000081062317;-0.9670000672340393;-0.15000000596046448;0.05100000277161598
692183.0;-1.190000057220459;0.41700002551078796;0.1810000091791153;50.75;6.375;4.25;808.0;402.0;-1517.0;330.625;-80.625;70.9375;-0.70196533203125;0.2742919921875;-0.631103515625;-0.18365478515625;-0.22200001776218414;0.5670000314712524;0.1290000081062317;-0.9670000672340393;-0.15000000596046448;0.05100000277161598
692193.0;-1.1780000925064087;0.3680000305175781;0.13199999928474426;49.6875;11.875;4.25;961.0;313.0;-975.0;331.8125;-80.125;72.5;-0.7032470703125;0.2742919921875;-0.63177490234375;-0.17633056640625;-0.2120000123977661;0.527999997138977;0.08100000023841858;-0.9660000205039978;-0.15900000929832458;0.05000000074505806
692203.0;-1.1810001134872437;0.46400001645088196;1.3960000276565552;49.6875;11.875;4.25;1169.0;234.0;-552.0;332.8125;-79.875;73.125;-0.70465087890625;0.27197265625;-0.6329345703125;-0.1700439453125;-0.10900000482797623;2.6620001792907715;-0.9960000514984131;-0.9640000462532043;-0.16700001060962677;0.05400000140070915
692213.0;-1.0730000734329224;2.495000123977661;-0.9420000314712524;49.6875;11.875;4.25;883.0;-293.0;-295.0;333.5;-79.625;71.9375;-0.7071533203125;0.2694091796875;-0.6322021484375;-0.16644287109375;0.16500000655651093;1.4320000410079956;-0.9050000309944153;-0.9640000462532043;-0.16600000858306885;0.05900000408291817
692218.0;-1.0730000734329224;2.495000123977661;-0.9420000314712524;49.6875;11.875;4.25;883.0;-293.0;-295.0;333.5;-79.625;71.9375;-0.7071533203125;0.2694091796875;-0.6322021484375;-0.16644287109375;0.16500000655651093;1.4320000410079956;-0.9050000309944153;-0.9640000462532043;-0.16600000858306885;0.05900000408291817
692228.0;-0.7980000376701355;1.2660000324249268;-0.8460000157356262;49.6875;11.875;4.25;2485.0;-35.0;-61.0;334.9375;-79.5625;70.4375;-0.71075439453125;0.26031494140625;-0.63409423828125;-0.157958984375;0.16500000655651093;1.4320000410079956;-0.9050000309944153;-0.9650000333786011;-0.15800000727176666;0.07000000029802322
692238.0;-0.9230000376701355;0.23200000822544098;-0.021000001579523087;49.6875;11.875;4.25;2272.0;-710.0;580.0;335.75;-79.75;66.125;-0.71575927734375;0.24920654296875;-0.63409423828125;-0.15350341796875;0.04100000113248825;0.39100003242492676;-0.09100000560283661;-0.9650000333786011;-0.15800000727176666;0.07000000029802322
692248.0;-1.1440000534057617;-0.11900000274181366;0.013000000268220901;49.375;14.875;4.6875;-132.0;215.0;1261.0;334.9375;-80.5;65.0625;-0.71380615234375;0.24566650390625;-0.63641357421875;-0.15838623046875;-0.1770000010728836;0.026000000536441803;-0.05300000309944153;-0.9670000672340393;-0.14600001275539398;0.06700000166893005
692255.0;-1.2940000295639038;0.06000000238418579;0.18400001525878906;49.375;14.875;4.6875;-1611.0;804.0;1105.0;333.4375;-81.3125;67.125;-0.70806884765625;0.2486572265625;-0.6395263671875;-0.16693115234375;-0.3240000009536743;0.19600000977516174;0.12700000405311584;-0.9690000414848328;-0.13500000536441803;0.05700000375509262
692265.0;-1.3290001153945923;0.1940000057220459;0.13900001347064972;49.375;14.875;4.6875;-1219.0;764.0;173.0;332.6875;-81.5625;70.5;-0.70367431640625;0.2532958984375;-0.6414794921875;-0.170654296875;-0.359000027179718;0.3290000259876251;0.09100000560283661;-0.9700000286102295;-0.1340000033378601;0.04700000211596489
692275.0;-1.2410000562667847;0.08000000566244125;-0.17900000512599945;49.375;14.875;4.6875;-50.0;569.0;-569.0;333.0625;-81.375;73.4375;-0.70220947265625;0.25592041015625;-0.642822265625;-0.16796875;-0.2710000276565552;0.22100001573562622;-0.22100001573562622;-0.9690000414848328;-0.14000000059604645;0.04100000113248825
692285.0;-0.8820000290870667;-0.18800000846385956;-0.35200002789497375;49.375;14.875;4.6875;638.0;167.0;-592.0;333.8125;-81.0625;74.3125;-0.7030029296875;0.2557373046875;-0.6431884765625;-0.16339111328125;0.0860000029206276;-0.04200000315904617;-0.3930000066757202;-0.968000054359436;-0.14600001275539398;0.04100000113248825
692288.0;-0.8820000290870667;-0.18800000846385956;-0.35200002789497375;49.375;14.875;4.6875;638.0;167.0;-592.0;333.8125;-81.0625;74.3125;-0.7030029296875;0.2557373046875;-0.6431884765625;-0.16339111328125;0.0860000029206276;-0.04200000315904617;-0.3930000066757202;-0.968000054359436;-0.14600001275539398;0.04100000113248825
692298.0;-0.8110000491142273;-0.2840000092983246;-0.29500001668930054;50.0625;13.875;4.6875;625.0;81.0;-99.0;334.25;-81.0;74.375;-0.70367431640625;0.2537841796875;-0.6439208984375;-0.1607666015625;0.15600000321865082;-0.13700000941753387;-0.3370000123977661;-0.968000054359436;-0.1469999998807907;0.04100000113248825
692308.0;-0.8500000238418579;-0.3700000047683716;-0.20900000631809235;50.0625;13.875;4.6875;643.0;220.0;229.0;334.5;-81.1875;74.5625;-0.70355224609375;0.25079345703125;-0.64556884765625;-0.15911865234375;0.11800000816583633;-0.22600001096725464;-0.24900001287460327;-0.9690000414848328;-0.14400000870227814;0.039000000804662704
692318.0;-0.8870000243186951;-0.3500000238418579;-0.03100000135600567;50.0625;13.875;4.6875;903.0;389.0;94.0;335.0;-81.3125;75.375;-0.703369140625;0.24749755859375;-0.64788818359375;-0.1558837890625;0.08100000023841858;-0.2070000171661377;-0.06800000369548798;-0.9690000414848328;-0.14300000667572021;0.03700000047683716
692322.0;-0.8960000276565552;0.12600000202655792;0.4140000343322754;50.0625;13.875;4.6875;742.0;484.0;-126.0;335.5;-81.3125;76.9375;-0.7027587890625;0.24554443359375;-0.650146484375;-0.15228271484375;0.07300000637769699;0.27000001072883606;0.3800000250339508;-0.9690000414848328;-0.14400000870227814;0.032999999821186066
692332.0;-0.8340000510215759;0.2070000171661377;0.2639999985694885;50.0625;13.875;4.6875;-279.0;229.0;-73.0;335.4375;-81.25;78.0625;-0.70166015625;0.24700927734375;-0.650634765625;-0.15264892578125;0.1340000033378601;0.35200002789497375;0.23400001227855682;-0.9690000414848328;-0.14500001072883606;0.030000001192092896
692342.0;-0.8340000510215759;0.2070000171661377;0.2639999985694885;48.875;15.375;4.25;-1292.0;193.0;234.0;334.5625;-81.4375;79.375;-0.6990966796875;0.25115966796875;-0.650634765625;-0.15771484375;0.21300001442432404;0.27300000190734863;0.2990000247955322;-0.9690000414848328;-0.14300000667572021;0.026000000536441803
692352.0;-0.9040000438690186;-0.2970000207424164;0.2710000276565552;48.875;15.375;4.25;-1657.0;325.0;628.0;333.25;-81.8125;81.3125;-0.69525146484375;0.25537109375;-0.6512451171875;-0.165283203125;0.06599999964237213;-0.1600000113248825;0.25;-0.9700000286102295;-0.13700000941753387;0.020000001415610313
692356.0;-0.9040000438690186;-0.2970000207424164;0.2710000276565552;48.875;15.375;4.25;-1657.0;325.0;628.0;333.25;-81.8125;81.3125;-0.69525146484375;0.25537109375;-0.6512451171875;-0.165283203125;0.06599999964237213;-0.1600000113248825;0.25;-0.9700000286102295;-0.13700000941753387;0.020000001415610313
692366.0;-0.9970000386238098;-0.406000018119812;0.19300000369548798;48.875;15.375;4.25;-1568.0;378.0;798.0;331.875;-82.375;83.4375;-0.69110107421875;0.2586669921875;-0.65228271484375;-0.173095703125;-0.02500000037252903;-0.2770000100135803;0.17800000309944153;-0.9720000624656677;-0.1290000081062317;0.014000000432133675
692376.0;-0.9970000386238098;-0.406000018119812;0.19300000369548798;48.875;15.375;4.25;-1157.0;359.0;606.0;330.8125;-82.75;85.5;-0.68768310546875;0.26116943359375;-0.65338134765625;-0.17877197265625;-0.10100000351667404;-0.3240000009536743;0.17100000381469727;-0.9720000624656677;-0.12300000339746475;0.009000000543892384
692386.0;-1.0740000009536743;-0.44700002670288086;0.1810000091791153;48.875;15.375;4.25;-459.0;326.0;214.0;330.4375;-82.875;87.3125;-0.68572998046875;0.26239013671875;-0.6544189453125;-0.1806640625;-0.1080000028014183;-0.2670000195503235;0.1900000125169754;-0.9730000495910645;-0.12000000476837158;0.005000000353902578
692391.0;-1.0810000896453857;-0.3880000114440918;0.19500000774860382;48.875;15.375;4.25;301.0;90.0;-138.0;330.6875;-82.8125;87.5625;-0.68597412109375;0.2618408203125;-0.65484619140625;-0.17901611328125;-0.02800000086426735;0.039000000804662704;0.14000000059604645;-0.9720000624656677;-0.12200000882148743;0.005000000353902578
692401.0;-1.0010000467300415;-0.0820000022649765;0.14500001072883606;50.25;13.875;5.5;916.0;-157.0;-234.0;331.375;-82.625;86.3125;-0.68798828125;0.25921630859375;-0.65478515625;-0.17523193359375;-0.013000000268220901;0.164000004529953;0.06700000166893005;-0.9720000624656677;-0.12400000542402267;0.007000000216066837
692411.0;-0.9850000739097595;0.04000000283122063;0.07500000298023224;50.25;13.875;5.5;1128.0;-268.0;-126.0;332.125;-82.5625;84.4375;-0.6905517578125;0.2552490234375;-0.65472412109375;-0.17120361328125;-0.004000000189989805;0.24500000476837158;-0.005000000353902578;-0.9720000624656677;-0.125;0.012000000104308128
692421.0;-0.9760000705718994;0.11900000274181366;0.006000000052154064;50.25;13.875;5.5;963.0;-264.0;0.0;332.6875;-82.5625;82.625;-0.6927490234375;0.25152587890625;-0.65460205078125;-0.16827392578125;0.004000000189989805;0.27400001883506775;-0.03400000184774399;-0.9720000624656677;-0.125;0.01600000075995922
692425.0;-0.9760000705718994;0.11900000274181366;0.006000000052154064;50.25;13.875;5.5;963.0;-264.0;0.0;332.6875;-82.5625;82.625;-0.6927490234375;0.25152587890625;-0.65460205078125;-0.16827392578125;0.004000000189989805;0.27400001883506775;-0.03400000184774399;-0.9720000624656677;-0.125;0.01600000075995922
692435.0;-0.9670000672340393;0.14800000190734863;-0.018000001087784767;50.25;13.875;5.5;648.0;-194.0;15.0;333.0;-82.5625;81.375;-0.69427490234375;0.2489013671875;-0.65447998046875;-0.16632080078125;0.007000000216066837;0.203000009059906;-0.05100000277161598;-0.9720000624656677;-0.125;0.01900000125169754
692445.0;-0.9650000333786011;0.07800000160932541;-0.03200000151991844;50.25;13.875;5.5;648.0;-194.0;15.0;333.0;-82.5625;81.375;-0.69427490234375;0.2489013671875;-0.65447998046875;-0.16632080078125;0.005000000353902578;0.1770000010728836;-0.08000000566244125;-0.9720000624656677;-0.125;0.020000001415610313
692455.0;-0.9660000205039978;0.05100000277161598;-0.05900000408291817;50.0;13.5;6.0;354.0;-90.0;-51.0;333.25;-82.5;80.75;-0.69537353515625;0.24749755859375;-0.65435791015625;-0.16412353515625;-0.01100000087171793;0.1600000113248825;-0.032999999821186066;-0.9720000624656677;-0.12600000202655792;0.020000001415610313
692461.0;-0.9830000400543213;0.032999999821186066;-0.012000000104308128;50.0;13.5;6.0;-7.0;60.0;-62.0;333.4375;-82.375;81.0625;-0.69525146484375;0.247802734375;-0.654541015625;-0.163818359375;-0.02500000037252903;0.15800000727176666;-0.06599999964237213;-0.9720000624656677;-0.12700000405311584;0.020000001415610313
692471.0;-0.9970000386238098;0.03100000135600567;-0.046000003814697266;50.0;13.5;6.0;-7.0;60.0;-62.0;333.375;-82.4375;81.5625;-0.6947021484375;0.24822998046875;-0.65484619140625;-0.164306640625;0.0010000000474974513;0.23900000751018524;-0.020000001415610313;-0.9720000624656677;-0.12700000405311584;0.018000001087784767
692481.0;-0.9700000286102295;0.1120000034570694;-0.0010000000474974513;50.0;13.5;6.0;-134.0;102.0;36.0;333.125;-82.5;82.0;-0.6939697265625;0.24859619140625;-0.6551513671875;-0.16546630859375;0.027000000700354576;0.24800001084804535;0.02200000174343586;-0.9720000624656677;-0.125;0.017000000923871994
692491.0;-0.9440000653266907;0.12300000339746475;0.04000000283122063;50.0;13.5;6.0;-213.0;91.0;150.0;333.125;-82.5;82.0;-0.6939697265625;0.24859619140625;-0.6551513671875;-0.16546630859375;0.027000000700354576;0.24800001084804535;0.02200000174343586;-0.9720000624656677;-0.125;0.017000000923871994
692495.0;-0.9440000653266907;0.12300000339746475;0.04000000283122063;50.0;13.5;6.0;-213.0;91.0;150.0;333.125;-82.5;82.0;-0.6939697265625;0.24859619140625;-0.6551513671875;-0.16546630859375;0.027000000700354576;0.24800001084804535;0.02200000174343586;-0.9720000624656677;-0.125;0.017000000923871994
692505.0;-0.9290000200271606;0.11700000613927841;0.04400000348687172;49.25;12.6875;5.5;-270.0;102.0;224.0;332.875;-82.6875;82.5;-0.69305419921875;0.2489013671875;-0.6556396484375;-0.16705322265625;0.0430000014603138;0.2410000115633011;0.02800000086426735;-0.9720000624656677;-0.12300000339746475;0.01600000075995922
692515.0;-0.9420000314712524;0.08100000023841858;0.06599999964237213;49.25;12.6875;5.5;-320.0;157.0;209.0;332.3125;-82.875;84.5;-0.690673828125;0.25054931640625;-0.65673828125;-0.169921875;0.027000000700354576;0.16900001466274261;0.06400000303983688;-0.9730000495910645;-0.12000000476837158;0.01100000087171793
692525.0;-0.9450000524520874;0.04800000041723251;0.07500000298023224;49.25;12.6875;5.5;-327.0;208.0;90.0;332.1875;-82.875;85.875;-0.68951416015625;0.25201416015625;-0.65728759765625;-0.17034912109375;0.018000001087784767;0.15200001001358032;0.10400000214576721;-0.9730000495910645;-0.1210000067949295;0.00800000037997961
692529.0;-0.9450000524520874;0.04800000041723251;0.07500000298023224;49.25;12.6875;5.5;-327.0;208.0;90.0;332.1875;-82.875;85.875;-0.68951416015625;0.25201416015625;-0.65728759765625;-0.17034912109375;0.018000001087784767;0.15200001001358032;0.10400000214576721;-0.9730000495910645;-0.1210000067949295;0.00800000037997961
692539.0;-0.9550000429153442;0.03100000135600567;0.11300000548362732;49.25;12.6875;5.5;-283.0;240.0;-71.0;332.1875;-82.875;85.875;-0.6884765625;0.25360107421875;-0.6578369140625;-0.17010498046875;0.01100000087171793;0.1469999998807907;0.10700000822544098;-0.9720000624656677;-0.12200000882148743;0.005000000353902578
692549.0;-0.9610000252723694;0.024000000208616257;0.11300000548362732;49.25;12.6875;5.5;-200.0;256.0;-164.0;332.1875;-82.75;87.25;-0.6884765625;0.25360107421875;-0.6578369140625;-0.17010498046875;0.01100000087171793;0.1469999998807907;0.10700000822544098;-0.9720000624656677;-0.12200000882148743;0.005000000353902578
692559.0;-0.8950000405311584;0.08100000023841858;0.10500000417232513;49.5625;13.0625;7.1875;-35.0;225.0;-152.0;332.3125;-82.6875;88.375;-0.68780517578125;0.25445556640625;-0.65838623046875;-0.16937255859375;0.07700000703334808;0.20500001311302185;0.10200000554323196;-0.9720000624656677;-0.12400000542402267;0.003000000026077032
692563.0;-0.8870000243186951;0.14300000667572021;0.0650000050663948;49.5625;13.0625;7.1875;139.0;211.0;-208.0;332.5;-82.5625;89.3125;-0.687255859375;0.25543212890625;-0.6597900390625;-0.16473388671875;0.058000002056360245;0.3050000071525574;0.06000000238418579;-0.971000075340271;-0.13100001215934753;-0.0010000000474974513
692573.0;-0.9120000600814819;0.17400000989437103;0.058000002056360245;49.5625;13.0625;7.1875;325.0;297.0;-432.0;333.0;-82.3125;90.4375;-0.6868896484375;0.25543212890625;-0.66094970703125;-0.16156005859375;-0.003000000026077032;0.3570000231266022;0.16200000047683716;-0.971000075340271;-0.1340000033378601;-0.004000000189989805
692583.0;-0.9750000238418579;0.22200001776218414;0.15800000727176666;49.5625;13.0625;7.1875;410.0;344.0;-349.0;333.5;-82.0625;91.6875;-0.6868896484375;0.25543212890625;-0.66094970703125;-0.16156005859375;-0.0860000029206276;0.5120000243186951;0.33500000834465027;-0.971000075340271;-0.13600000739097595;-0.005000000353902578
692593.0;-1.0570000410079956;0.3760000169277191;0.33000001311302185;49.5625;13.0625;7.1875;489.0;204.0;-161.0;333.875;-81.9375;92.25;-0.68695068359375;0.25439453125;-0.661865234375;-0.15899658203125;-0.0860000029206276;0.5120000243186951;0.33500000834465027;-0.971000075340271;-0.13600000739097595;-0.005000000353902578
692597.0;-1.0570000410079956;0.3760000169277191;0.33000001311302185;49.5625;13.0625;7.1875;489.0;204.0;-161.0;333.875;-81.9375;92.25;-0.68695068359375;0.25439453125;-0.661865234375;-0.15899658203125;-0.0860000029206276;0.5120000243186951;0.33500000834465027;-0.971000075340271;-0.13600000739097595;-0.005000000353902578
692607.0;-1.0660001039505005;0.4830000102519989;0.33500000834465027;50.25;13.875;6.375;498.0;16.0;-98.0;334.0625;-81.9375;92.0;-0.6873779296875;0.2540283203125;-0.66180419921875;-0.157958984375;-0.0950000062584877;0.6200000047683716;0.3400000035762787;-0.9700000286102295;-0.13700000941753387;-0.004000000189989805
692617.0;-1.0670000314712524;0.5710000395774841;0.34800001978874207;50.25;13.875;6.375;235.0;-83.0;-11.0;334.25;-81.875;91.5;-0.68804931640625;0.25311279296875;-0.66168212890625;-0.1572265625;-0.09600000083446503;0.7090000510215759;0.35200002789497375;-0.9700000286102295;-0.13700000941753387;-0.003000000026077032
692627.0;-1.0840001106262207;0.6370000243186951;0.3890000283718109;50.25;13.875;6.375;-104.0;-197.0;217.0;334.0;-82.0625;90.75;-0.68841552734375;0.2525634765625;-0.66119384765625;-0.15863037109375;-0.11300000548362732;0.7720000147819519;0.39100003242492676;-0.971000075340271;-0.13100001215934753;0.0
692631.0;-1.1030000448226929;0.6630000472068787;0.4180000126361847;50.25;13.875;6.375;-412.0;-285.0;404.0;333.5;-82.3125;89.75;-0.6884765625;0.25244140625;-0.66033935546875;-0.16192626953125;-0.13100001215934753;0.7940000295639038;0.4180000126361847;-0.971000075340271;-0.13100001215934753;0.0
692641.0;-1.1390000581741333;0.6450000405311584;0.42500001192092896;50.25;13.875;6.375;-655.0;-317.0;572.0;332.75;-82.625;88.6875;-0.688232421875;0.2525634765625;-0.65936279296875;-0.16668701171875;-0.16600000858306885;0.7710000276565552;0.4220000207424164;-0.9720000624656677;-0.125;0.0020000000949949026
692651.0;-1.1700000762939453;0.5990000367164612;0.41200003027915955;49.5625;13.875;6.0;-852.0;-354.0;758.0;331.5625;-83.0625;87.3125;-0.68743896484375;0.2535400390625;-0.65802001953125;-0.173828125;-0.19700001180171967;0.7170000076293945;0.40700000524520874;-0.9730000495910645;-0.11700000613927841;0.005000000353902578
692661.0;-1.2380000352859497;0.5790000557899475;0.4230000078678131;49.5625;13.875;6.0;-926.0;-424.0;900.0;330.4375;-83.625;6.3125;-0.68682861328125;0.25335693359375;-0.65679931640625;-0.18084716796875;-0.2639999985694885;0.687000036239624;0.4150000214576721;-0.9740000367164612;-0.1080000028014183;0.00800000037997961
692665.0;-1.2380000352859497;0.5790000557899475;0.4230000078678131;49.5625;13.875;6.0;-926.0;-424.0;900.0;330.4375;-83.625;6.3125;-0.68682861328125;0.25335693359375;-0.65679931640625;-0.18084716796875;-0.2639999985694885;0.687000036239624;0.4150000214576721;-0.9740000367164612;-0.1080000028014183;0.00800000037997961
692675.0;-1.2700001001358032;0.5950000286102295;0.4180000126361847;49.5625;13.875;6.0;-932.0;-549.0;944.0;329.3125;-84.125;5.75;-0.6865234375;0.2529296875;-0.6551513671875;-0.188232421875;-0.2939999997615814;0.6940000057220459;0.40400001406669617;-0.9750000238418579;-0.09800000488758087;0.013000000268220901
692685.0;-1.2970000505447388;0.6080000400543213;0.42600002884864807;49.5625;13.875;6.0;-860.0;-680.0;991.0;328.125;-84.6875;5.125;-0.686767578125;0.251953125;-0.65313720703125;-0.19573974609375;-0.320000022649765;0.6960000395774841;0.406000018119812;-0.9760000705718994;-0.08800000697374344;0.01900000125169754
692695.0;-1.3360000848770142;0.6100000143051147;0.4320000112056732;49.5625;13.875;6.0;-764.0;-797.0;1068.0;327.0;-85.125;4.5;-0.6873779296875;0.250244140625;-0.65087890625;-0.20330810546875;-0.3580000102519989;0.6880000233650208;0.4050000309944153;-0.9770000576972961;-0.07700000703334808;0.027000000700354576
692699.0;-1.3360000848770142;0.6100000143051147;0.4320000112056732;49.5625;13.875;6.0;-764.0;-797.0;1068.0;327.0;-85.125;4.5;-0.6873779296875;0.250244140625;-0.65087890625;-0.20330810546875;-0.3580000102519989;0.6880000233650208;0.4050000309944153;-0.9770000576972961;-0.07700000703334808;0.027000000700354576
692709.0;-1.3970000743865967;0.6080000400543213;0.4310000240802765;49.25;12.0;8.0;-761.0;-893.0;1147.0;325.3125;-85.5625;3.8125;-0.68719482421875;0.25103759765625;-0.64715576171875;-0.21435546875;-0.42000001668930054;0.6740000247955322;0.3960000276565552;-0.9770000576972961;-0.06599999964237213;0.03500000014901161
692719.0;-1.4170000553131104;0.6070000529289246;0.42900002002716064;49.25;12.0;8.0;-878.0;-1006.0;1209.0;324.0625;-85.8125;3.125;-0.68804931640625;0.24896240234375;-0.64404296875;-0.22308349609375;-0.4390000104904175;0.6610000133514404;0.3840000033378601;-0.9780000448226929;-0.05400000140070915;0.04500000178813934
692729.0;-1.4300000667572021;0.5900000333786011;0.4150000214576721;49.25;12.0;8.0;-1050.0;-1133.0;1242.0;322.625;-85.875;2.4375;-0.68902587890625;0.2471923828125;-0.64031982421875;-0.232666015625;-0.4520000219345093;0.6320000290870667;0.3580000102519989;-0.9780000448226929;-0.04100000113248825;0.0560000017285347
692734.0;-1.440000057220459;0.5560000538825989;0.3880000114440918;49.25;12.0;8.0;-1204.0;-1272.0;1288.0;321.1875;-85.5625;1.6875;-0.69012451171875;0.24560546875;-0.6358642578125;-0.2430419921875;-0.4620000123977661;0.5860000252723694;0.3190000057220459;-0.9770000576972961;-0.029000001028180122;0.0690000057220459
692744.0;-1.4610000848770142;0.4570000171661377;0.3830000162124634;49.25;12.0;8.0;-1313.0;-1383.0;1420.0;319.5625;-85.0;0.875;-0.69122314453125;0.24383544921875;-0.63092041015625;-0.25439453125;-0.484000027179718;0.47300001978874207;0.2990000247955322;-0.9760000705718994;-0.015000000596046448;0.08300000429153442
692754.0;-1.4810000658035278;0.4190000295639038;0.39500001072883606;50.0;8.6875;4.6875;-1327.0;-1485.0;1604.0;317.5625;-84.1875;0.0;-0.6915283203125;0.242919921875;-0.6251220703125;-0.268310546875;-0.5060000419616699;0.42000001668930054;0.29600000381469727;-0.9750000238418579;0.0;0.09800000488758087
692764.0;-1.4980000257492065;0.4100000262260437;0.3840000033378601;50.0;8.6875;4.6875;-1247.0;-1601.0;1787.0;315.8125;-83.1875;-0.9375;-0.692626953125;0.2392578125;-0.6197509765625;-0.28094482421875;-0.5240000486373901;0.39400002360343933;0.2680000066757202;-0.9730000495910645;0.01600000075995922;0.11500000208616257
692769.0;-1.4980000257492065;0.4100000262260437;0.3840000033378601;50.0;8.6875;4.6875;-1247.0;-1601.0;1787.0;315.8125;-83.1875;-0.9375;-0.692626953125;0.2392578125;-0.6197509765625;-0.28094482421875;-0.5240000486373901;0.39400002360343933;0.2680000066757202;-0.9730000495910645;0.01600000075995922;0.11500000208616257
692779.0;-1.4980000257492065;0.4100000262260437;0.3840000033378601;50.0;8.6875;4.6875;-1234.0;-1684.0;1931.0;314.0;-81.9375;-14.625;-0.69366455078125;0.23492431640625;-0.6141357421875;-0.29412841796875;-0.5430000424385071;0.43700000643730164;0.27000001072883606;-0.971000075340271;0.03400000184774399;0.13199999928474426
692789.0;-1.5140000581741333;0.47200003266334534;0.4020000100135803;50.0;8.6875;4.6875;-1300.0;-1740.0;1997.0;312.1875;-80.5625;-19.375;-0.6944580078125;0.23046875;-0.608154296875;-0.30780029296875;-0.550000011920929;0.4300000071525574;0.2930000126361847;-0.9670000672340393;0.05300000309944153;0.1510000079870224
692799.0;-1.5170000791549683;0.484000027179718;0.4440000355243683;50.0;8.6875;4.6875;-1362.0;-1843.0;2074.0;310.25;-79.0625;-22.8125;-0.6953125;0.22576904296875;-0.60162353515625;-0.32196044921875;-0.5509999990463257;0.4410000145435333;0.29500001668930054;-0.9620000720024109;0.07200000435113907;0.17000000178813934
692802.0;-1.5140000581741333;0.5130000114440918;0.4650000333786011;50.0;8.6875;4.6875;-1499.0;-1945.0;2226.0;308.25;-77.4375;-25.5;-0.69580078125;0.22088623046875;-0.594482421875;-0.33721923828125;-0.5570000410079956;0.453000009059906;0.28700000047683716;-0.9570000171661377;0.09100000560283661;0.19100001454353333
692812.0;-1.5140000581741333;0.5440000295639038;0.4780000150203705;51.0625;5.5;1.0;-1681.0;-2055.0;2525.0;306.0;-75.625;-27.875;-0.69561767578125;0.2154541015625;-0.5867919921875;-0.35406494140625;-0.5910000205039978;0.45000001788139343;0.29100000858306885;-0.9500000476837158;0.11300000548362732;0.21400001645088196
692822.0;-1.5410001277923584;0.5630000233650208;0.5049999952316284;51.0625;5.5;1.0;-1853.0;-2211.0;2889.0;303.5;-73.625;-30.0;-0.69482421875;0.2091064453125;-0.57830810546875;-0.37286376953125;-0.6040000319480896;0.41600000858306885;0.23500001430511475;-0.9410000443458557;0.13700000941753387;0.23800000548362732
692832.0;-1.5450000762939453;0.5540000200271606;0.4740000367164612;51.0625;5.5;1.0;-1982.0;-2367.0;3187.0;300.875;-71.4375;-31.6875;-0.69342041015625;0.201904296875;-0.569091796875;-0.39312744140625;-0.6200000047683716;0.37700000405311584;0.17600001394748688;-0.9290000200271606;0.164000004529953;0.26500001549720764
692835.0;-1.5450000762939453;0.5540000200271606;0.4740000367164612;51.0625;5.5;1.0;-1982.0;-2367.0;3187.0;300.875;-71.4375;-31.6875;-0.69342041015625;0.201904296875;-0.569091796875;-0.39312744140625;-0.6200000047683716;0.37700000405311584;0.17600001394748688;-0.9290000200271606;0.164000004529953;0.26500001549720764
692845.0;-1.5490000247955322;0.5410000085830688;0.4410000145435333;51.0625;5.5;1.0;-2007.0;-2487.0;3410.0;298.125;-69.0625;-33.0625;-0.69146728515625;0.19378662109375;-0.559326171875;-0.41412353515625;-0.6460000276565552;0.3400000035762787;0.1300000101327896;-0.9150000214576721;0.19100001454353333;0.2930000126361847
692855.0;-1.562000036239624;0.531000018119812;0.4230000078678131;51.0625;5.5;1.0;-2007.0;-2487.0;3410.0;298.125;-69.0625;-33.0625;-0.689453125;0.18304443359375;-0.5491943359375;-0.43536376953125;-0.659000039100647;0.3270000219345093;0.125;-0.8980000615119934;0.22100001573562622;0.3230000138282776
692865.0;-1.558000087738037;0.5480000376701355;0.4480000138282776;50.25;0.5;-2.6875;-1700.0;-2740.0;3702.0;295.4375;-66.4375;-34.375;-0.689453125;0.18304443359375;-0.5491943359375;-0.43536376953125;-0.6610000133514404;0.33500000834465027;0.13300000131130219;-0.8790000677108765;0.25;0.3530000150203705
692869.0;-1.558000087738037;0.5480000376701355;0.4480000138282776;50.25;0.5;-2.6875;-1700.0;-2740.0;3702.0;295.4375;-66.4375;-34.375;-0.689453125;0.18304443359375;-0.5491943359375;-0.43536376953125;-0.6610000133514404;0.33500000834465027;0.13300000131130219;-0.8790000677108765;0.25;0.3530000150203705
692879.0;-1.5410001277923584;0.5860000252723694;0.4870000183582306;50.25;0.5;-2.6875;-1502.0;-2844.0;3803.0;290.25;-61.0625;-36.0;-0.68438720703125;0.15985107421875;-0.52801513671875;-0.47674560546875;-0.6630000472068787;0.3360000252723694;0.1420000046491623;-0.8580000400543213;0.27900001406669617;0.3830000162124634
692889.0;-1.5210000276565552;0.6150000095367432;0.5260000228881836;50.25;0.5;-2.6875;-1502.0;-2844.0;3803.0;287.75;-58.25;-36.625;-0.68133544921875;0.14666748046875;-0.51708984375;-0.49688720703125;-0.6670000553131104;0.3400000035762787;0.23500001430511475;-0.8330000638961792;0.3070000112056732;0.4140000343322754
692899.0;-1.5010000467300415;0.6480000019073486;0.6490000486373901;50.25;0.5;-2.6875;-1387.0;-2923.0;3872.0;285.3125;-55.375;-37.0;-0.6778564453125;0.13330078125;-0.50555419921875;-0.51690673828125;-0.7000000476837158;0.3050000071525574;0.20600001513957977;-0.8070000410079956;0.33500000834465027;0.4440000355243683
692903.0;-1.5070000886917114;0.64000004529953;0.6510000228881836;50.25;0.5;-2.6875;-1426.0;-2959.0;3906.0;285.3125;-55.375;-37.0;-0.6778564453125;0.13330078125;-0.50555419921875;-0.51690673828125;-0.7000000476837158;0.3050000071525574;0.20600001513957977;-0.7780000567436218;0.3580000102519989;0.47600001096725464
692913.0;-1.5220000743865967;0.6330000162124634;0.6470000147819519;50.0;-9.5;-8.875;-1796.0;-2991.0;3838.0;282.8125;-52.5;-36.9375;-0.673828125;0.12127685546875;-0.492431640625;-0.537353515625;-0.7430000305175781;0.27400001883506775;0.17100000381469727;-0.7780000567436218;0.3580000102519989;0.47600001096725464
692923.0;-1.5410001277923584;0.6190000176429749;0.6390000581741333;50.0;-9.5;-8.875;-1796.0;-2991.0;3838.0;278.0625;-46.875;-36.4375;-0.6646728515625;0.09759521484375;-0.46453857421875;-0.57696533203125;-0.8100000619888306;0.1900000125169754;0.052000001072883606;-0.7160000205039978;0.398000031709671;0.5380000472068787
692933.0;-1.5260000228881836;0.5879999995231628;0.5900000333786011;50.0;-9.5;-8.875;-1928.0;-3036.0;3728.0;278.0625;-46.875;-36.4375;-0.6602783203125;0.08575439453125;-0.4493408203125;-0.5955810546875;-0.8190000653266907;0.16200000047683716;0.012000000104308128;-0.6820000410079956;0.4130000174045563;0.5700000524520874
692936.0;-1.5260000228881836;0.5879999995231628;0.5900000333786011;50.0;-9.5;-8.875;-1928.0;-3036.0;3728.0;278.0625;-46.875;-36.4375;-0.6602783203125;0.08575439453125;-0.4493408203125;-0.5955810546875;-0.8190000653266907;0.16200000047683716;0.012000000104308128;-0.6820000410079956;0.4130000174045563;0.5700000524520874
692946.0;-1.5010000467300415;0.5760000348091125;0.5820000171661377;50.0;-9.5;-8.875;-1888.0;-3171.0;3586.0;275.875;-44.0625;-35.9375;-0.65557861328125;0.0731201171875;-0.43408203125;-0.61358642578125;-0.8160000443458557;0.1210000067949295;0.01600000075995922;-0.6460000276565552;0.4280000329017639;0.6000000238418579
692956.0;-1.4620000123977661;0.550000011920929;0.6160000562667847;50.0;-9.5;-8.875;-1749.0;-3223.0;3613.0;273.75;-41.1875;-35.5;-0.65557861328125;0.0731201171875;-0.43408203125;-0.61358642578125;-0.8160000443458557;0.1210000067949295;0.01600000075995922;-0.6460000276565552;0.4280000329017639;0.6000000238418579
692966.0;-1.412000060081482;0.5190000534057617;0.6700000166893005;44.0625;-17.5;-17.1875;-1640.0;-3268.0;3671.0;271.6875;-38.3125;-35.0625;-0.6502685546875;0.05975341796875;-0.41876220703125;-0.63104248046875;-0.8040000200271606;0.07600000500679016;0.04000000283122063;-0.6080000400543213;0.44200003147125244;0.6290000081062317
692971.0;-1.2940000295639038;0.5220000147819519;0.7870000600814819;44.0625;-17.5;-17.1875;-1633.0;-3316.0;3723.0;269.625;-35.375;-34.5625;-0.6383056640625;0.03271484375;-0.38623046875;-0.66510009765625;-0.7020000219345093;0.07200000435113907;0.164000004529953;-0.5260000228881836;0.4620000123977661;0.6860000491142273
692981.0;-1.2280000448226929;0.5350000262260437;0.8500000238418579;44.0625;-17.5;-17.1875;-1760.0;-3359.0;3685.0;267.625;-32.4375;-34.0;-0.6383056640625;0.03271484375;-0.38623046875;-0.66510009765625;-0.6850000619888306;0.08800000697374344;0.15800000727176666;-0.4830000102519989;0.4660000205039978;0.7130000591278076
692991.0;-1.1690000295639038;0.5540000200271606;0.8720000386238098;44.0625;-17.5;-17.1875;-1993.0;-3409.0;3525.0;265.6875;-29.5;-33.125;-0.63226318359375;0.020263671875;-0.36822509765625;-0.68133544921875;-0.6800000071525574;0.08300000429153442;0.13600000739097595;-0.4400000274181366;0.4650000333786011;0.7410000562667847
693001.0;-1.121000051498413;0.5490000247955322;0.878000020980835;44.0625;-17.5;-17.1875;-2246.0;-3467.0;3292.0;263.875;-26.6875;-32.0625;-0.626708984375;0.0089111328125;-0.3487548828125;-0.69683837890625;-0.6800000071525574;0.08300000429153442;0.13600000739097595;-0.4400000274181366;0.4650000333786011;0.7410000562667847
693004.0;-1.121000051498413;0.5490000247955322;0.878000020980835;44.0625;-17.5;-17.1875;-2246.0;-3467.0;3292.0;263.875;-26.6875;-32.0625;-0.626708984375;0.0089111328125;-0.3487548828125;-0.69683837890625;-0.6800000071525574;0.08300000429153442;0.13600000739097595;-0.4400000274181366;0.4650000333786011;0.7410000562667847
693014.0;-1.069000005722046;0.5110000371932983;0.8320000171661377;37.0;-23.5;-27.0;-2453.0;-3551.0;3058.0;262.25;-23.875;-30.8125;-0.62164306640625;-0.001708984375;-0.3280029296875;-0.71136474609375;-0.6710000038146973;0.05100000277161598;0.06200000271201134;-0.3970000147819519;0.45900002121925354;0.7690000534057617
693024.0;-1.0460000038146973;0.4870000183582306;0.781000018119812;37.0;-23.5;-27.0;-2527.0;-3636.0;2850.0;260.8125;-21.125;-29.4375;-0.61700439453125;-0.011962890625;-0.30645751953125;-0.7247314453125;-0.6930000185966492;0.03700000047683716;-0.014000000432133675;-0.3530000150203705;0.45000001788139343;0.796000063419342
693034.0;-1.0240000486373901;0.4540000259876251;0.7230000495910645;37.0;-23.5;-27.0;-2432.0;-3728.0;2710.0;259.4375;-18.375;-28.125;-0.61260986328125;-0.022705078125;-0.28472900390625;-0.73699951171875;-0.7150000333786011;0.015000000596046448;-0.09700000286102295;-0.2630000114440918;0.4270000159740448;0.8420000672340393
693037.0;-1.0240000486373901;0.4540000259876251;0.7230000495910645;37.0;-23.5;-27.0;-2432.0;-3728.0;2710.0;259.4375;-18.375;-28.125;-0.61260986328125;-0.022705078125;-0.28472900390625;-0.73699951171875;-0.7150000333786011;0.015000000596046448;-0.09700000286102295;-0.2630000114440918;0.4270000159740448;0.8420000672340393
693047.0;-0.9570000171661377;0.3850000202655792;0.7100000381469727;37.0;-23.5;-27.0;-2184.0;-3821.0;2676.0;258.1875;-15.5625;-26.875;-0.60797119140625;-0.03448486328125;-0.263427734375;-0.74822998046875;-0.6930000185966492;-0.04100000113248825;-0.13199999928474426;-0.2630000114440918;0.4270000159740448;0.8420000672340393
693057.0;-0.921000063419342;0.3460000157356262;0.7290000319480896;37.0;-23.5;-27.0;-1838.0;-3892.0;2724.0;256.9375;-12.6875;-25.875;-0.60272216796875;-0.0477294921875;-0.24310302734375;-0.758544921875;-0.7050000429153442;-0.07100000232458115;-0.1300000101327896;-0.2160000056028366;0.4180000126361847;0.8600000143051147
693067.0;-0.8860000371932983;0.3190000057220459;0.7230000495910645;24.75;-24.1875;-34.0;-1466.0;-3962.0;2813.0;255.625;-9.8125;-25.125;-0.5966796875;-0.06256103515625;-0.22381591796875;-0.76806640625;-0.718000054359436;-0.09100000560283661;-0.1510000079870224;-0.16700001060962677;0.4100000262260437;0.8740000128746033
693071.0;-0.8410000205039978;0.30400002002716064;0.7430000305175781;24.75;-24.1875;-34.0;-1148.0;-4011.0;2921.0;254.375;-6.875;-24.5;-0.58978271484375;-0.07861328125;-0.20550537109375;-0.77703857421875;-0.7230000495910645;-0.10000000149011612;-0.1420000046491623;-0.11700000613927841;0.40400001406669617;0.8850000500679016
693081.0;-0.7390000224113464;0.30400002002716064;0.7120000123977661;24.75;-24.1875;-34.0;-921.0;-4034.0;3056.0;253.0;-3.875;-24.0;-0.581787109375;-0.0955810546875;-0.18780517578125;-0.78558349609375;-0.6720000505447388;-0.09300000220537186;-0.1810000091791153;-0.06700000166893005;0.398000031709671;0.893000066280365
693091.0;-0.6790000200271606;0.3230000138282776;0.706000030040741;24.75;-24.1875;-34.0;-828.0;-4048.0;3162.0;251.625;-0.875;-23.5625;-0.5728759765625;-0.1129150390625;-0.1702880859375;-0.79376220703125;-0.6640000343322754;-0.06800000369548798;-0.19100001454353333;-0.015000000596046448;0.39100003242492676;0.8980000615119934
693101.0;-0.6240000128746033;0.34700000286102295;0.6890000104904175;24.75;-24.1875;-34.0;-851.0;-4040.0;3196.0;250.1875;2.0625;-23.0;-0.56341552734375;-0.13006591796875;-0.15252685546875;-0.801513671875;-0.6600000262260437;-0.036000002175569534;-0.2120000123977661;0.03500000014901161;0.3830000162124634;0.9010000228881836
693105.0;-0.6240000128746033;0.34700000286102295;0.6890000104904175;24.75;-24.1875;-34.0;-851.0;-4040.0;3196.0;250.1875;2.0625;-23.0;-0.56341552734375;-0.13006591796875;-0.15252685546875;-0.801513671875;-0.6600000262260437;-0.036000002175569534;-0.2120000123977661;0.03500000014901161;0.3830000162124634;0.9010000228881836
693115.0;-0.5680000185966492;0.3530000150203705;0.6720000505447388;13.25;-24.25;-39.0;-961.0;-4027.0;3204.0;248.75;5.0625;-22.375;-0.55352783203125;-0.14678955078125;-0.13421630859375;-0.8087158203125;-0.6550000309944153;-0.018000001087784767;-0.23000000417232513;0.08700000494718552;0.3720000088214874;0.9030000567436218
693125.0;-0.4830000102519989;0.32200002670288086;0.5940000414848328;13.25;-24.25;-39.0;-1089.0;-4031.0;3173.0;247.3125;8.0625;-21.625;-0.54345703125;-0.16302490234375;-0.11529541015625;-0.8153076171875;-0.6210000514984131;-0.03500000014901161;-0.30800002813339233;0.13700000941753387;0.3580000102519989;0.9020000696182251
693135.0;-0.44200003147125244;0.2930000126361847;0.5550000071525574;13.25;-24.25;-39.0;-1185.0;-4040.0;3102.0;246.0;11.0;-20.75;-0.53338623046875;-0.1788330078125;-0.09588623046875;-0.8211669921875;-0.6300000548362732;-0.04700000211596489;-0.34300002455711365;0.18700000643730164;0.3410000205039978;0.8990000486373901
693141.0;-0.4050000309944153;0.26600000262260437;0.534000039100647;13.25;-24.25;-39.0;-1247.0;-4053.0;3042.0;244.6875;13.9375;-19.8125;-0.52325439453125;-0.1943359375;-0.076171875;-0.82623291015625;-0.6420000195503235;-0.0560000017285347;-0.36000001430511475;0.23600001633167267;0.32200002670288086;0.8950000405311584
693151.0;-0.3190000057220459;0.21300001442432404;0.48500001430511475;13.25;-24.25;-39.0;-1283.0;-4054.0;3008.0;243.375;16.875;-18.75;-0.51287841796875;-0.2095947265625;-0.0562744140625;-0.83056640625;-0.6030000448226929;-0.08800000697374344;-0.4020000100135803;0.2840000092983246;0.3020000159740448;0.8880000710487366
693161.0;-0.3190000057220459;0.21300001442432404;0.48500001430511475;0.5625;-23.5625;-42.25;-1283.0;-4051.0;2970.0;242.0625;19.75;-17.6875;-0.50225830078125;-0.22467041015625;-0.036376953125;-0.834228515625;-0.6140000224113464;-0.09600000083446503;-0.4240000247955322;0.33100003004074097;0.2800000011920929;0.8790000677108765
693171.0;-0.28200000524520874;0.18400001525878906;0.4540000259876251;0.5625;-23.5625;-42.25;-1236.0;-4033.0;2929.0;240.8125;22.625;-16.5625;-0.491455078125;-0.23968505859375;-0.01678466796875;-0.83709716796875;-0.6140000224113464;-0.10900000482797623;-0.445000022649765;0.37700000405311584;0.2580000162124634;0.8670000433921814
693176.0;-0.28200000524520874;0.18400001525878906;0.4540000259876251;0.5625;-23.5625;-42.25;-1236.0;-4033.0;2929.0;240.8125;22.625;-16.5625;-0.491455078125;-0.23968505859375;-0.01678466796875;-0.83709716796875;-0.6140000224113464;-0.10900000482797623;-0.445000022649765;0.37700000405311584;0.2580000162124634;0.8670000433921814
693186.0;-0.23600001633167267;0.14800000190734863;0.42100003361701965;0.5625;-23.5625;-42.25;-1141.0;-4002.0;2885.0;239.5;25.4375;-15.4375;-0.48028564453125;-0.25457763671875;0.0023193359375;-0.83935546875;-0.6110000014305115;-0.12000000476837158;-0.4710000157356262;0.42100003361701965;0.23500001430511475;0.8530000448226929
693196.0;-0.18900001049041748;0.11500000208616257;0.38100001215934753;0.5625;-23.5625;-42.25;-1042.0;-3949.0;2861.0;238.25;28.1875;-14.25;-0.46881103515625;-0.269287109375;0.02081298828125;-0.84100341796875;-0.5380000472068787;-0.13100001215934753;-0.47600001096725464;0.46300002932548523;0.21300001442432404;0.8370000123977661
693206.0;-0.07500000298023224;0.08100000023841858;0.36100003123283386;0.5625;-23.5625;-42.25;-997.0;-3877.0;2837.0;236.9375;30.8125;-13.0;-0.45709228515625;-0.28363037109375;0.038818359375;-0.84210205078125;-0.5290000438690186;-0.10400000214576721;-0.4620000123977661;0.503000020980835;0.1900000125169754;0.8190000653266907
693216.0;-0.026000000536441803;0.08500000089406967;0.3570000231266022;0.5625;-23.5625;-42.25;-997.0;-3877.0;2837.0;235.6875;33.4375;-11.6875;-0.44537353515625;-0.2972412109375;0.0567626953125;-0.8426513671875;-0.5380000472068787;-0.06599999964237213;-0.4780000150203705;0.5400000214576721;0.16500000655651093;0.8010000586509705
693226.0;0.0020000000949949026;0.0990000069141388;0.32200002670288086;-12.0;-19.75;-43.25;-1052.0;-3783.0;2776.0;234.5;35.9375;-10.125;-0.43402099609375;-0.309814453125;0.0748291015625;-0.8426513671875;-0.5520000457763672;-0.039000000804662704;-0.4970000088214874;0.5750000476837158;0.14000000059604645;0.781000018119812
693231.0;0.02200000174343586;0.10000000149011612;0.2840000092983246;-12.0;-19.75;-43.25;-1372.0;-3542.0;2642.0;233.3125;38.3125;-8.375;-0.4229736328125;-0.3212890625;0.09332275390625;-0.84210205078125;-0.49500003457069397;-0.0650000050663948;-0.534000039100647;0.6080000400543213;0.1120000034570694;0.7610000371932983
693241.0;0.1120000034570694;0.046000003814697266;0.22700001299381256;-12.0;-19.75;-43.25;-1589.0;-3408.0;2577.0;232.1875;40.5625;-6.375;-0.41241455078125;-0.33148193359375;0.11236572265625;-0.841064453125;-0.48600003123283386;-0.06300000101327896;-0.5010000467300415;0.6370000243186951;0.0820000022649765;0.7400000095367432
693251.0;0.1510000079870224;0.01900000125169754;0.23800000548362732;-12.0;-19.75;-43.25;-1844.0;-3254.0;2552.0;231.1875;42.625;-4.0;-0.40228271484375;-0.34033203125;0.132080078125;-0.839599609375;-0.45000001788139343;-0.055000003427267075;-0.49500003457069397;0.6640000343322754;0.05100000277161598;0.7190000414848328
693261.0;0.21400001645088196;-0.004000000189989805;0.2240000069141388;-12.0;-19.75;-43.25;-1844.0;-3254.0;2552.0;231.1875;42.625;-4.0;-0.40228271484375;-0.34033203125;0.132080078125;-0.839599609375;-0.45000001788139343;-0.055000003427267075;-0.49500003457069397;0.6890000104904175;0.018000001087784767;0.6970000267028809
693264.0;0.21400001645088196;-0.004000000189989805;0.2240000069141388;-12.0;-19.75;-43.25;-1844.0;-3254.0;2552.0;231.1875;42.625;-4.0;-0.40228271484375;-0.34033203125;0.132080078125;-0.839599609375;-0.45000001788139343;-0.055000003427267075;-0.49500003457069397;0.6890000104904175;0.018000001087784767;0.6970000267028809
693274.0;0.2370000183582306;-0.018000001087784767;0.2150000035762787;-23.875;-15.75;-41.1875;-2077.0;-3175.0;2443.0;230.25;44.625;-1.4375;-0.392822265625;-0.34820556640625;0.15234375;-0.83740234375;-0.43300002813339233;-0.07300000637769699;-0.48100003600120544;0.7110000252723694;-0.015000000596046448;0.6740000247955322
693284.0;0.2770000100135803;-0.08900000154972076;0.19200000166893005;-23.875;-15.75;-41.1875;-2236.0;-3105.0;2306.0;228.625;48.3125;4.1875;-0.37567138671875;-0.362060546875;0.19317626953125;-0.8309326171875;-0.4280000329017639;-0.08900000154972076;-0.5100000500679016;0.7320000529289246;-0.04800000041723251;0.6500000357627869
693294.0;0.30400002002716064;-0.13700000941753387;0.13900001347064972;-23.875;-15.75;-41.1875;-2262.0;-3055.0;2239.0;227.8125;50.0;7.25;-0.36676025390625;-0.36883544921875;0.212646484375;-0.82720947265625;-0.4410000145435333;-0.10200000554323196;-0.5100000500679016;0.7510000467300415;-0.07900000363588333;0.625
693298.0;0.30400002002716064;-0.13700000941753387;0.13900001347064972;-23.875;-15.75;-41.1875;-2262.0;-3055.0;2239.0;227.8125;50.0;7.25;-0.36676025390625;-0.36883544921875;0.212646484375;-0.82720947265625;-0.4410000145435333;-0.10200000554323196;-0.5100000500679016;0.7510000467300415;-0.07900000363588333;0.625
693308.0;0.30900001525878906;-0.18200001120567322;0.11400000751018524;-23.875;-15.75;-41.1875;-2099.0;-3041.0;2216.0;226.875;51.625;10.25;-0.357177734375;-0.37628173828125;0.2305908203125;-0.82318115234375;-0.43400001525878906;-0.1340000033378601;-0.49900001287460327;0.7690000534057617;-0.1080000028014183;0.5980000495910645
693318.0;0.33400002121925354;-0.242000013589859;0.0990000069141388;-23.875;-15.75;-41.1875;-1797.0;-3074.0;2176.0;226.875;51.625;10.25;-0.357177734375;-0.37628173828125;0.2305908203125;-0.82318115234375;-0.43400001525878906;-0.1340000033378601;-0.49900001287460327;0.7690000534057617;-0.1080000028014183;0.5980000495910645
693328.0;0.3580000102519989;-0.26200002431869507;0.06200000271201134;-32.0;-7.5625;-37.875;-1418.0;-3116.0;2105.0;225.875;53.1875;13.25;-0.34698486328125;-0.384521484375;0.24676513671875;-0.819091796875;-0.4270000159740448;-0.12700000405311584;-0.5080000162124634;0.7850000262260437;-0.1340000033378601;0.5710000395774841
693332.0;0.4050000309944153;-0.27900001406669617;0.012000000104308128;-32.0;-7.5625;-37.875;-991.0;-3208.0;1978.0;224.8125;54.75;16.125;-0.325439453125;-0.4044189453125;0.272705078125;-0.80999755859375;-0.3570000231266022;-0.11400000751018524;-0.5580000281333923;0.8160000443458557;-0.17500001192092896;0.5130000114440918
693342.0;0.45900002121925354;-0.289000004529953;-0.04400000348687172;-32.0;-7.5625;-37.875;-582.0;-3261.0;1719.0;223.75;56.375;18.75;-0.3145751953125;-0.41571044921875;0.2825927734375;-0.80517578125;-0.453000009059906;-0.12000000476837158;-0.581000030040741;0.8300000429153442;-0.18900001049041748;0.48500001430511475
693352.0;0.37700000405311584;-0.30900001525878906;-0.09600000083446503;-32.0;-7.5625;-37.875;-241.0;-3272.0;1544.0;222.625;57.875;21.3125;-0.3018798828125;-0.42608642578125;0.29248046875;-0.80108642578125;-0.3500000238418579;-0.08400000631809235;-0.593000054359436;0.8420000672340393;-0.2070000171661377;0.45600003004074097
693362.0;0.492000013589859;-0.29100000858306885;-0.13600000739097595;-32.0;-7.5625;-37.875;-102.0;-3176.0;1925.0;221.25;59.1875;24.375;-0.3018798828125;-0.42608642578125;0.29248046875;-0.80108642578125;-0.3500000238418579;-0.08400000631809235;-0.593000054359436;0.8420000672340393;-0.2070000171661377;0.45600003004074097
693369.0;0.492000013589859;-0.29100000858306885;-0.13600000739097595;-32.0;-7.5625;-37.875;-102.0;-3176.0;1925.0;221.25;59.1875;24.375;-0.3018798828125;-0.42608642578125;0.29248046875;-0.80108642578125;-0.3500000238418579;-0.08400000631809235;-0.593000054359436;0.8420000672340393;-0.2070000171661377;0.45600003004074097
693379.0;0.6130000352859497;-0.27400001883506775;-0.08800000697374344;-38.375;-1.25;-33.375;-230.0;-3081.0;1903.0;219.9375;60.375;27.6875;-0.28948974609375;-0.43572998046875;0.3026123046875;-0.79669189453125;-0.23900000751018524;-0.049000002443790436;-0.5170000195503235;0.8520000576972961;-0.22500000894069672;0.4280000329017639
693389.0;0.6230000257492065;-0.3140000104904175;-0.08000000566244125;-38.375;-1.25;-33.375;-343.0;-2917.0;1557.0;218.8125;61.4375;30.9375;-0.279052734375;-0.4449462890625;0.31201171875;-0.79168701171875;-0.30000001192092896;-0.10000000149011612;-0.5630000233650208;0.8680000305175781;-0.25600001215934753;0.3750000298023224
693399.0;0.5680000185966492;-0.3570000231266022;-0.18800000846385956;-38.375;-1.25;-33.375;-459.0;-2684.0;1539.0;217.75;62.3125;34.3125;-0.26922607421875;-0.452880859375;0.32147216796875;-0.78680419921875;-0.25699999928474426;-0.10300000756978989;-0.5980000495910645;0.8740000128746033;-0.2720000147819519;0.35100001096725464
693403.0;0.6160000562667847;-0.3750000298023224;-0.24700000882148743;-38.375;-1.25;-33.375;-464.0;-2540.0;1465.0;216.75;63.0625;37.75;-0.2598876953125;-0.460205078125;0.33050537109375;-0.78192138671875;-0.20000000298023224;-0.0990000069141388;-0.609000027179718;0.878000020980835;-0.28600001335144043;0.3270000219345093
693413.0;0.6780000329017639;-0.3850000202655792;-0.281000018119812;-38.375;-1.25;-33.375;-434.0;-2368.0;1341.0;215.8125;63.625;41.0625;-0.25128173828125;-0.46697998046875;0.3387451171875;-0.77716064453125;-0.20000000298023224;-0.0990000069141388;-0.609000027179718;0.878000020980835;-0.28600001335144043;0.3270000219345093
693423.0;0.7040000557899475;-0.3790000081062317;-0.3330000042915344;-43.1875;3.0625;-26.25;-409.0;-2144.0;1245.0;214.9375;64.0625;44.25;-0.2432861328125;-0.4730224609375;0.3463134765625;-0.77276611328125;-0.1770000010728836;-0.08000000566244125;-0.64000004529953;0.8820000290870667;-0.2990000247955322;0.3060000240802765
693433.0;0.6940000057220459;-0.3930000066757202;-0.3620000183582306;-43.1875;3.0625;-26.25;-389.0;-1938.0;1126.0;214.125;64.375;47.25;-0.23614501953125;-0.47833251953125;0.35321044921875;-0.76861572265625;-0.1900000125169754;-0.0820000022649765;-0.6490000486373901;0.8840000629425049;-0.3100000023841858;0.28700000047683716
693437.0;0.6940000057220459;-0.3930000066757202;-0.3620000183582306;-43.1875;3.0625;-26.25;-389.0;-1938.0;1126.0;214.125;64.375;47.25;-0.23614501953125;-0.47833251953125;0.35321044921875;-0.76861572265625;-0.1900000125169754;-0.0820000022649765;-0.6490000486373901;0.8840000629425049;-0.3100000023841858;0.28700000047683716
693447.0;0.6990000605583191;-0.40700000524520874;-0.3840000033378601;-43.1875;3.0625;-26.25;-378.0;-1745.0;1060.0;213.375;64.625;50.0;-0.2294921875;-0.48291015625;0.35955810546875;-0.7647705078125;-0.1860000044107437;-0.08500000089406967;-0.6540000438690186;0.8860000371932983;-0.32100000977516174;0.26900002360343933
693457.0;0.6920000314712524;-0.39100003242492676;-0.39100003242492676;-43.1875;3.0625;-26.25;-400.0;-1567.0;1011.0;212.6875;64.75;52.625;-0.22344970703125;-0.48681640625;0.3656005859375;-0.76116943359375;-0.1940000057220459;-0.058000002056360245;-0.6450000405311584;0.8870000243186951;-0.3320000171661377;0.25300002098083496
693467.0;0.6790000200271606;-0.41200003027915955;-0.4100000262260437;-43.1875;3.0625;-26.25;-457.0;-1418.0;967.0;212.0625;64.75;55.125;-0.218017578125;-0.4901123046875;0.37158203125;-0.75775146484375;-0.2070000171661377;-0.07000000029802322;-0.6490000486373901;0.8870000243186951;-0.34200000762939453;0.23800000548362732
693471.0;0.6910000443458557;-0.44600000977516174;-0.41700002551078796;-44.875;6.5;-22.1875;-538.0;-1317.0;936.0;211.125;64.75;57.5;-0.21051025390625;-0.494140625;0.37603759765625;-0.75506591796875;-0.19500000774860382;-0.09300000220537186;-0.6410000324249268;0.8870000243186951;-0.35200002789497375;0.2240000069141388
693481.0;0.6990000605583191;-0.4780000150203705;-0.46000000834465027;-44.875;6.5;-22.1875;-598.0;-1222.0;916.0;210.625;64.625;59.8125;-0.20599365234375;-0.49652099609375;0.38214111328125;-0.75164794921875;-0.1860000044107437;-0.11600000411272049;-0.6700000166893005;0.8860000371932983;-0.3620000183582306;0.21000000834465027
693491.0;0.718000054359436;-0.5090000033378601;-0.5160000324249268;-44.875;6.5;-22.1875;-634.0;-1115.0;872.0;210.1875;64.5;62.0;-0.20196533203125;-0.49847412109375;0.38818359375;-0.74835205078125;-0.16600000858306885;-0.13700000941753387;-0.7130000591278076;0.8850000500679016;-0.3720000088214874;0.19700001180171967
693501.0;0.7480000257492065;-0.5470000505447388;-0.4930000305175781;-44.875;6.5;-22.1875;-685.0;-971.0;823.0;209.8125;64.3125;63.9375;-0.198486328125;-0.4998779296875;0.39404296875;-0.74530029296875;-0.13500000536441803;-0.16500000655651093;-0.6790000200271606;0.8840000629425049;-0.38100001215934753;0.1860000044107437
693504.0;0.7480000257492065;-0.5470000505447388;-0.4930000305175781;-44.875;6.5;-22.1875;-685.0;-971.0;823.0;209.8125;64.3125;63.9375;-0.198486328125;-0.4998779296875;0.39404296875;-0.74530029296875;-0.13500000536441803;-0.16500000655651093;-0.6790000200271606;0.8840000629425049;-0.38100001215934753;0.1860000044107437
693514.0;0.7220000624656677;-0.5480000376701355;-0.5160000324249268;-44.875;6.5;-22.1875;-735.0;-830.0;778.0;209.5;64.125;65.75;-0.1956787109375;-0.500732421875;0.39984130859375;-0.74237060546875;-0.1600000113248825;-0.15800000727176666;-0.6910000443458557;0.8820000290870667;-0.39000001549720764;0.17500001192092896
693524.0;0.7140000462532043;-0.5660000443458557;-0.5250000357627869;-46.75;10.5625;-18.0625;-754.0;-712.0;705.0;209.25;63.875;67.375;-0.193359375;-0.50128173828125;0.4053955078125;-0.73956298828125;-0.16600000858306885;-0.1680000126361847;-0.690000057220459;0.8800000548362732;-0.3970000147819519;0.16500000655651093
693534.0;0.7190000414848328;-0.5870000123977661;-0.5190000534057617;-46.75;10.5625;-18.0625;-729.0;-589.0;631.0;209.125;63.6875;68.8125;-0.19158935546875;-0.50146484375;0.4105224609375;-0.73712158203125;-0.15900000929832458;-0.1810000091791153;-0.6760000586509705;0.8790000677108765;-0.4050000309944153;0.15600000321865082
693544.0;0.7170000076293945;-0.6030000448226929;-0.5230000019073486;-46.75;10.5625;-18.0625;-653.0;-471.0;560.0;209.0;63.4375;69.9375;-0.19012451171875;-0.50140380859375;0.4150390625;-0.7349853515625;-0.1600000113248825;-0.19200000166893005;-0.6730000376701355;0.8770000338554382;-0.41100001335144043;0.14900000393390656
693548.0;0.7170000076293945;-0.6030000448226929;-0.5230000019073486;-46.75;10.5625;-18.0625;-653.0;-471.0;560.0;209.0;63.4375;69.9375;-0.19012451171875;-0.50140380859375;0.4150390625;-0.7349853515625;-0.1600000113248825;-0.19200000166893005;-0.6730000376701355;0.8770000338554382;-0.41100001335144043;0.14900000393390656
693558.0;0.7000000476837158;-0.6010000109672546;-0.49800002574920654;-46.75;10.5625;-18.0625;-525.0;-369.0;494.0;208.8125;63.25;70.875;-0.18878173828125;-0.501220703125;0.41876220703125;-0.73333740234375;-0.17500001192092896;-0.18400001525878906;-0.6420000195503235;0.8750000596046448;-0.41600000858306885;0.14400000870227814
693568.0;0.6840000152587891;-0.6010000109672546;-0.4700000286102295;-46.75;10.5625;-18.0625;-322.0;-309.0;432.0;208.6875;63.0625;71.625;-0.187255859375;-0.50115966796875;0.42144775390625;-0.73223876953125;-0.18900001049041748;-0.18000000715255737;-0.6100000143051147;0.8740000128746033;-0.42100003361701965;0.13900001347064972
693578.0;0.6840000152587891;-0.6010000109672546;-0.4700000286102295;-46.375;11.25;-16.375;-102.0;-272.0;381.0;208.4375;62.875;72.125;-0.1854248046875;-0.501220703125;0.423095703125;-0.731689453125;-0.20500001311302185;-0.14800000190734863;-0.5580000281333923;0.8730000257492065;-0.4240000247955322;0.13600000739097595
693583.0;0.6670000553131104;-0.5730000138282776;-0.42100003361701965;-46.375;11.25;-16.375;60.0;-256.0;336.0;208.125;62.75;72.5;-0.18341064453125;-0.50152587890625;0.42401123046875;-0.7314453125;-0.21300001442432404;-0.13100001215934753;-0.5270000100135803;0.8720000386238098;-0.4270000159740448;0.1340000033378601
693593.0;0.6580000519752502;-0.5590000152587891;-0.3920000195503235;-46.375;11.25;-16.375;151.0;-236.0;297.0;207.8125;62.625;72.75;-0.18133544921875;-0.501953125;0.4244384765625;-0.7314453125;-0.2120000123977661;-0.11600000411272049;-0.5270000100135803;0.8710000514984131;-0.4300000071525574;0.13300000131130219
693603.0;0.6580000519752502;-0.5470000505447388;-0.39400002360343933;-46.375;11.25;-16.375;216.0;-227.0;273.0;207.5;62.5;73.0;-0.17919921875;-0.50238037109375;0.424560546875;-0.73162841796875;-0.20500001311302185;-0.11400000751018524;-0.503000020980835;0.8700000643730164;-0.4320000112056732;0.13199999928474426
693613.0;0.6640000343322754;-0.5460000038146973;-0.3710000216960907;-46.375;11.25;-16.375;281.0;-203.0;265.0;207.125;62.375;73.125;-0.17694091796875;-0.50286865234375;0.42437744140625;-0.73193359375;-0.164000004529953;-0.10000000149011612;-0.48600003123283386;0.8690000176429749;-0.43400001525878906;0.13100001215934753
693617.0;0.6640000343322754;-0.5460000038146973;-0.3710000216960907;-46.375;11.25;-16.375;281.0;-203.0;265.0;207.125;62.375;73.125;-0.17694091796875;-0.50286865234375;0.42437744140625;-0.73193359375;-0.164000004529953;-0.10000000149011612;-0.48600003123283386;0.8690000176429749;-0.43400001525878906;0.13100001215934753
693627.0;0.7040000557899475;-0.5350000262260437;-0.3540000021457672;-46.375;11.25;-16.375;281.0;-203.0;265.0;206.8125;62.25;73.1875;-0.1746826171875;-0.503173828125;0.42388916015625;-0.7325439453125;-0.13500000536441803;-0.11300000548362732;-0.4740000367164612;0.8680000305175781;-0.4360000193119049;0.13100001215934753
693637.0;0.7320000529289246;-0.550000011920929;-0.34200000762939453;-46.375;13.0625;-15.875;340.0;-153.0;272.0;206.8125;62.25;73.1875;-0.17242431640625;-0.503173828125;0.42327880859375;-0.7333984375;-0.12200000882148743;-0.11900000274181366;-0.4400000274181366;0.8660000562667847;-0.43800002336502075;0.13199999928474426
693647.0;0.7440000176429749;-0.5570000410079956;-0.3070000112056732;-46.375;13.0625;-15.875;348.0;-4.0;280.0;206.0625;61.9375;73.0;-0.17041015625;-0.50286865234375;0.4227294921875;-0.73443603515625;-0.12600000202655792;-0.11500000208616257;-0.41600000858306885;0.8650000691413879;-0.4400000274181366;0.1340000033378601
693651.0;0.7390000224113464;-0.5550000071525574;-0.28200000524520874;-46.375;13.0625;-15.875;249.0;67.0;269.0;205.8125;61.75;72.875;-0.1688232421875;-0.502197265625;0.42236328125;-0.73541259765625;-0.11600000411272049;-0.13500000536441803;-0.3630000054836273;0.8640000224113464;-0.44200003147125244;0.13600000739097595
693661.0;0.7470000386238098;-0.578000009059906;-0.22700001299381256;-46.375;13.0625;-15.875;115.0;152.0;250.0;205.6875;61.625;72.75;-0.16790771484375;-0.50115966796875;0.4224853515625;-0.736328125;-0.09800000488758087;-0.1600000113248825;-0.3620000183582306;0.862000048160553;-0.445000022649765;0.13700000941753387
693671.0;0.7640000581741333;-0.6050000190734863;-0.2240000069141388;-46.375;13.0625;-15.875;115.0;152.0;250.0;205.6875;61.625;72.75;-0.16790771484375;-0.50115966796875;0.4224853515625;-0.736328125;-0.09600000083446503;-0.14800000190734863;-0.32500001788139343;0.8610000610351562;-0.44700002670288086;0.13900001347064972
693681.0;0.7640000581741333;-0.5950000286102295;-0.1850000023841858;-45.5625;14.1875;-15.875;-4.0;210.0;221.0;205.5625;61.4375;72.5625;-0.16748046875;-0.4998779296875;0.4228515625;-0.737060546875;-0.09300000220537186;-0.08400000631809235;-0.2880000174045563;0.8600000143051147;-0.4480000138282776;0.14100000262260437
693689.0;0.7640000581741333;-0.5950000286102295;-0.1850000023841858;-45.5625;14.1875;-15.875;-4.0;210.0;221.0;205.5625;61.4375;72.5625;-0.16748046875;-0.4998779296875;0.4228515625;-0.737060546875;-0.09300000220537186;-0.08400000631809235;-0.2880000174045563;0.8600000143051147;-0.4480000138282776;0.14100000262260437
693699.0;0.7660000324249268;-0.5330000519752502;-0.14600001275539398;-45.5625;14.1875;-15.875;-99.0;251.0;186.0;205.625;61.125;72.3125;-0.1680908203125;-0.49676513671875;0.42431640625;-0.7381591796875;-0.0860000029206276;-0.0950000062584877;-0.29500001668930054;0.859000027179718;-0.45000001788139343;0.14300000667572021
693709.0;0.7720000147819519;-0.5450000166893005;-0.15200001001358032;-45.5625;14.1875;-15.875;-170.0;287.0;150.0;205.6875;61.0;72.125;-0.168701171875;-0.49517822265625;0.425048828125;-0.73870849609375;-0.08000000566244125;-0.10900000482797623;-0.29600000381469727;0.8580000400543213;-0.45100003480911255;0.14500001072883606
693719.0;0.7770000100135803;-0.5610000491142273;-0.15000000596046448;-45.5625;14.1875;-15.875;-157.0;295.0;131.0;205.6875;60.875;71.875;-0.1689453125;-0.4937744140625;0.4251708984375;-0.739501953125;-0.06800000369548798;-0.12400000542402267;-0.30000001192092896;0.8570000529289246;-0.453000009059906;0.1469999998807907
693729.0;0.7880000472068787;-0.5770000219345093;-0.15200001001358032;-45.5625;14.1875;-15.875;-24.0;284.0;109.0;205.6875;60.875;71.875;-0.1689453125;-0.4937744140625;0.4251708984375;-0.739501953125;-0.06800000369548798;-0.12400000542402267;-0.30000001192092896;0.8570000529289246;-0.453000009059906;0.1469999998807907
693739.0;0.7870000600814819;-0.5490000247955322;-0.12200000882148743;-46.0;13.875;-15.875;171.0;249.0;84.0;205.625;60.8125;71.5625;-0.168701171875;-0.4927978515625;0.42449951171875;-0.7406005859375;-0.06800000369548798;-0.0950000062584877;-0.27300000190734863;0.8560000658035278;-0.453000009059906;0.15000000596046448
693743.0;0.8070000410079956;-0.5560000538825989;-0.0990000069141388;-46.0;13.875;-15.875;336.0;218.0;29.0;205.5;60.75;71.125;-0.167724609375;-0.49169921875;0.42120361328125;-0.74346923828125;-0.046000003814697266;-0.10700000822544098;-0.23100000619888306;0.8550000190734863;-0.4520000219345093;0.15800000727176666
693753.0;0.8080000281333923;-0.5590000152587891;-0.07300000637769699;-46.0;13.875;-15.875;414.0;221.0;-14.0;205.375;60.6875;70.625;-0.16741943359375;-0.49127197265625;0.41925048828125;-0.744873046875;-0.03800000250339508;-0.10400000214576721;-0.20100000500679016;0.8550000190734863;-0.45100003480911255;0.16200000047683716
693763.0;0.8160000443458557;-0.5550000071525574;-0.039000000804662704;-46.0;13.875;-15.875;395.0;236.0;-63.0;205.3125;60.6875;70.125;-0.16778564453125;-0.49072265625;0.41754150390625;-0.74609375;-0.04100000113248825;-0.09200000762939453;-0.1730000078678131;0.8550000190734863;-0.4490000307559967;0.16600000858306885
693773.0;0.8130000233650208;-0.5420000553131104;-0.006000000052154064;-46.0;13.875;-15.875;288.0;271.0;-128.0;205.3125;60.6875;69.625;-0.16778564453125;-0.49072265625;0.41754150390625;-0.74609375;-0.04100000113248825;-0.09200000762939453;-0.1730000078678131;0.8550000190734863;-0.4490000307559967;0.16600000858306885
693777.0;0.8130000233650208;-0.5420000553131104;-0.006000000052154064;-46.0;13.875;-15.875;288.0;271.0;-128.0;205.3125;60.6875;69.625;-0.16778564453125;-0.49072265625;0.41754150390625;-0.74609375;-0.04100000113248825;-0.09200000762939453;-0.1730000078678131;0.8550000190734863;-0.4490000307559967;0.16600000858306885
693787.0;0.8230000138282776;-0.5460000038146973;-0.009000000543892384;-46.0;13.875;-16.25;154.0;312.0;-192.0;205.4375;60.75;69.1875;-0.1688232421875;-0.49005126953125;0.4161376953125;-0.7470703125;-0.03200000151991844;-0.09800000488758087;-0.17900000512599945;0.8550000190734863;-0.44700002670288086;0.16900001466274261
693797.0;0.8340000510215759;-0.5410000085830688;-0.00800000037997961;-46.0;13.875;-16.25;49.0;345.0;-244.0;205.625;60.8125;68.6875;-0.17047119140625;-0.4892578125;0.4150390625;-0.74786376953125;-0.02500000037252903;-0.07900000363588333;-0.19500000774860382;0.8570000529289246;-0.44200003147125244;0.17600001394748688
693807.0;0.831000030040741;-0.5220000147819519;-0.018000001087784767;-46.0;13.875;-16.25;-5.0;360.0;-274.0;205.875;60.875;68.25;-0.17230224609375;-0.48846435546875;0.41400146484375;-0.74853515625;-0.017000000923871994;-0.0650000050663948;-0.2070000171661377;0.8570000529289246;-0.4400000274181366;0.17900000512599945
693814.0;0.8400000333786011;-0.5049999952316284;-0.027000000700354576;-46.0;13.875;-16.25;19.0;347.0;-292.0;206.125;61.0;67.75;-0.1741943359375;-0.48773193359375;0.412841796875;-0.74920654296875;-0.0020000000949949026;-0.07000000029802322;-0.22500000894069672;0.8580000400543213;-0.43700000643730164;0.18300001323223114
693824.0;0.8550000190734863;-0.5070000290870667;-0.04200000315904617;-46.0;13.875;-16.25;118.0;318.0;-280.0;206.3125;61.0625;67.25;-0.1756591796875;-0.4871826171875;0.411376953125;-0.75006103515625;-0.0020000000949949026;-0.07000000029802322;-0.22500000894069672;0.8580000400543213;-0.43700000643730164;0.18300001323223114
693834.0;0.8610000610351562;-0.5120000243186951;-0.04700000211596489;-46.375;13.5;-17.5;232.0;291.0;-263.0;206.4375;61.125;66.6875;-0.1767578125;-0.48681640625;0.40948486328125;-0.75103759765625;0.0020000000949949026;-0.07800000160932541;-0.23400001227855682;0.859000027179718;-0.43400001525878906;0.1860000044107437
693844.0;0.8210000395774841;-0.49900001287460327;-0.030000001192092896;-46.375;13.5;-17.5;315.0;268.0;-255.0;206.5;61.1875;66.125;-0.17755126953125;-0.486572265625;0.4073486328125;-0.752197265625;-0.03800000250339508;-0.06800000369548798;-0.2200000137090683;0.859000027179718;-0.4310000240802765;0.1900000125169754
693851.0;0.8180000185966492;-0.5040000081062317;-0.04400000348687172;-46.375;13.5;-17.5;333.0;257.0;-266.0;206.625;61.3125;65.5;-0.17828369140625;-0.4864501953125;0.40509033203125;-0.7532958984375;-0.04200000315904617;-0.07500000298023224;-0.23900000751018524;0.8600000143051147;-0.4280000329017639;0.1940000057220459
693861.0;0.8230000138282776;-0.5190000534057617;-0.0820000022649765;-46.375;13.5;-17.5;314.0;252.0;-282.0;206.6875;61.375;64.9375;-0.17913818359375;-0.486328125;0.40289306640625;-0.75433349609375;-0.03700000047683716;-0.09400000423192978;-0.2800000011920929;0.8610000610351562;-0.42500001192092896;0.1980000138282776
693871.0;0.8330000638961792;-0.5230000019073486;-0.12300000339746475;-46.375;13.5;-17.5;291.0;267.0;-295.0;206.8125;61.5;64.375;-0.18011474609375;-0.4862060546875;0.40069580078125;-0.75537109375;-0.02800000086426735;-0.10100000351667404;-0.32600000500679016;0.8610000610351562;-0.42100003361701965;0.20200000703334808
693881.0;0.8250000476837158;-0.5700000524520874;-0.2550000250339508;-45.5;13.0625;-18.375;275.0;303.0;-331.0;206.6875;61.5625;63.75;-0.17974853515625;-0.48681640625;0.39739990234375;-0.7568359375;-0.03700000047683716;-0.15200001001358032;-0.4610000252723694;0.862000048160553;-0.4180000126361847;0.20600001513957977
693884.0;0.8250000476837158;-0.5700000524520874;-0.2550000250339508;-45.5;13.0625;-18.375;275.0;303.0;-331.0;206.6875;61.5625;63.75;-0.17974853515625;-0.48681640625;0.39739990234375;-0.7568359375;-0.03700000047683716;-0.15200001001358032;-0.4610000252723694;0.862000048160553;-0.4180000126361847;0.20600001513957977
693894.0;0.8250000476837158;-0.5820000171661377;-0.33800002932548523;-45.5;13.0625;-18.375;270.0;366.0;-376.0;206.875;61.6875;63.0;-0.18133544921875;-0.48638916015625;0.39501953125;-0.75799560546875;-0.03700000047683716;-0.1680000126361847;-0.5490000247955322;0.8630000352859497;-0.4140000343322754;0.21000000834465027
693904.0;0.8630000352859497;-0.6700000166893005;-0.38600000739097595;-45.5;13.0625;-18.375;260.0;478.0;-405.0;207.125;61.75;62.1875;-0.18328857421875;-0.485595703125;0.3924560546875;-0.75933837890625;0.0;-0.2600000202655792;-0.6020000576972961;0.8640000224113464;-0.4090000092983246;0.2160000056028366
693914.0;0.7930000424385071;-0.6990000605583191;-0.4180000126361847;-45.5;13.0625;-18.375;384.0;619.0;-546.0;207.375;61.875;61.0;-0.185791015625;-0.484619140625;0.388916015625;-0.76116943359375;-0.07100000232458115;-0.29500001668930054;-0.6420000195503235;0.8650000691413879;-0.40400001406669617;0.22300000488758087
693924.0;0.737000048160553;-0.6230000257492065;-0.46400001645088196;-45.5;13.0625;-18.375;516.0;730.0;-705.0;207.75;62.0625;59.625;-0.18878173828125;-0.48358154296875;0.38427734375;-0.763427734375;-0.12800000607967377;-0.22700001299381256;-0.6970000267028809;0.8660000562667847;-0.3960000276565552;0.23200000822544098
693924.0;0.737000048160553;-0.6230000257492065;-0.46400001645088196;-45.5;13.0625;-18.375;516.0;730.0;-705.0;207.75;62.0625;59.625;-0.18878173828125;-0.48358154296875;0.38427734375;-0.763427734375;-0.12800000607967377;-0.22700001299381256;-0.6970000267028809;0.8660000562667847;-0.3960000276565552;0.23200000822544098
693934.0;0.7490000128746033;-0.578000009059906;-0.47300001978874207;-46.6875;12.0;-18.75;574.0;856.0;-882.0;207.8125;62.25;57.875;-0.19000244140625;-0.4837646484375;0.37725830078125;-0.76654052734375;-0.11800000816583633;-0.19100001454353333;-0.7160000205039978;0.8670000433921814;-0.38600000739097595;0.242000013589859
693944.0;0.703000009059906;-0.6380000114440918;-0.4700000286102295;-46.6875;12.0;-18.75;663.0;1045.0;-1138.0;208.4375;62.4375;55.75;-0.19500732421875;-0.48248291015625;0.37060546875;-0.76934814453125;-0.16600000858306885;-0.2630000114440918;-0.7240000367164612;0.8690000176429749;-0.37400001287460327;0.2540000081062317
693954.0;0.5950000286102295;-0.51500004529953;-0.4700000286102295;-46.6875;12.0;-18.75;880.0;1198.0;-1266.0;209.0;62.625;53.25;-0.2001953125;-0.48095703125;0.362548828125;-0.77276611328125;-0.2750000059604645;-0.1550000011920929;-0.7390000224113464;0.8710000514984131;-0.36000001430511475;0.26900002360343933
693964.0;0.5730000138282776;-0.5;-0.453000009059906;-46.6875;12.0;-18.75;1129.0;1309.0;-1237.0;209.5;62.75;50.4375;-0.20489501953125;-0.4791259765625;0.3533935546875;-0.77691650390625;-0.2980000078678131;-0.15400001406669617;-0.7390000224113464;0.8720000386238098;-0.3450000286102295;0.2850000262260437
693974.0;0.5580000281333923;-0.46700000762939453;-0.4520000219345093;-46.6875;12.0;-18.75;1417.0;1388.0;-1152.0;209.875;62.75;47.4375;-0.2086181640625;-0.47711181640625;0.3431396484375;-0.78173828125;-0.31300002336502075;-0.13600000739097595;-0.7550000548362732;0.8710000514984131;-0.33000001311302185;0.30300000309944153
693984.0;0.5580000281333923;-0.46700000762939453;-0.4520000219345093;-45.1875;10.875;-20.875;1721.0;1429.0;-1076.0;209.9375;62.625;44.3125;-0.2105712890625;-0.47528076171875;0.331298828125;-0.78741455078125;-0.30300000309944153;-0.10600000619888306;-0.7880000472068787;0.8700000643730164;-0.3150000274181366;0.32200002670288086
693984.0;0.5580000281333923;-0.46700000762939453;-0.4520000219345093;-45.1875;10.875;-20.875;1721.0;1429.0;-1076.0;209.9375;62.625;44.3125;-0.2105712890625;-0.47528076171875;0.331298828125;-0.78741455078125;-0.30300000309944153;-0.10600000619888306;-0.7880000472068787;0.8700000643730164;-0.3150000274181366;0.32200002670288086
693994.0;0.5670000314712524;-0.42100003361701965;-0.4650000333786011;-45.1875;10.875;-20.875;1968.0;1458.0;-1017.0;209.9375;62.375;41.125;-0.21240234375;-0.47314453125;0.31890869140625;-0.79327392578125;-0.27300000190734863;-0.03200000151991844;-0.8070000410079956;0.8690000176429749;-0.2990000247955322;0.34200000762939453
694004.0;0.5950000286102295;-0.33100003004074097;-0.46400001645088196;-45.1875;10.875;-20.875;2072.0;1519.0;-1069.0;210.0;62.0625;37.8125;-0.2142333984375;-0.47088623046875;0.3057861328125;-0.79931640625;-0.23500001430511475;-0.024000000208616257;-0.7950000166893005;0.8660000562667847;-0.281000018119812;0.3620000183582306
694014.0;0.6300000548362732;-0.3060000240802765;-0.4320000112056732;-45.1875;10.875;-20.875;2030.0;1684.0;-1335.0;210.1875;61.75;34.25;-0.217529296875;-0.4681396484375;0.2919921875;-0.80517578125;-0.24300001561641693;-0.024000000208616257;-0.7350000143051147;0.8630000352859497;-0.26100000739097595;0.3830000162124634
694024.0;0.6200000047683716;-0.2850000262260437;-0.35100001096725464;-45.1875;10.875;-20.875;1920.0;1924.0;-1578.0;210.625;61.25;30.4375;-0.222412109375;-0.46453857421875;0.27764892578125;-0.8109130859375;-0.3060000240802765;-0.036000002175569534;-0.7090000510215759;0.8600000143051147;-0.23800000548362732;0.406000018119812
694034.0;0.5530000329017639;-0.2750000059604645;-0.30300000309944153;-45.1875;10.875;-20.875;1920.0;1924.0;-1578.0;210.625;61.25;30.4375;-0.22808837890625;-0.45989990234375;0.26373291015625;-0.816650390625;-0.34800001978874207;0.06100000441074371;-0.7510000467300415;0.8540000319480896;-0.2160000056028366;0.42900002002716064
694038.0;0.5530000329017639;-0.2750000059604645;-0.30300000309944153;-45.1875;10.875;-20.875;1920.0;1924.0;-1578.0;210.625;61.25;30.4375;-0.22808837890625;-0.45989990234375;0.26373291015625;-0.816650390625;-0.34800001978874207;0.06100000441074371;-0.7510000467300415;0.8540000319480896;-0.2160000056028366;0.42900002002716064
694048.0;0.5049999952316284;-0.1550000011920929;-0.32100000977516174;-44.0;6.0625;-24.0625;1704.0;2108.0;-1629.0;211.1875;60.625;26.75;-0.22808837890625;-0.45989990234375;0.26373291015625;-0.816650390625;-0.3070000112056732;0.09800000488758087;-0.8250000476837158;0.8470000624656677;-0.19500000774860382;0.4520000219345093
694058.0;0.5390000343322754;-0.09700000286102295;-0.3720000088214874;-44.0;6.0625;-24.0625;1109.0;2548.0;-1558.0;212.5625;58.6875;20.25;-0.2420654296875;-0.44622802734375;0.23931884765625;-0.82769775390625;-0.289000004529953;0.11000000685453415;-0.8680000305175781;0.8370000123977661;-0.17600001394748688;0.47700002789497375
694068.0;0.5480000376701355;-0.06599999964237213;-0.39000001549720764;-44.0;6.0625;-24.0625;932.0;2911.0;-1548.0;213.375;57.3125;17.375;-0.250244140625;-0.43658447265625;0.22784423828125;-0.8336181640625;-0.3060000240802765;0.06000000238418579;-0.9230000376701355;0.8250000476837158;-0.15800000727176666;0.5049999952316284
694078.0;0.5180000066757202;-0.09700000286102295;-0.4180000126361847;-44.0;6.0625;-24.0625;891.0;3235.0;-1539.0;214.25;55.6875;14.625;-0.25885009765625;-0.42529296875;0.216064453125;-0.83990478515625;-0.4360000193119049;-0.021000001579523087;-0.956000030040741;0.8100000619888306;-0.14000000059604645;0.534000039100647
694088.0;0.37300002574920654;-0.16100001335144043;-0.4220000207424164;-44.0;6.0625;-24.0625;891.0;3235.0;-1539.0;214.25;55.6875;14.625;-0.25885009765625;-0.42529296875;0.216064453125;-0.83990478515625;-0.4360000193119049;-0.021000001579523087;-0.956000030040741;0.7920000553131104;-0.1210000067949295;0.5640000104904175
694095.0;0.28700000047683716;-0.16200000047683716;-0.37400001287460327;-41.0625;-0.1875;-28.1875;1041.0;3421.0;-1517.0;215.0;53.875;12.0625;-0.26708984375;-0.41314697265625;0.20330810546875;-0.8465576171875;-0.5049999952316284;-0.04100000113248825;-0.9390000700950623;0.7720000147819519;-0.10000000149011612;0.5950000286102295
694105.0;0.2070000171661377;-0.1550000011920929;-0.3160000145435333;-41.0625;-0.1875;-28.1875;1373.0;3494.0;-1524.0;216.1875;50.0;6.875;-0.28131103515625;-0.389404296875;0.1722412109375;-0.8599853515625;-0.6340000033378601;-0.032999999821186066;-0.8350000381469727;0.7510000467300415;-0.07500000298023224;0.625
694115.0;0.11700000613927841;-0.10900000482797623;-0.21000000834465027;-41.0625;-0.1875;-28.1875;1811.0;3492.0;-1584.0;216.6875;48.0625;4.0625;-0.287353515625;-0.3785400390625;0.15301513671875;-0.866455078125;-0.6660000085830688;-0.03100000135600567;-0.8240000605583191;0.7290000319480896;-0.046000003814697266;0.6530000567436218
694125.0;0.06300000101327896;-0.07800000160932541;-0.17000000178813934;-41.0625;-0.1875;-28.1875;2318.0;3467.0;-1705.0;217.0625;45.9375;1.0;-0.29290771484375;-0.3682861328125;0.13067626953125;-0.87261962890625;-0.6890000104904175;-0.05700000375509262;-0.7710000276565552;0.7050000429153442;-0.012000000104308128;0.6810000538825989
694135.0;0.015000000596046448;-0.0690000057220459;-0.08900000154972076;-41.0625;-0.1875;-28.1875;2891.0;3506.0;-1879.0;217.0625;45.9375;1.0;-0.29290771484375;-0.3682861328125;0.13067626953125;-0.87261962890625;-0.6890000104904175;-0.05700000375509262;-0.7710000276565552;0.7050000429153442;-0.012000000104308128;0.6810000538825989
694143.0;-0.032999999821186066;-0.07600000500679016;0.017000000923871994;-36.6875;-5.0;-34.0;3453.0;3562.0;-2088.0;217.4375;43.8125;-2.25;-0.29815673828125;-0.3585205078125;0.10516357421875;-0.87835693359375;-0.7120000123977661;-0.10400000214576721;-0.6890000104904175;0.6790000200271606;0.02800000086426735;0.706000030040741
694153.0;-0.14100000262260437;0.0;0.09700000286102295;-36.6875;-5.0;-34.0;3899.0;3610.0;-2341.0;217.875;41.5;-5.8125;-0.30938720703125;-0.3394775390625;0.04669189453125;-0.8870849609375;-0.7970000505447388;-0.07500000298023224;-0.6540000438690186;0.6180000305175781;0.12400000542402267;0.7500000596046448
694163.0;-0.17800000309944153;0.04800000041723251;0.09600000083446503;-36.6875;-5.0;-34.0;4175.0;3679.0;-2628.0;218.4375;39.125;-9.4375;-0.316162109375;-0.3291015625;0.015380859375;-0.8896484375;-0.7980000376701355;-0.08000000566244125;-0.6730000376701355;0.5830000042915344;0.1770000010728836;0.7670000195503235
694173.0;-0.21400001645088196;0.09700000286102295;0.09400000423192978;-36.6875;-5.0;-34.0;4249.0;3802.0;-2910.0;219.0625;36.5;-13.0;-0.32391357421875;-0.31756591796875;-0.01629638671875;-0.89105224609375;-0.8060000538825989;-0.08900000154972076;-0.7240000367164612;0.5440000295639038;0.23000000417232513;0.7820000648498535
694183.0;-0.26100000739097595;0.14000000059604645;0.05700000375509262;-36.6875;-5.0;-34.0;4162.0;3951.0;-3163.0;219.9375;33.6875;-16.375;-0.32391357421875;-0.31756591796875;-0.01629638671875;-0.89105224609375;-0.8060000538825989;-0.08900000154972076;-0.7240000367164612;0.5440000295639038;0.23000000417232513;0.7820000648498535
694186.0;-0.26100000739097595;0.14000000059604645;0.05700000375509262;-36.6875;-5.0;-34.0;4162.0;3951.0;-3163.0;219.9375;33.6875;-16.375;-0.32391357421875;-0.31756591796875;-0.01629638671875;-0.89105224609375;-0.8060000538825989;-0.08900000154972076;-0.7240000367164612;0.5440000295639038;0.23000000417232513;0.7820000648498535
694196.0;-0.33800002932548523;0.16300000250339508;0.10600000619888306;-28.5;-14.0;-38.5;3969.0;4126.0;-3349.0;220.875;30.6875;-19.5;-0.33245849609375;-0.30450439453125;-0.047607421875;-0.891357421875;-0.8390000462532043;-0.11800000816583633;-0.6880000233650208;0.5010000467300415;0.281000018119812;0.7940000295639038
694206.0;-0.41200003027915955;0.2150000035762787;0.15600000321865082;-28.5;-14.0;-38.5;3617.0;4220.0;-3493.0;221.9375;27.5625;-22.25;-0.341796875;-0.2899169921875;-0.07757568359375;-0.89056396484375;-0.8890000581741333;-0.07600000500679016;-0.6150000095367432;0.40300002694129944;0.37300002574920654;0.812000036239624
694216.0;-0.48600003123283386;0.29600000381469727;0.19600000977516174;-28.5;-14.0;-38.5;3129.0;4355.0;-3654.0;223.1875;24.25;-24.625;-0.3521728515625;-0.2734375;-0.105712890625;-0.88885498046875;-1.0350000858306885;-0.04500000178813934;-0.5460000038146973;0.34800001978874207;0.4100000262260437;0.8190000653266907
694226.0;-0.6860000491142273;0.36500000953674316;0.2720000147819519;-28.5;-14.0;-38.5;2609.0;4539.0;-3830.0;224.5625;20.8125;-26.625;-0.3636474609375;-0.25469970703125;-0.1318359375;-0.88629150390625;-1.0750000476837158;-0.0860000029206276;-0.531000018119812;0.289000004529953;0.44200003147125244;0.8250000476837158
694236.0;-0.7850000262260437;0.35500001907348633;0.2939999997615814;-28.5;-14.0;-38.5;2121.0;4727.0;-3977.0;226.0625;17.125;-28.1875;-0.37591552734375;-0.2337646484375;-0.15606689453125;-0.88299560546875;-1.0750000476837158;-0.0860000029206276;-0.531000018119812;0.289000004529953;0.44200003147125244;0.8250000476837158
694238.0;-0.7850000262260437;0.35500001907348633;0.2939999997615814;-28.5;-14.0;-38.5;2121.0;4727.0;-3977.0;226.0625;17.125;-28.1875;-0.37591552734375;-0.2337646484375;-0.15606689453125;-0.88299560546875;-1.0750000476837158;-0.0860000029206276;-0.531000018119812;0.289000004529953;0.44200003147125244;0.8250000476837158
694248.0;-0.8650000691413879;0.3270000219345093;0.27400001883506775;-18.75;-25.375;-37.5625;1796.0;4821.0;-4067.0;227.625;13.4375;-29.4375;-0.388427734375;-0.21136474609375;-0.178955078125;-0.87890625;-1.093000054359436;-0.14100000262260437;-0.5550000071525574;0.22800001502037048;0.4690000116825104;0.8300000429153442
694258.0;-0.9220000505447388;0.2900000214576721;0.24000000953674316;-18.75;-25.375;-37.5625;1763.0;4780.0;-4057.0;229.25;9.6875;-30.6875;-0.4005126953125;-0.1888427734375;-0.20135498046875;-0.87371826171875;-1.0870000123977661;-0.20200000703334808;-0.5900000333786011;0.16500000655651093;0.4930000305175781;0.831000030040741
694268.0;-1.0190000534057617;0.24000000953674316;0.3530000150203705;-18.75;-25.375;-37.5625;2015.0;4669.0;-3924.0;230.6875;6.0625;-31.9375;-0.41143798828125;-0.16729736328125;-0.22430419921875;-0.867431640625;-1.1220000982284546;-0.2750000059604645;-0.47300001978874207;0.10300000756978989;0.5160000324249268;0.8270000219345093
694273.0;-1.0840001106262207;0.28600001335144043;0.4780000150203705;-18.75;-25.375;-37.5625;2382.0;4514.0;-3751.0;232.125;2.5;-33.4375;-0.4208984375;-0.14727783203125;-0.2481689453125;-0.8599853515625;-1.128000020980835;-0.25300002098083496;-0.33800002932548523;0.0430000014603138;0.5400000214576721;0.8170000314712524
694283.0;-1.1430000066757202;0.3800000250339508;0.5320000052452087;-18.75;-25.375;-37.5625;2611.0;4348.0;-3674.0;233.5;-0.875;-35.0;-0.42962646484375;-0.12847900390625;-0.27239990234375;-0.851318359375;-1.128000020980835;-0.18200001120567322;-0.27000001072883606;-0.015000000596046448;0.5630000233650208;0.8020000457763672
694293.0;-1.1730000972747803;0.47300001978874207;0.5480000376701355;-1.75;-31.75;-36.0;2619.0;4255.0;-3740.0;235.0;-4.25;-36.5625;-0.43829345703125;-0.10986328125;-0.29620361328125;-0.84149169921875;-1.100000023841858;-0.10900000482797623;-0.23600001633167267;-0.07300000637769699;0.5830000042915344;0.784000039100647
694303.0;-1.2260000705718994;0.5860000252723694;0.5230000019073486;-1.75;-31.75;-36.0;2415.0;4216.0;-3891.0;236.5625;-7.6875;-38.0;-0.4473876953125;-0.090576171875;-0.31878662109375;-0.8306884765625;-1.0940001010894775;-0.012000000104308128;-0.2410000115633011;-0.13199999928474426;0.5980000495910645;0.76500004529953
694308.0;-1.2260000705718994;0.5860000252723694;0.5230000019073486;-1.75;-31.75;-36.0;2415.0;4216.0;-3891.0;236.5625;-7.6875;-38.0;-0.4473876953125;-0.090576171875;-0.31878662109375;-0.8306884765625;-1.0940001010894775;-0.012000000104308128;-0.2410000115633011;-0.13199999928474426;0.5980000495910645;0.76500004529953
694318.0;-1.2610000371932983;0.609000027179718;0.5130000114440918;-1.75;-31.75;-36.0;2073.0;4197.0;-4083.0;238.25;-11.25;-39.1875;-0.45697021484375;-0.07012939453125;-0.33953857421875;-0.81915283203125;-1.069000005722046;0.0010000000474974513;-0.23100000619888306;-0.19100001454353333;0.6080000400543213;0.7440000176429749
694328.0;-1.2920000553131104;0.6050000190734863;0.5690000057220459;-1.75;-31.75;-36.0;1709.0;4189.0;-4276.0;240.125;-14.8125;-40.125;-0.467041015625;-0.0484619140625;-0.3583984375;-0.806884765625;-1.040000081062317;-0.006000000052154064;-0.15400001406669617;-0.2510000169277191;0.6110000014305115;0.7240000367164612
694338.0;-1.3240001201629639;0.597000002861023;0.6780000329017639;-1.75;-31.75;-36.0;1378.0;4170.0;-4425.0;242.0;-18.5;-40.875;-0.4774169921875;-0.02569580078125;-0.37548828125;-0.79400634765625;-1.0120000839233398;-0.01100000087171793;-0.024000000208616257;-0.3110000193119049;0.6080000400543213;0.7020000219345093
694344.0;-1.4440001249313354;0.6330000162124634;0.815000057220459;14.0625;-34.875;-30.875;1044.0;4125.0;-4587.0;244.0;-22.1875;-41.3125;-0.488037109375;-0.001953125;-0.39068603515625;-0.78045654296875;-1.0730000734329224;0.03400000184774399;0.13300000131130219;-0.3700000047683716;0.5990000367164612;0.6810000538825989
694354.0;-1.5150001049041748;0.6540000438690186;0.7950000166893005;14.0625;-34.875;-30.875;747.0;4163.0;-4751.0;246.0625;-26.0;-41.5625;-0.498779296875;0.0230712890625;-0.404296875;-0.76629638671875;-1.0850000381469727;0.0690000057220459;0.13600000739097595;-0.4300000071525574;0.5850000381469727;0.6580000519752502
694364.0;-1.6480001211166382;0.6680000424385071;0.815000057220459;14.0625;-34.875;-30.875;614.0;4153.0;-4745.0;248.1875;-29.75;-41.6875;-0.5089111328125;0.04833984375;-0.41693115234375;-0.7515869140625;-1.1610000133514404;0.10200000554323196;0.18000000715255737;-0.4870000183582306;0.5660000443458557;0.6350000500679016
694374.0;-1.6500000953674316;0.6840000152587891;0.8360000252723694;14.0625;-34.875;-30.875;714.0;4219.0;-4397.0;250.0625;-33.4375;-41.9375;-0.5169677734375;0.07281494140625;-0.42974853515625;-0.73675537109375;-1.1090000867843628;0.13700000941753387;0.22800001502037048;-0.5400000214576721;0.5470000505447388;0.6080000400543213
694384.0;-1.8390001058578491;0.6960000395774841;0.8990000486373901;14.0625;-34.875;-30.875;654.0;4219.0;-5462.0;252.6875;-37.5625;-41.8125;-0.52850341796875;0.0997314453125;-0.44140625;-0.71826171875;-1.2410000562667847;0.1770000010728836;0.320000022649765;-0.5980000495910645;0.5180000066757202;0.578000009059906
694394.0;-1.8390001058578491;0.6960000395774841;0.8990000486373901;28.0;-31.875;-24.0;596.0;4127.0;-5868.0;255.5625;-41.75;-41.3125;-0.54107666015625;0.1273193359375;-0.4517822265625;-0.69781494140625;-1.2100000381469727;0.23000000417232513;0.39900001883506775;-0.6530000567436218;0.4830000102519989;0.5480000376701355
694396.0;-1.8390001058578491;0.6960000395774841;0.8990000486373901;28.0;-31.875;-24.0;596.0;4127.0;-5868.0;255.5625;-41.75;-41.3125;-0.54107666015625;0.1273193359375;-0.4517822265625;-0.69781494140625;-1.2100000381469727;0.23000000417232513;0.39900001883506775;-0.6530000567436218;0.4830000102519989;0.5480000376701355
694406.0;-1.8640000820159912;0.7130000591278076;0.9470000267028809;28.0;-31.875;-24.0;431.0;3967.0;-5353.0;258.1875;-45.6875;-40.75;-0.55126953125;0.15338134765625;-0.4608154296875;-0.67840576171875;-1.128000020980835;0.32500001788139343;0.42500001192092896;-0.7020000219345093;0.44700002670288086;0.5180000066757202
694416.0;-1.8300000429153442;0.7720000147819519;0.9430000185966492;28.0;-31.875;-24.0;385.0;3743.0;-4905.0;260.5625;-49.375;-40.125;-0.55975341796875;0.177490234375;-0.4688720703125;-0.6597900390625;-0.9800000190734863;0.34800001978874207;0.4140000343322754;-0.7440000176429749;0.41100001335144043;0.4870000183582306
694426.0;-1.724000096321106;0.7600000500679016;0.9020000696182251;28.0;-31.875;-24.0;600.0;3625.0;-4717.0;263.0625;-52.875;-39.5625;-0.5675048828125;0.199951171875;-0.47698974609375;-0.640625;-0.9150000214576721;0.3570000231266022;0.4100000262260437;-0.7820000648498535;0.3760000169277191;0.45500001311302185
694429.0;-1.724000096321106;0.7600000500679016;0.9020000696182251;28.0;-31.875;-24.0;600.0;3625.0;-4717.0;263.0625;-52.875;-39.5625;-0.5675048828125;0.199951171875;-0.47698974609375;-0.640625;-0.9150000214576721;0.3570000231266022;0.4100000262260437;-0.7820000648498535;0.3760000169277191;0.45500001311302185
694439.0;-1.6970000267028809;0.734000027179718;0.8660000562667847;28.0;-31.875;-24.0;740.0;3530.0;-4848.0;265.6875;-56.375;-38.6875;-0.57550048828125;0.22174072265625;-0.4847412109375;-0.6202392578125;-0.9310000538825989;0.41600000858306885;0.42900002002716064;-0.8160000443458557;0.33900001645088196;0.4230000078678131
694449.0;-1.7470000982284546;0.7550000548362732;0.8530000448226929;28.0;-31.875;-24.0;740.0;3530.0;-4848.0;265.6875;-56.375;-38.6875;-0.5823974609375;0.24029541015625;-0.49395751953125;-0.5992431640625;-0.9460000395774841;0.36000001430511475;0.4190000295639038;-0.8460000157356262;0.3060000240802765;0.3880000114440918
694459.0;-1.7930001020431519;0.6660000085830688;0.8080000281333923;41.25;-24.1875;-14.0625;1281.0;3436.0;-4416.0;268.3125;-59.6875;-38.1875;-0.587646484375;0.255615234375;-0.50433349609375;-0.57879638671875;-1.124000072479248;0.2930000126361847;0.3440000116825104;-0.8710000514984131;0.2770000100135803;0.3530000150203705
694466.0;-1.9950001239776611;0.5710000395774841;0.6980000138282776;41.25;-24.1875;-14.0625;2108.0;3157.0;-3360.0;273.3125;-65.4375;-38.5625;-0.5921630859375;0.267578125;-0.515869140625;-0.55828857421875;-1.0940001010894775;0.398000031709671;0.32600000500679016;-0.8920000195503235;0.2540000081062317;0.31800001859664917
694476.0;-1.9860000610351562;0.6520000100135803;0.6450000405311584;41.25;-24.1875;-14.0625;2253.0;2837.0;-2648.0;275.5625;-67.75;-39.5625;-0.59521484375;0.27606201171875;-0.5274658203125;-0.5396728515625;-0.9460000395774841;0.6050000190734863;0.4100000262260437;-0.9070000648498535;0.23600001633167267;0.2850000262260437
694486.0;-1.8540000915527344;0.8410000205039978;0.6950000524520874;41.25;-24.1875;-14.0625;3144.0;2709.0;-2775.0;278.375;-70.125;-40.875;-0.5999755859375;0.281494140625;-0.54071044921875;-0.51806640625;-0.8180000185966492;0.45600003004074097;0.3490000069141388;-0.9220000505447388;0.21800000965595245;0.2510000169277191
694496.0;-1.7410000562667847;0.6740000247955322;0.6010000109672546;41.25;-24.1875;-14.0625;3144.0;2709.0;-2775.0;278.375;-70.125;-40.875;-0.5999755859375;0.281494140625;-0.54071044921875;-0.51806640625;-0.8160000443458557;0.6500000357627869;0.3880000114440918;-0.9350000619888306;0.1980000138282776;0.2160000056028366
694506.0;-1.7510000467300415;0.8480000495910645;0.6050000190734863;48.0;-14.5;-6.75;3870.0;2692.0;-3016.0;281.6875;-72.5625;-42.375;-0.60601806640625;0.28509521484375;-0.55511474609375;-0.4932861328125;-0.8160000443458557;0.6500000357627869;0.3880000114440918;-0.9460000395774841;0.1770000010728836;0.1850000023841858
694516.0;-1.7510000467300415;0.971000075340271;0.6260000467300415;48.0;-14.5;-6.75;3487.0;2515.0;-2842.0;287.5;-76.875;-44.875;-0.614501953125;0.29327392578125;-0.57781982421875;-0.4500732421875;-0.7210000157356262;0.7970000505447388;0.4960000216960907;-0.9550000429153442;0.15600000321865082;0.15700000524520874
694521.0;-1.6770000457763672;0.9530000686645508;0.6530000567436218;48.0;-14.5;-6.75;2697.0;2295.0;-2548.0;289.5625;-78.625;-45.75;-0.6160888671875;0.2984619140625;-0.58502197265625;-0.43487548828125;-0.550000011920929;0.6630000472068787;0.5560000538825989;-0.9610000252723694;0.1380000114440918;0.1340000033378601
694531.0;-1.5120000839233398;0.8010000586509705;0.6910000443458557;48.0;-14.5;-6.75;1766.0;1952.0;-2080.0;291.0625;-80.0;-47.25;-0.61639404296875;0.302490234375;-0.59130859375;-0.4229736328125;-0.4410000145435333;0.6100000143051147;0.5220000147819519;-0.9650000333786011;0.12400000542402267;0.11500000208616257
694541.0;-1.4070000648498535;0.7350000143051147;0.6380000114440918;48.0;-14.5;-6.75;1376.0;1708.0;-1495.0;291.0625;-80.0;-47.25;-0.61639404296875;0.302490234375;-0.59130859375;-0.4229736328125;-0.4410000145435333;0.6100000143051147;0.5220000147819519;-0.9650000333786011;0.12400000542402267;0.11500000208616257
694551.0;-1.319000005722046;0.7770000100135803;0.5740000009536743;50.75;-7.5;0.6875;1554.0;1562.0;-1125.0;292.1875;-81.125;-49.6875;-0.6153564453125;0.30596923828125;-0.59722900390625;-0.41351318359375;-0.3500000238418579;0.6620000600814819;0.47700002789497375;-0.968000054359436;0.11500000208616257;0.09700000286102295
694554.0;-1.319000005722046;0.7770000100135803;0.5740000009536743;50.75;-7.5;0.6875;1554.0;1562.0;-1125.0;292.1875;-81.125;-49.6875;-0.6153564453125;0.30596923828125;-0.59722900390625;-0.41351318359375;-0.3500000238418579;0.6620000600814819;0.47700002789497375;-0.968000054359436;0.11500000208616257;0.09700000286102295
694564.0;-1.3140000104904175;0.781000018119812;0.45500001311302185;50.75;-7.5;0.6875;1956.0;1671.0;-1225.0;293.875;-82.3125;-53.1875;-0.61627197265625;0.30718994140625;-0.61334228515625;-0.3868408203125;-0.3970000147819519;0.7140000462532043;0.24700000882148743;-0.9740000367164612;0.09400000423192978;0.05700000375509262
694574.0;-1.3720000982284546;0.8080000281333923;0.3050000071525574;50.75;-7.5;0.6875;2227.0;1747.0;-1164.0;295.75;-83.5;-5.5;-0.6168212890625;0.3067626953125;-0.62152099609375;-0.373046875;-0.42100003361701965;0.7100000381469727;0.24700000882148743;-0.9760000705718994;0.08300000429153442;0.03800000250339508
694584.0;-1.3970000743865967;0.7940000295639038;0.2850000262260437;50.75;-7.5;0.6875;2288.0;1666.0;-1125.0;297.625;-84.5625;-4.875;-0.6182861328125;0.3055419921875;-0.6292724609375;-0.3583984375;-0.3930000066757202;0.6980000138282776;0.2990000247955322;-0.9770000576972961;0.07100000232458115;0.020000001415610313
694594.0;-1.371000051498413;0.7700000405311584;0.320000022649765;50.75;-7.5;0.6875;2504.0;1500.0;-1215.0;299.75;-85.5625;-4.1875;-0.6182861328125;0.3055419921875;-0.6292724609375;-0.3583984375;-0.3930000066757202;0.6980000138282776;0.2990000247955322;-0.9770000576972961;0.07100000232458115;0.020000001415610313
694604.0;-1.3450000286102295;0.7590000629425049;0.34800001978874207;50.75;-3.0;5.1875;2602.0;1230.0;-1232.0;301.9375;-86.5;-3.4375;-0.62030029296875;0.303955078125;-0.6358642578125;-0.34417724609375;-0.3660000264644623;0.7000000476837158;0.34200000762939453;-0.9780000448226929;0.05900000408291817;0.006000000052154064
694609.0;-1.3450000286102295;0.7590000629425049;0.34800001978874207;50.75;-3.0;5.1875;2602.0;1230.0;-1232.0;301.9375;-86.5;-3.4375;-0.62030029296875;0.303955078125;-0.6358642578125;-0.34417724609375;-0.3660000264644623;0.7000000476837158;0.34200000762939453;-0.9780000448226929;0.05900000408291817;0.006000000052154064
694619.0;-1.2580000162124634;0.7250000238418579;0.3800000250339508;50.75;-3.0;5.1875;2792.0;926.0;-1235.0;304.3125;-87.25;-177.25;-0.62384033203125;0.30059814453125;-0.64190673828125;-0.3292236328125;-0.22500000894069672;0.706000030040741;0.3570000231266022;-0.9800000190734863;0.03200000151991844;-0.013000000268220901
694629.0;-1.2050000429153442;0.7390000224113464;0.3440000116825104;50.75;-3.0;5.1875;3034.0;697.0;-1303.0;306.9375;-87.875;-178.0625;-0.62847900390625;0.296142578125;-0.6473388671875;-0.31353759765625;-0.15400001406669617;0.7360000610351562;0.3190000057220459;-0.9800000190734863;0.018000001087784767;-0.020000001415610313
694639.0;-1.1340000629425049;0.7550000548362732;0.2990000247955322;50.75;-3.0;5.1875;3148.0;581.0;-1367.0;309.6875;-88.375;-178.875;-0.633544921875;0.29132080078125;-0.6522216796875;-0.2972412109375;-0.09300000220537186;0.7330000400543213;0.24700000882148743;-0.9800000190734863;0.004000000189989805;-0.026000000536441803
694645.0;-1.0740000009536743;0.737000048160553;0.22100001573562622;50.75;-3.0;5.1875;2970.0;552.0;-1279.0;312.3125;-88.4375;-179.6875;-0.63812255859375;0.28662109375;-0.65667724609375;-0.2818603515625;-0.09300000220537186;0.7330000400543213;0.24700000882148743;-0.9800000190734863;0.004000000189989805;-0.026000000536441803
694655.0;-1.0430001020431519;0.6780000329017639;0.20500001311302185;50.6875;2.1875;7.6875;2518.0;579.0;-1000.0;314.5;-88.0625;179.5625;-0.641357421875;0.28240966796875;-0.6607666015625;-0.26885986328125;-0.06300000101327896;0.6850000619888306;0.2370000183582306;-0.9800000190734863;-0.006000000052154064;-0.03200000151991844
694665.0;-1.0509999990463257;0.5960000157356262;0.16200000047683716;50.6875;2.1875;7.6875;1947.0;609.0;-714.0;316.125;-87.5625;179.125;-0.64312744140625;0.2791748046875;-0.66448974609375;-0.25872802734375;-0.07100000232458115;0.6110000014305115;0.20100000500679016;-0.9790000319480896;-0.014000000432133675;-0.03800000250339508
694675.0;-1.0700000524520874;0.5090000033378601;0.10200000554323196;50.6875;2.1875;7.6875;1529.0;641.0;-539.0;317.4375;-87.0625;178.75;-0.643798828125;0.2767333984375;-0.66790771484375;-0.25054931640625;-0.09100000560283661;0.531000018119812;0.14600001275539398;-0.9790000319480896;-0.021000001579523087;-0.04400000348687172
694685.0;-1.1540000438690186;0.34800001978874207;-0.01100000087171793;50.6875;2.1875;7.6875;1299.0;669.0;-514.0;318.5625;-86.5625;178.375;-0.64404296875;0.2750244140625;-0.671142578125;-0.24322509765625;-0.17500001192092896;0.3750000298023224;0.039000000804662704;-0.9780000448226929;-0.027000000700354576;-0.05100000277161598
694695.0;-1.2010000944137573;0.24800001084804535;-0.005000000353902578;50.6875;2.1875;7.6875;1357.0;716.0;-682.0;319.875;-86.0;177.9375;-0.644287109375;0.273681640625;-0.67431640625;-0.23504638671875;-0.22300000488758087;0.28300002217292786;0.052000001072883606;-0.9780000448226929;-0.03400000184774399;-0.058000002056360245
694697.0;-1.2010000944137573;0.24800001084804535;-0.005000000353902578;50.6875;2.1875;7.6875;1357.0;716.0;-682.0;319.875;-86.0;177.9375;-0.644287109375;0.273681640625;-0.67431640625;-0.23504638671875;-0.22300000488758087;0.28300002217292786;0.052000001072883606;-0.9780000448226929;-0.03400000184774399;-0.058000002056360245
694707.0;-1.2310000658035278;0.27300000190734863;0.9810000658035278;50.25;4.875;9.375;1735.0;676.0;-948.0;321.5625;-85.375;177.3125;-0.64556884765625;0.27203369140625;-0.6773681640625;-0.22467041015625;-0.25300002098083496;0.3190000057220459;1.0460000038146973;-0.9770000576972961;-0.04500000178813934;-0.06400000303983688
694717.0;-1.8860000371932983;2.6080000400543213;3.6640002727508545;50.25;4.875;9.375;1147.0;-352.0;-1152.0;323.0;-85.0625;176.5625;-0.6497802734375;0.27178955078125;-0.67584228515625;-0.2171630859375;-0.909000039100647;2.6670000553131104;3.7240002155303955;-0.9770000576972961;-0.058000002056360245;-0.06000000238418579
694727.0;-0.4410000145435333;1.8270001411437988;-1.0160000324249268;50.25;4.875;9.375;862.0;-637.0;-695.0;323.9375;-85.0;176.125;-0.65411376953125;0.27056884765625;-0.67364501953125;-0.21258544921875;0.5350000262260437;1.8930001258850098;-0.9640000462532043;-0.9760000705718994;-0.06599999964237213;-0.052000001072883606
694731.0;-0.6980000138282776;0.4690000116825104;0.3020000159740448;50.25;4.875;9.375;1967.0;-1104.0;555.0;324.8125;-85.6875;176.375;-0.66015625;0.26055908203125;-0.67279052734375;-0.20904541015625;0.27900001406669617;0.5300000309944153;0.34200000762939453;-0.9770000576972961;-0.06100000441074371;-0.04000000283122063
694741.0;-0.8350000381469727;-0.05900000408291817;0.03500000014901161;50.25;4.875;9.375;-8.0;-537.0;1720.0;323.75;-86.6875;177.4375;-0.66015625;0.25384521484375;-0.6732177734375;-0.2158203125;0.14300000667572021;-0.015000000596046448;0.07000000029802322;-0.9790000319480896;-0.0430000014603138;-0.03400000184774399
694751.0;-1.2730000019073486;-0.6720000505447388;0.21900001168251038;49.5625;8.25;9.375;-1297.0;760.0;1458.0;322.0625;-86.9375;178.3125;-0.65399169921875;0.2540283203125;-0.67633056640625;-0.22442626953125;-0.2939999997615814;-0.6440000534057617;0.26200002431869507;-0.9790000319480896;-0.02800000086426735;-0.04200000315904617
694761.0;-1.3360000848770142;-0.37800002098083496;0.2550000250339508;49.5625;8.25;9.375;-1419.0;983.0;308.0;321.0;-86.5625;178.5625;-0.648193359375;0.25897216796875;-0.67840576171875;-0.229248046875;-0.3570000231266022;-0.3540000021457672;0.30900001525878906;-0.9780000448226929;-0.024000000208616257;-0.05300000309944153
694771.0;-1.3310000896453857;-0.03500000014901161;-0.21000000834465027;49.5625;8.25;9.375;-658.0;822.0;-1070.0;321.25;-85.8125;177.9375;-0.6456298828125;0.26605224609375;-0.678955078125;-0.226806640625;-0.3530000150203705;0.0;-0.14800000190734863;-0.9780000448226929;-0.03400000184774399;-0.06200000271201134
694781.0;-1.2340000867843628;0.032999999821186066;-0.484000027179718;49.5625;8.25;9.375;349.0;515.0;-1756.0;322.5625;-84.9375;176.875;-0.64630126953125;0.271728515625;-0.6785888671875;-0.2188720703125;-0.25699999928474426;0.08700000494718552;-0.41600000858306885;-0.9760000705718994;-0.05300000309944153;-0.06700000166893005
694783.0;-1.2340000867843628;0.032999999821186066;-0.484000027179718;49.5625;8.25;9.375;349.0;515.0;-1756.0;322.5625;-84.9375;176.875;-0.64630126953125;0.271728515625;-0.6785888671875;-0.2188720703125;-0.25699999928474426;0.08700000494718552;-0.41600000858306885;-0.9760000705718994;-0.05300000309944153;-0.06700000166893005
694793.0;-0.8890000581741333;-0.23600001633167267;-0.4230000078678131;49.5625;8.25;9.375;679.0;366.0;-1507.0;323.9375;-84.1875;175.9375;-0.647705078125;0.2752685546875;-0.678466796875;-0.21075439453125;0.0860000029206276;-0.16600000858306885;-0.35200002789497375;-0.9750000238418579;-0.0690000057220459;-0.07000000029802322
694803.0;-0.8890000581741333;-0.23600001633167267;-0.4230000078678131;50.6875;5.375;10.1875;344.0;109.0;-548.0;324.5;-83.875;175.5625;-0.6484375;0.27618408203125;-0.67840576171875;-0.20745849609375;0.20400001108646393;-0.08100000023841858;0.07600000500679016;-0.9750000238418579;-0.07500000298023224;-0.07100000232458115
694813.0;-0.7700000405311584;-0.15700000524520874;0.005000000353902578;50.6875;5.375;10.1875;-280.0;-78.0;466.0;324.0;-84.125;175.875;-0.64776611328125;0.275390625;-0.67852783203125;-0.210205078125;0.27400001883506775;0.16200000047683716;0.34200000762939453;-0.9750000238418579;-0.07000000029802322;-0.07100000232458115
694818.0;-0.7700000405311584;-0.15700000524520874;0.005000000353902578;50.6875;5.375;10.1875;-280.0;-78.0;466.0;324.0;-84.125;175.875;-0.64776611328125;0.275390625;-0.67852783203125;-0.210205078125;0.27400001883506775;0.16200000047683716;0.34200000762939453;-0.9750000238418579;-0.07000000029802322;-0.07100000232458115
694828.0;-0.7000000476837158;0.09200000762939453;0.2710000276565552;50.6875;5.375;10.1875;-558.0;-150.0;980.0;323.0625;-84.625;176.5;-0.64642333984375;0.27362060546875;-0.67877197265625;-0.21575927734375;0.33800002932548523;0.24000000953674316;0.30100002884864807;-0.9760000705718994;-0.05900000408291817;-0.0690000057220459
694838.0;-0.6380000114440918;0.18000000715255737;0.23100000619888306;50.6875;5.375;10.1875;-544.0;-56.0;906.0;322.125;-84.9375;177.0625;-0.644775390625;0.27215576171875;-0.67926025390625;-0.22088623046875;0.28600001335144043;0.20600001513957977;0.4100000262260437;-0.9760000705718994;-0.049000002443790436;-0.0690000057220459
694848.0;-0.690000057220459;0.15600000321865082;0.3400000035762787;50.6875;5.375;10.1875;-736.0;97.0;550.0;321.3125;-85.125;177.4375;-0.6427001953125;0.27276611328125;-0.6795654296875;-0.22528076171875;0.1720000058412552;0.125;0.28600001335144043;-0.9770000576972961;-0.0430000014603138;-0.07000000029802322
694851.0;-0.8040000200271606;0.08100000023841858;0.2150000035762787;50.6875;5.375;10.1875;-736.0;97.0;550.0;320.875;-84.875;177.4375;-0.640380859375;0.27587890625;-0.6798095703125;-0.22735595703125;0.03500000014901161;0.04400000348687172;0.21900001168251038;-0.9760000705718994;-0.0430000014603138;-0.07400000095367432
694861.0;-0.9410000443458557;0.0010000000474974513;0.14400000870227814;49.5;7.6875;10.0625;-754.0;350.0;-28.0;320.875;-84.875;177.4375;-0.63836669921875;0.28070068359375;-0.68011474609375;-0.22625732421875;-0.07700000703334808;0.039000000804662704;0.2150000035762787;-0.9760000705718994;-0.049000002443790436;-0.08100000023841858
694871.0;-1.0530000925064087;-0.010000000707805157;0.1340000033378601;49.5;7.6875;10.0625;-274.0;592.0;-1028.0;321.375;-83.75;176.4375;-0.63702392578125;0.2860107421875;-0.68023681640625;-0.222900390625;-0.1510000079870224;0.0690000057220459;0.05400000140070915;-0.9740000367164612;-0.05900000408291817;-0.08700000494718552
694881.0;-1.125;0.010000000707805157;-0.03200000151991844;49.5;7.6875;10.0625;-95.0;369.0;-974.0;321.9375;-83.25;175.875;-0.63671875;0.29022216796875;-0.67987060546875;-0.21942138671875;-0.0990000069141388;0.07800000160932541;0.05900000408291817;-0.9730000495910645;-0.0690000057220459;-0.09100000560283661
694888.0;-1.125;0.010000000707805157;-0.03200000151991844;49.5;7.6875;10.0625;-95.0;369.0;-974.0;321.9375;-83.25;175.875;-0.63671875;0.29022216796875;-0.67987060546875;-0.21942138671875;-0.0990000069141388;0.07800000160932541;0.05900000408291817;-0.9730000495910645;-0.0690000057220459;-0.09100000560283661
694898.0;-1.0730000734329224;0.009000000543892384;-0.03100000135600567;49.5;7.6875;10.0625;106.0;20.0;-632.0;322.375;-83.0;140.0;-0.63751220703125;0.29217529296875;-0.6790771484375;-0.21685791015625;-0.03400000184774399;0.0690000057220459;0.05400000140070915;-0.9730000495910645;-0.07600000500679016;-0.09100000560283661
694908.0;-1.0070000886917114;-0.006000000052154064;-0.036000002175569534;49.5;7.6875;10.0625;106.0;20.0;-632.0;322.375;-83.0;140.0;-0.63751220703125;0.29217529296875;-0.6790771484375;-0.21685791015625;0.017000000923871994;-0.0010000000474974513;0.0;-0.9730000495910645;-0.07800000160932541;-0.08800000697374344
694918.0;-0.9550000429153442;-0.08000000566244125;-0.08900000154972076;49.875;8.0;10.875;401.0;-206.0;-200.0;322.75;-83.0;138.3125;-0.63909912109375;0.29132080078125;-0.67852783203125;-0.215087890625;0.018000001087784767;0.04000000283122063;-0.05400000140070915;-0.9730000495910645;-0.07800000160932541;-0.08500000089406967
694928.0;-0.9550000429153442;-0.03700000047683716;-0.13900001347064972;49.875;8.0;10.875;597.0;-252.0;63.0;323.4375;-83.25;175.375;-0.6422119140625;0.28656005859375;-0.6785888671875;-0.212158203125;0.01900000125169754;0.11700000613927841;-0.03500000014901161;-0.9730000495910645;-0.07800000160932541;-0.08300000429153442
694938.0;-0.9540000557899475;0.039000000804662704;-0.11900000274181366;49.875;8.0;10.875;528.0;-177.0;70.0;323.75;-83.25;175.25;-0.64312744140625;0.28564453125;-0.6785888671875;-0.21044921875;0.017000000923871994;0.16500000655651093;0.029000001028180122;-0.9730000495910645;-0.08000000566244125;-0.0820000022649765
694941.0;-0.9550000429153442;0.08500000089406967;-0.05300000309944153;49.875;8.0;10.875;373.0;-58.0;-128.0;324.0625;-83.0625;134.8125;-0.6436767578125;0.28594970703125;-0.67852783203125;-0.2086181640625;0.0;0.2770000100135803;0.0820000022649765;-0.9730000495910645;-0.08300000429153442;-0.0820000022649765
694951.0;-0.9720000624656677;0.19300000369548798;0.0;49.875;8.0;10.875;229.0;37.0;-277.0;324.0625;-83.0625;134.8125;-0.6436767578125;0.28594970703125;-0.67852783203125;-0.2086181640625;0.0;0.2770000100135803;0.0820000022649765;-0.9730000495910645;-0.08300000429153442;-0.0820000022649765
694961.0;-0.9640000462532043;0.24000000953674316;-0.005000000353902578;49.875;9.5;10.0625;65.0;73.0;-298.0;324.25;-82.9375;133.9375;-0.643798828125;0.286865234375;-0.67840576171875;-0.207275390625;0.00800000037997961;0.3270000219345093;0.07800000160932541;-0.9730000495910645;-0.0860000029206276;-0.08300000429153442
694971.0;-0.9470000267028809;0.23500001430511475;-0.01900000125169754;49.875;9.5;10.0625;-53.0;57.0;-219.0;324.375;-82.8125;133.4375;-0.64349365234375;0.28887939453125;-0.67803955078125;-0.20660400390625;0.03400000184774399;0.27900001406669617;0.0650000050663948;-0.9720000624656677;-0.08900000154972076;-0.08400000631809235
694976.0;-0.9470000267028809;0.23500001430511475;-0.01900000125169754;49.875;9.5;10.0625;-53.0;57.0;-219.0;324.375;-82.8125;133.4375;-0.64349365234375;0.28887939453125;-0.67803955078125;-0.20660400390625;0.03400000184774399;0.27900001406669617;0.0650000050663948;-0.9720000624656677;-0.08900000154972076;-0.08400000631809235
694986.0;-0.9380000233650208;0.1900000125169754;-0.01900000125169754;49.875;9.5;10.0625;-139.0;56.0;-137.0;324.375;-82.75;133.3125;-0.64300537109375;0.28997802734375;-0.677978515625;-0.20684814453125;0.014000000432133675;0.11600000411272049;0.07400000095367432;-0.9720000624656677;-0.09000000357627869;-0.08500000089406967
694996.0;-0.9580000638961792;0.02500000037252903;-0.010000000707805157;49.875;9.5;10.0625;-194.0;82.0;-80.0;324.3125;-82.6875;133.4375;-0.64239501953125;0.29083251953125;-0.6781005859375;-0.20721435546875;0.007000000216066837;0.07300000637769699;0.07200000435113907;-0.9720000624656677;-0.09000000357627869;-0.08700000494718552
695006.0;-0.9640000462532043;-0.017000000923871994;-0.014000000432133675;49.875;9.5;10.0625;-184.0;99.0;-44.0;324.1875;-82.625;133.75;-0.64239501953125;0.29083251953125;-0.6781005859375;-0.20721435546875;0.007000000216066837;0.07300000637769699;0.07200000435113907;-0.9720000624656677;-0.09000000357627869;-0.08700000494718552
695016.0;-0.9590000510215759;-0.029000001028180122;0.006000000052154064;49.875;9.875;10.0625;-128.0;86.0;-44.0;324.1875;-82.5625;133.9375;-0.6419677734375;0.29150390625;-0.67816162109375;-0.2073974609375;0.012000000104308128;0.06100000441074371;0.09400000423192978;-0.9720000624656677;-0.09100000560283661;-0.08800000697374344
695026.0;-0.9510000348091125;-0.03400000184774399;0.02500000037252903;49.875;9.875;10.0625;-36.0;63.0;-64.0;324.1875;-82.5;134.0;-0.6417236328125;0.29193115234375;-0.67822265625;-0.20721435546875;0.023000001907348633;0.04800000041723251;0.11600000411272049;-0.9720000624656677;-0.09200000762939453;-0.08900000154972076
695028.0;-0.9510000348091125;-0.03400000184774399;0.02500000037252903;49.875;9.875;10.0625;-36.0;63.0;-64.0;324.1875;-82.5;134.0;-0.6417236328125;0.29193115234375;-0.67822265625;-0.20721435546875;0.023000001907348633;0.04800000041723251;0.11600000411272049;-0.9720000624656677;-0.09200000762939453;-0.08900000154972076
695038.0;-0.9480000734329224;-0.04400000348687172;0.027000000700354576;49.875;9.875;10.0625;65.0;57.0;-60.0;324.25;-82.4375;133.9375;-0.64166259765625;0.2919921875;-0.67840576171875;-0.2066650390625;0.020000001415610313;0.058000002056360245;0.1290000081062317;-0.9720000624656677;-0.09300000220537186;-0.08900000154972076
695048.0;-0.9510000348091125;-0.03400000184774399;0.039000000804662704;49.875;9.875;10.0625;130.0;57.0;-41.0;324.375;-82.375;133.9375;-0.6417236328125;0.29180908203125;-0.67864990234375;-0.20599365234375;0.01900000125169754;0.07300000637769699;0.11600000411272049;-0.9720000624656677;-0.09300000220537186;-0.08900000154972076
695058.0;-0.9520000219345093;-0.020000001415610313;0.026000000536441803;49.875;9.875;10.0625;149.0;33.0;-4.0;324.5;-82.375;133.9375;-0.641845703125;0.29132080078125;-0.678955078125;-0.20538330078125;0.01900000125169754;0.07300000637769699;0.11600000411272049;-0.9720000624656677;-0.09300000220537186;-0.08900000154972076
695061.0;-0.9600000381469727;-0.009000000543892384;0.03500000014901161;50.5625;9.5;11.6875;166.0;12.0;24.0;324.5625;-82.375;133.9375;-0.64202880859375;0.2906494140625;-0.67919921875;-0.20489501953125;0.01100000087171793;0.08300000429153442;0.125;-0.9720000624656677;-0.09300000220537186;-0.08900000154972076
695071.0;-0.968000054359436;0.010000000707805157;0.046000003814697266;50.5625;9.5;11.6875;216.0;9.0;10.0;324.6875;-82.375;133.875;-0.642333984375;0.2899169921875;-0.679443359375;-0.20416259765625;0.003000000026077032;0.10300000756978989;0.13500000536441803;-0.9720000624656677;-0.09300000220537186;-0.08900000154972076
695081.0;-0.9720000624656677;0.0430000014603138;0.04100000113248825;50.5625;9.5;11.6875;274.0;7.0;-33.0;324.9375;-82.375;133.5625;-0.642822265625;0.28912353515625;-0.6796875;-0.20306396484375;0.0;0.13600000739097595;0.1300000101327896;-0.9720000624656677;-0.09300000220537186;-0.08900000154972076
695091.0;-0.9670000672340393;0.07800000160932541;0.03500000014901161;50.5625;9.5;11.6875;326.0;-3.0;-79.0;325.1875;-82.3125;133.125;-0.64337158203125;0.28826904296875;-0.679931640625;-0.20159912109375;0.004000000189989805;0.1730000078678131;0.12400000542402267;-0.971000075340271;-0.09400000423192978;-0.08900000154972076
695101.0;-0.9280000329017639;0.11500000208616257;0.029000001028180122;50.5625;9.5;11.6875;350.0;-19.0;-104.0;325.4375;-82.3125;132.5625;-0.64410400390625;0.28741455078125;-0.6800537109375;-0.20001220703125;0.0430000014603138;0.2110000103712082;0.11800000816583633;-0.971000075340271;-0.09600000083446503;-0.08800000697374344
695111.0;-0.9070000648498535;0.11700000613927841;0.0560000017285347;49.1875;9.1875;11.25;338.0;-53.0;-91.0;325.375;-82.3125;131.875;-0.644287109375;0.28857421875;-0.67926025390625;-0.200439453125;0.06400000303983688;0.2150000035762787;0.14400000870227814;-0.971000075340271;-0.09700000286102295;-0.08700000494718552
695114.0;-0.9070000648498535;0.11700000613927841;0.0560000017285347;49.1875;9.1875;11.25;338.0;-53.0;-91.0;325.375;-82.3125;131.875;-0.644287109375;0.28857421875;-0.67926025390625;-0.200439453125;0.06400000303983688;0.2150000035762787;0.14400000870227814;-0.971000075340271;-0.09700000286102295;-0.08700000494718552
695124.0;-0.9030000567436218;0.12200000882148743;0.08000000566244125;49.1875;9.1875;11.25;300.0;-39.0;-46.0;325.625;-82.25;131.4375;-0.64495849609375;0.28765869140625;-0.67938232421875;-0.19927978515625;0.06800000369548798;0.2200000137090683;0.16600000858306885;-0.971000075340271;-0.09800000488758087;-0.0860000029206276
695134.0;-0.9110000729560852;0.1300000101327896;0.08700000494718552;49.1875;9.1875;11.25;226.0;30.0;-11.0;325.8125;-82.25;131.375;-0.64520263671875;0.2869873046875;-0.6796875;-0.1983642578125;0.05900000408291817;0.2290000170469284;0.17400000989437103;-0.971000075340271;-0.09800000488758087;-0.0860000029206276
695144.0;-0.9540000557899475;0.17600001394748688;0.11900000274181366;49.1875;9.1875;11.25;158.0;76.0;20.0;325.875;-82.25;131.5625;-0.6451416015625;0.28643798828125;-0.68017578125;-0.19775390625;0.017000000923871994;0.27400001883506775;0.20600001513957977;-0.971000075340271;-0.09800000488758087;-0.08700000494718552
695154.0;-0.9420000314712524;0.1810000091791153;0.09000000357627869;49.1875;9.1875;11.25;46.0;87.0;0.0;325.9375;-82.1875;131.875;-0.6448974609375;0.286376953125;-0.6805419921875;-0.19744873046875;0.029000001028180122;0.2800000011920929;0.17900000512599945;-0.971000075340271;-0.09800000488758087;-0.08800000697374344
695164.0;-0.9380000233650208;0.29100000858306885;0.14100000262260437;49.5;9.875;11.25;-117.0;-6.0;11.0;325.5;-82.1875;131.9375;-0.6441650390625;0.28857421875;-0.67962646484375;-0.19970703125;0.032999999821186066;0.3890000283718109;0.23000000417232513;-0.971000075340271;-0.09800000488758087;-0.08800000697374344
695166.0;-0.9380000233650208;0.29100000858306885;0.14100000262260437;49.5;9.875;11.25;-117.0;-6.0;11.0;325.5;-82.1875;131.9375;-0.6441650390625;0.28857421875;-0.67962646484375;-0.19970703125;0.032999999821186066;0.3890000283718109;0.23000000417232513;-0.971000075340271;-0.09800000488758087;-0.08800000697374344
695176.0;-1.0160000324249268;0.4660000205039978;0.27400001883506775;49.5;9.875;11.25;-149.0;-108.0;77.0;325.375;-82.3125;131.9375;-0.64422607421875;0.2886962890625;-0.67919921875;-0.20068359375;-0.04400000348687172;0.5630000233650208;0.3620000183582306;-0.971000075340271;-0.09700000286102295;-0.08700000494718552
695186.0;-1.0730000734329224;0.4740000367164612;0.22300000488758087;49.5;9.875;11.25;-167.0;-174.0;108.0;325.1875;-82.4375;131.75;-0.64453125;0.2886962890625;-0.6785888671875;-0.201904296875;-0.10100000351667404;0.5700000524520874;0.30900001525878906;-0.9720000624656677;-0.09600000083446503;-0.08500000089406967
695196.0;-1.1110000610351562;0.5;0.23600001633167267;49.5;9.875;11.25;-429.0;-278.0;181.0;324.75;-82.625;131.625;-0.6446533203125;0.2891845703125;-0.677490234375;-0.2044677734375;-0.1380000114440918;0.5940000414848328;0.320000022649765;-0.9720000624656677;-0.09300000220537186;-0.08300000429153442
695199.0;-1.1110000610351562;0.5;0.23600001633167267;49.5;9.875;11.25;-429.0;-278.0;181.0;324.75;-82.625;131.625;-0.6446533203125;0.2891845703125;-0.677490234375;-0.2044677734375;-0.1380000114440918;0.5940000414848328;0.320000022649765;-0.9720000624656677;-0.09300000220537186;-0.08300000429153442
695209.0;-1.1230000257492065;0.5240000486373901;0.24000000953674316;49.5;9.875;11.25;-805.0;-382.0;278.0;324.0625;-82.875;131.625;-0.64447021484375;0.29052734375;-0.67572021484375;-0.2088623046875;-0.14900000393390656;0.6150000095367432;0.32100000977516174;-0.9730000495910645;-0.09000000357627869;-0.08000000566244125
695219.0;-1.1230000257492065;0.5240000486373901;0.24000000953674316;50.1875;10.25;10.5;-1105.0;-505.0;343.0;322.9375;-83.25;174.9375;-0.64385986328125;0.29351806640625;-0.6728515625;-0.21575927734375;-0.15700000524520874;0.6000000238418579;0.3240000009536743;-0.9730000495910645;-0.08500000089406967;-0.07600000500679016
695229.0;-1.13100004196167;0.5139999985694885;0.24800001084804535;50.1875;10.25;10.5;-1253.0;-532.0;339.0;321.875;-83.625;175.1875;-0.6434326171875;0.29595947265625;-0.67010498046875;-0.22216796875;-0.16300000250339508;0.5900000333786011;0.3050000071525574;-0.9740000367164612;-0.08100000023841858;-0.07100000232458115
695239.0;-1.1380000114440918;0.5080000162124634;0.2330000102519989;50.1875;10.25;10.5;-1270.0;-530.0;310.0;320.8125;-83.9375;175.4375;-0.6429443359375;0.298583984375;-0.66729736328125;-0.22857666015625;-0.17400000989437103;0.5940000414848328;0.28700000047683716;-0.9750000238418579;-0.07700000703334808;-0.06700000166893005
695249.0;-1.1490000486373901;0.5170000195503235;0.2200000137090683;50.1875;10.25;10.5;-1180.0;-575.0;313.0;319.875;-84.3125;175.6875;-0.6427001953125;0.30078125;-0.66436767578125;-0.23468017578125;-0.18900001049041748;0.6050000190734863;0.2840000092983246;-0.9750000238418579;-0.07300000637769699;-0.06200000271201134
695254.0;-1.165000081062317;0.531000018119812;0.22200001776218414;50.1875;10.25;10.5;-1029.0;-622.0;359.0;318.9375;-84.75;175.9375;-0.64276123046875;0.30218505859375;-0.66156005859375;-0.240478515625;-0.1990000158548355;0.6430000066757202;0.2770000100135803;-0.9760000705718994;-0.06800000369548798;-0.0560000017285347
695264.0;-1.1750000715255737;0.5740000009536743;0.2200000137090683;50.1875;10.25;10.5;-1029.0;-622.0;359.0;318.9375;-84.75;175.9375;-0.6424560546875;0.3046875;-0.6578369140625;-0.24822998046875;-0.2070000171661377;0.656000018119812;0.2800000011920929;-0.9770000576972961;-0.06300000101327896;-0.05000000074505806
695274.0;-1.184000015258789;0.5920000076293945;0.23000000417232513;49.5;8.0;10.0625;-890.0;-702.0;465.0;317.75;-85.25;176.25;-0.6424560546875;0.3046875;-0.6578369140625;-0.24822998046875;-0.21000000834465027;0.6640000343322754;0.2710000276565552;-0.9780000448226929;-0.0560000017285347;-0.04200000315904617
695284.0;-1.1880000829696655;0.6080000400543213;0.22800001502037048;49.5;8.0;10.0625;-811.0;-763.0;797.0;315.75;-86.5;177.125;-0.64324951171875;0.30322265625;-0.65277099609375;-0.2611083984375;-0.23400001227855682;0.6710000038146973;0.23900000751018524;-0.9780000448226929;-0.04800000041723251;-0.03500000014901161
695287.0;-1.1880000829696655;0.6080000400543213;0.22800001502037048;49.5;8.0;10.0625;-811.0;-763.0;797.0;315.75;-86.5;177.125;-0.64324951171875;0.30322265625;-0.65277099609375;-0.2611083984375;-0.23400001227855682;0.6710000038146973;0.23900000751018524;-0.9780000448226929;-0.04800000041723251;-0.03500000014901161
695297.0;-1.2130000591278076;0.6220000386238098;0.20400001108646393;49.5;8.0;10.0625;-856.0;-766.0;932.0;314.6875;-87.1875;177.75;-0.64324951171875;0.3018798828125;-0.65045166015625;-0.2684326171875;-0.2540000081062317;0.6620000600814819;0.1980000138282776;-0.9790000319480896;-0.03800000250339508;-0.027000000700354576
695307.0;-1.2330000400543213;0.6240000128746033;0.17000000178813934;49.5;8.0;10.0625;-975.0;-815.0;1041.0;313.4375;-88.0;178.375;-0.6429443359375;0.3004150390625;-0.64794921875;-0.276611328125;-0.24700000882148743;0.6360000371932983;0.19100001454353333;-0.9800000190734863;-0.027000000700354576;-0.01900000125169754
695317.0;-1.227000117301941;0.609000027179718;0.17100000381469727;49.5;8.0;10.0625;-975.0;-815.0;1041.0;313.4375;-88.0;178.375;-0.6429443359375;0.3004150390625;-0.64794921875;-0.276611328125;-0.24700000882148743;0.6360000371932983;0.19100001454353333;-0.9800000190734863;-0.015000000596046448;-0.010000000707805157
695321.0;-1.2200000286102295;0.5950000286102295;0.19300000369548798;51.0;7.6875;9.5625;-1156.0;-889.0;1157.0;311.75;-88.875;179.0625;-0.64178466796875;0.30059814453125;-0.64434814453125;-0.28741455078125;-0.24000000953674316;0.6100000143051147;0.203000009059906;-0.9800000190734863;-0.015000000596046448;-0.010000000707805157
695331.0;-1.2320001125335693;0.5630000233650208;0.21800000965595245;51.0;7.6875;9.5625;-1350.0;-964.0;1313.0;308.3125;-89.0;-0.75;-0.63970947265625;0.29754638671875;-0.63751220703125;-0.30950927734375;-0.281000018119812;0.5520000457763672;0.24000000953674316;-0.9800000190734863;0.013000000268220901;0.009000000543892384
695341.0;-1.2610000371932983;0.5649999976158142;0.25;51.0;7.6875;9.5625;-1465.0;-1035.0;1477.0;306.4375;-87.75;-1.75;-0.638427734375;0.29522705078125;-0.6337890625;-0.32183837890625;-0.30800002813339233;0.5490000247955322;0.25699999928474426;-0.9790000319480896;0.030000001192092896;0.021000001579523087
695351.0;-1.2880001068115234;0.5800000429153442;0.27900001406669617;51.0;7.6875;9.5625;-1498.0;-1126.0;1633.0;304.5625;-86.4375;-2.8125;-0.6370849609375;0.2921142578125;-0.6298828125;-0.334716796875;-0.3270000219345093;0.5390000343322754;0.2600000202655792;-0.9780000448226929;0.04800000041723251;0.03500000014901161
695356.0;-1.2880001068115234;0.5800000429153442;0.27900001406669617;51.0;7.6875;9.5625;-1498.0;-1126.0;1633.0;304.5625;-86.4375;-2.8125;-0.6370849609375;0.2921142578125;-0.6298828125;-0.334716796875;-0.3270000219345093;0.5390000343322754;0.2600000202655792;-0.9780000448226929;0.04800000041723251;0.03500000014901161
695366.0;-1.3060001134872437;0.5870000123977661;0.29500001668930054;51.0;7.6875;9.5625;-1483.0;-1219.0;1795.0;304.5625;-86.4375;-2.8125;-0.6370849609375;0.2921142578125;-0.6298828125;-0.334716796875;-0.3270000219345093;0.5390000343322754;0.2600000202655792;-0.9780000448226929;0.04800000041723251;0.03500000014901161
695376.0;-1.3170000314712524;0.5640000104904175;0.28200000524520874;50.5625;2.75;7.1875;-1460.0;-1331.0;1978.0;302.0625;-85.0;-3.9375;-0.63433837890625;0.29052734375;-0.62469482421875;-0.35076904296875;-0.3400000035762787;0.4960000216960907;0.23200000822544098;-0.9770000576972961;0.06800000369548798;0.049000002443790436
695386.0;-1.3130000829696655;0.5370000004768372;0.2930000126361847;50.5625;2.75;7.1875;-1494.0;-1481.0;2184.0;300.0;-83.4375;-5.25;-0.63092041015625;0.27984619140625;-0.615234375;-0.380859375;-0.3400000035762787;0.38200002908706665;0.20600001513957977;-0.9700000286102295;0.11300000548362732;0.08400000631809235
695396.0;-1.311000108718872;0.4960000216960907;0.2900000214576721;50.5625;2.75;7.1875;-1602.0;-1616.0;2404.0;297.75;-81.6875;-53.25;-0.6285400390625;0.273681640625;-0.60986328125;-0.3975830078125;-0.35600000619888306;0.33000001311302185;0.19200000166893005;-0.9650000333786011;0.1380000114440918;0.10400000214576721
695406.0;-1.321000099182129;0.46800002455711365;0.29600000381469727;50.5625;2.75;7.1875;-1723.0;-1704.0;2611.0;295.3125;-79.8125;-52.9375;-0.625732421875;0.26690673828125;-0.60394287109375;-0.415283203125;-0.38100001215934753;0.30300000309944153;0.20100000500679016;-0.9580000638961792;0.164000004529953;0.125
695409.0;-1.321000099182129;0.46800002455711365;0.29600000381469727;50.5625;2.75;7.1875;-1723.0;-1704.0;2611.0;295.3125;-79.8125;-52.9375;-0.625732421875;0.26690673828125;-0.60394287109375;-0.415283203125;-0.38100001215934753;0.30300000309944153;0.20100000500679016;-0.9580000638961792;0.164000004529953;0.125
695419.0;-1.340000033378601;0.46800002455711365;0.3270000219345093;50.5625;2.75;7.1875;-1834.0;-1803.0;2793.0;292.8125;-77.8125;-52.625;-0.625732421875;0.26690673828125;-0.60394287109375;-0.415283203125;-0.38100001215934753;0.30300000309944153;0.20100000500679016;-0.9580000638961792;0.164000004529953;0.125
695429.0;-1.3320000171661377;0.4970000088214874;0.3630000054836273;50.5625;-1.5625;4.6875;-1915.0;-1909.0;2944.0;290.25;-75.6875;-52.1875;-0.62249755859375;0.25958251953125;-0.59747314453125;-0.4337158203125;-0.38200002908706665;0.3060000240802765;0.2150000035762787;-0.9500000476837158;0.19100001454353333;0.14800000190734863
695439.0;-1.3130000829696655;0.5270000100135803;0.4050000309944153;50.5625;-1.5625;4.6875;-1997.0;-1996.0;3084.0;287.5625;-73.4375;-51.6875;-0.61883544921875;0.2518310546875;-0.59039306640625;-0.45281982421875;-0.3490000069141388;0.29100000858306885;0.24400001764297485;-0.9280000329017639;0.2460000067949295;0.1980000138282776
695449.0;-1.277000069618225;0.5370000004768372;0.44200003147125244;50.5625;-1.5625;4.6875;-2101.0;-2079.0;3215.0;284.875;-71.1875;-51.125;-0.61468505859375;0.24359130859375;-0.58270263671875;-0.47247314453125;-0.3410000205039978;0.2639999985694885;0.22100001573562622;-0.9140000343322754;0.27300000190734863;0.22500000894069672
695459.0;-1.25600004196167;0.5380000472068787;0.44600000977516174;50.5625;-1.5625;4.6875;-2205.0;-2137.0;3295.0;282.125;-68.8125;-50.5;-0.61004638671875;0.2352294921875;-0.5743408203125;-0.4925537109375;-0.3400000035762787;0.23400001227855682;0.22100001573562622;-0.8980000615119934;0.2990000247955322;0.25300002098083496
695461.0;-1.2390000820159912;0.534000039100647;0.4740000367164612;50.5625;-1.5625;4.6875;-2299.0;-2189.0;3322.0;279.375;-66.375;-49.75;-0.60498046875;0.226806640625;-0.5653076171875;-0.5128173828125;-0.3400000035762787;0.23400001227855682;0.22100001573562622;-0.8980000615119934;0.2990000247955322;0.25300002098083496
695471.0;-1.227000117301941;0.5120000243186951;0.49900001287460327;50.1875;-7.875;0.1875;-2373.0;-2241.0;3315.0;276.6875;-64.0;-48.9375;-0.59967041015625;0.2183837890625;-0.55548095703125;-0.53302001953125;-0.3450000286102295;0.18800000846385956;0.21800000965595245;-0.8810000419616699;0.3230000138282776;0.281000018119812
695481.0;-1.2230000495910645;0.4700000286102295;0.5230000019073486;50.1875;-7.875;0.1875;-2403.0;-2267.0;3255.0;274.125;-61.625;-48.0;-0.59423828125;0.2099609375;-0.545166015625;-0.55279541015625;-0.36000001430511475;0.12300000339746475;0.2120000123977661;-0.8630000352859497;0.3460000157356262;0.3110000193119049
695491.0;-1.2100000381469727;0.4830000102519989;0.5490000247955322;50.1875;-7.875;0.1875;-2394.0;-2311.0;3168.0;271.625;-59.25;-47.0625;-0.58880615234375;0.20159912109375;-0.53424072265625;-0.572021484375;-0.367000013589859;0.11600000411272049;0.20800000429153442;-0.843000054359436;0.3660000264644623;0.3410000205039978
695497.0;-1.2100000381469727;0.4830000102519989;0.5490000247955322;50.1875;-7.875;0.1875;-2394.0;-2311.0;3168.0;271.625;-59.25;-47.0625;-0.58880615234375;0.20159912109375;-0.53424072265625;-0.572021484375;-0.367000013589859;0.11600000411272049;0.20800000429153442;-0.843000054359436;0.3660000264644623;0.3410000205039978
695507.0;-1.1820000410079956;0.5070000290870667;0.5800000429153442;50.1875;-7.875;0.1875;-2331.0;-2384.0;3078.0;269.3125;-56.9375;-46.0;-0.5836181640625;0.19287109375;-0.52294921875;-0.590576171875;-0.36000001430511475;0.12200000882148743;0.20900000631809235;-0.8210000395774841;0.3840000033378601;0.3710000216960907
695517.0;-1.1570000648498535;0.5490000247955322;0.6190000176429749;50.1875;-7.875;0.1875;-2234.0;-2468.0;3005.0;267.125;-54.5625;-44.9375;-0.57861328125;0.1837158203125;-0.51129150390625;-0.60833740234375;-0.3570000231266022;0.14800000190734863;0.21700000762939453;-0.7990000247955322;0.4010000228881836;0.4010000228881836
695527.0;-1.1150000095367432;0.6330000162124634;0.6610000133514404;47.25;-17.1875;-9.25;-2165.0;-2550.0;2973.0;265.0;-52.1875;-43.9375;-0.57366943359375;0.174072265625;-0.499267578125;-0.62554931640625;-0.3400000035762787;0.2160000056028366;0.2290000170469284;-0.7750000357627869;0.41600000858306885;0.4320000112056732
695537.0;-1.097000002861023;0.6420000195503235;0.6680000424385071;47.25;-17.1875;-9.25;-2121.0;-2610.0;2975.0;263.0;-49.8125;-42.9375;-0.568603515625;0.16400146484375;-0.4869384765625;-0.64239501953125;-0.34700000286102295;0.2110000103712082;0.20500001311302185;-0.7490000128746033;0.4300000071525574;0.4620000123977661
695547.0;-1.058000087738037;0.6230000257492065;0.6680000424385071;47.25;-17.1875;-9.25;-2091.0;-2660.0;2976.0;261.0625;-47.4375;-41.9375;-0.56341552734375;0.153564453125;-0.47430419921875;-0.6588134765625;-0.3360000252723694;0.18000000715255737;0.17400000989437103;-0.7220000624656677;0.44300001859664917;0.4930000305175781
695549.0;-1.058000087738037;0.6230000257492065;0.6680000424385071;47.25;-17.1875;-9.25;-2091.0;-2660.0;2976.0;261.0625;-47.4375;-41.9375;-0.56341552734375;0.153564453125;-0.47430419921875;-0.6588134765625;-0.3360000252723694;0.18000000715255737;0.17400000989437103;-0.7220000624656677;0.44300001859664917;0.4930000305175781
695559.0;-1.0230000019073486;0.5940000414848328;0.6850000619888306;47.25;-17.1875;-9.25;-2064.0;-2702.0;2956.0;259.125;-45.0;-40.9375;-0.55804443359375;0.142822265625;-0.46136474609375;-0.67474365234375;-0.328000009059906;0.13900001347064972;0.16200000047683716;-0.6940000057220459;0.4540000259876251;0.5230000019073486
695569.0;-0.9790000319480896;0.5570000410079956;0.7070000171661377;47.25;-17.1875;-9.25;-1968.0;-2719.0;2930.0;257.375;-42.625;-40.0;-0.5526123046875;0.13177490234375;-0.44842529296875;-0.6900634765625;-0.3150000274181366;0.09300000220537186;0.1550000011920929;-0.6640000343322754;0.46400001645088196;0.5520000457763672
695579.0;-0.9590000510215759;0.5700000524520874;0.7570000290870667;41.25;-22.6875;-16.25;-1555.0;-2739.0;2874.0;255.6875;-40.25;-39.3125;-0.54736328125;0.1195068359375;-0.4366455078125;-0.703857421875;-0.32600000500679016;0.0950000062584877;0.17800000309944153;-0.6330000162124634;0.4740000367164612;0.578000009059906
695585.0;-0.921000063419342;0.5980000495910645;0.8040000200271606;41.25;-22.6875;-16.25;-1555.0;-2739.0;2874.0;254.125;-37.875;-38.625;-0.54193115234375;0.107177734375;-0.4246826171875;-0.71728515625;-0.3190000057220459;0.11400000751018524;0.1990000158548355;-0.6020000576972961;0.4830000102519989;0.6040000319480896
695595.0;-0.8550000190734863;0.6740000247955322;0.9120000600814819;41.25;-22.6875;-16.25;-1364.0;-2764.0;2825.0;252.625;-35.5;-38.0;-0.5364990234375;0.09423828125;-0.4130859375;-0.72979736328125;-0.28600001335144043;0.18200001120567322;0.2840000092983246;-0.5690000057220459;0.492000013589859;0.628000020980835
695605.0;-0.8440000414848328;0.7020000219345093;0.9670000672340393;41.25;-22.6875;-16.25;-1275.0;-2787.0;2594.0;251.3125;-33.1875;-37.375;-0.5318603515625;0.0814208984375;-0.4014892578125;-0.74114990234375;-0.3070000112056732;0.203000009059906;0.3150000274181366;-0.5370000004768372;0.49800002574920654;0.6510000228881836
695615.0;-0.8440000414848328;0.7070000171661377;0.9750000238418579;41.25;-22.6875;-16.25;-1365.0;-2822.0;2398.0;250.125;-30.9375;-36.625;-0.5277099609375;0.06915283203125;-0.38916015625;-0.7518310546875;-0.33900001645088196;0.20400001108646393;0.30100002884864807;-0.5040000081062317;0.5020000338554382;0.6740000247955322
695625.0;-0.8440000414848328;0.7070000171661377;0.9750000238418579;34.25;-26.75;-22.875;-1496.0;-2871.0;2225.0;249.0;-28.75;-35.8125;-0.52410888671875;0.05731201171875;-0.3759765625;-0.76202392578125;-0.3660000264644623;0.20600001513957977;0.2540000081062317;-0.47200003266334534;0.5020000338554382;0.6960000395774841
695635.0;-0.8380000591278076;0.7090000510215759;0.9510000348091125;34.25;-26.75;-22.875;-1614.0;-2922.0;2138.0;248.0;-26.5625;-34.8125;-0.520751953125;0.0457763671875;-0.3619384765625;-0.7718505859375;-0.320000022649765;0.16600000858306885;0.203000009059906;-0.43800002336502075;0.5010000467300415;0.7190000414848328
695639.0;-0.8380000591278076;0.7090000510215759;0.9510000348091125;34.25;-26.75;-22.875;-1614.0;-2922.0;2138.0;248.0;-26.5625;-34.8125;-0.520751953125;0.0457763671875;-0.3619384765625;-0.7718505859375;-0.320000022649765;0.16600000858306885;0.203000009059906;-0.43800002336502075;0.5010000467300415;0.7190000414848328
695649.0;-0.7590000629425049;0.6670000553131104;0.9220000505447388;34.25;-26.75;-22.875;-1695.0;-2984.0;2120.0;247.0;-24.375;-33.8125;-0.51727294921875;0.03424072265625;-0.3472900390625;-0.78143310546875;-0.32100000977516174;0.1380000114440918;0.1850000023841858;-0.40400001406669617;0.4970000088214874;0.7410000562667847
695659.0;-0.7260000109672546;0.6350000500679016;0.9270000457763672;34.25;-26.75;-22.875;-1733.0;-3067.0;2110.0;246.0;-22.125;-32.8125;-0.51373291015625;0.0224609375;-0.33203125;-0.790771484375;-0.3490000069141388;0.10700000822544098;0.1469999998807907;-0.36900001764297485;0.492000013589859;0.7630000114440918
695669.0;-0.718000054359436;0.5990000367164612;0.9110000729560852;34.25;-26.75;-22.875;-1751.0;-3153.0;2094.0;245.0625;-19.8125;-31.75;-0.51019287109375;0.01031494140625;-0.31634521484375;-0.7996826171875;-0.3920000195503235;0.09700000286102295;0.10500000417232513;-0.3320000171661377;0.48500001430511475;0.784000039100647
695673.0;-0.7250000238418579;0.5830000042915344;0.8890000581741333;34.25;-26.75;-22.875;-1751.0;-3153.0;2094.0;245.0625;-19.8125;-31.75;-0.50640869140625;-0.00201416015625;-0.3001708984375;-0.808349609375;-0.39400002360343933;0.09300000220537186;0.04000000283122063;-0.2939999997615814;0.47700002789497375;0.8030000329017639
695683.0;-0.6890000104904175;0.5710000395774841;0.8440000414848328;26.5;-28.25;-30.375;-1782.0;-3231.0;2117.0;244.125;-17.5;-30.6875;-0.5023193359375;-0.0146484375;-0.28350830078125;-0.8167724609375;-0.4020000100135803;0.10100000351667404;0.0;-0.2550000250339508;0.46800002455711365;0.8220000267028809
695693.0;-0.6580000519752502;0.5690000057220459;0.8230000138282776;26.5;-28.25;-30.375;-1829.0;-3339.0;2213.0;242.1875;-12.6875;-28.5625;-0.49774169921875;-0.02752685546875;-0.26654052734375;-0.82489013671875;-0.4150000214576721;0.10100000351667404;-0.04700000211596489;-0.2150000035762787;0.4580000340938568;0.8390000462532043
695703.0;-0.6300000548362732;0.5590000152587891;0.7920000553131104;26.5;-28.25;-30.375;-1813.0;-3355.0;2250.0;241.1875;-10.25;-27.5;-0.4927978515625;-0.04052734375;-0.2493896484375;-0.8326416015625;-0.39100003242492676;0.058000002056360245;-0.11100000888109207;-0.17400000989437103;0.44600000977516174;0.8550000190734863
695707.0;-0.6300000548362732;0.5590000152587891;0.7920000553131104;26.5;-28.25;-30.375;-1813.0;-3355.0;2250.0;241.1875;-10.25;-27.5;-0.4927978515625;-0.04052734375;-0.2493896484375;-0.8326416015625;-0.39100003242492676;0.058000002056360245;-0.11100000888109207;-0.17400000989437103;0.44600000977516174;0.8550000190734863
695717.0;-0.5660000443458557;0.5049999952316284;0.7440000176429749;26.5;-28.25;-30.375;-1765.0;-3349.0;2286.0;240.25;-7.8125;-26.5;-0.4874267578125;-0.05364990234375;-0.23236083984375;-0.8399658203125;-0.3850000202655792;0.04000000283122063;-0.1469999998807907;-0.13300000131130219;0.43400001525878906;0.8690000176429749
695727.0;-0.5190000534057617;0.4740000367164612;0.7210000157356262;26.5;-28.25;-30.375;-1765.0;-3349.0;2286.0;240.25;-7.8125;-26.5;-0.4874267578125;-0.05364990234375;-0.23236083984375;-0.8399658203125;-0.3920000195503235;0.02200000174343586;-0.1980000138282776;-0.09200000762939453;0.42100003361701965;0.8800000548362732
695737.0;-0.48500001430511475;0.44300001859664917;0.6810000538825989;16.875;-27.875;-36.1875;-1679.0;-3343.0;2321.0;239.25;-5.375;-25.5625;-0.4815673828125;-0.06695556640625;-0.21563720703125;-0.8468017578125;-0.3920000195503235;0.02200000174343586;-0.1980000138282776;-0.05100000277161598;0.40800002217292786;0.8890000581741333
695742.0;-0.4440000355243683;0.39900001883506775;0.6610000133514404;16.875;-27.875;-36.1875;-1535.0;-3313.0;2366.0;237.125;-0.5625;-23.8125;-0.46820068359375;-0.0943603515625;-0.18402099609375;-0.85906982421875;-0.3190000057220459;-0.05300000309944153;-0.26200002431869507;-0.009000000543892384;0.3960000276565552;0.8960000276565552
695752.0;-0.3290000259876251;0.34200000762939453;0.6340000033378601;16.875;-27.875;-36.1875;-1361.0;-3269.0;2416.0;236.0625;1.75;-23.0625;-0.4608154296875;-0.10833740234375;-0.1693115234375;-0.86444091796875;-0.2970000207424164;-0.03800000250339508;-0.25;0.030000001192092896;0.3840000033378601;0.9010000228881836
695762.0;-0.26600000262260437;0.3460000157356262;0.6500000357627869;16.875;-27.875;-36.1875;-1217.0;-3219.0;2431.0;235.0625;4.125;-22.375;-0.45330810546875;-0.1220703125;-0.15478515625;-0.8692626953125;-0.2880000174045563;-0.020000001415610313;-0.2330000102519989;0.07000000029802322;0.3720000088214874;0.9040000438690186
695772.0;-0.21800000965595245;0.35100001096725464;0.6710000038146973;16.875;-27.875;-36.1875;-1180.0;-3187.0;2390.0;235.0625;4.125;-22.375;-0.45330810546875;-0.1220703125;-0.15478515625;-0.8692626953125;-0.2880000174045563;-0.020000001415610313;-0.2330000102519989;0.07000000029802322;0.3720000088214874;0.9040000438690186
695776.0;-0.21800000965595245;0.35100001096725464;0.6710000038146973;16.875;-27.875;-36.1875;-1180.0;-3187.0;2390.0;235.0625;4.125;-22.375;-0.45330810546875;-0.1220703125;-0.15478515625;-0.8692626953125;-0.2880000174045563;-0.020000001415610313;-0.2330000102519989;0.07000000029802322;0.3720000088214874;0.9040000438690186
695786.0;-0.19700001180171967;0.34700000286102295;0.6830000281333923;6.5;-25.75;-40.25;-1265.0;-3167.0;2303.0;234.0625;6.375;-21.5;-0.446044921875;-0.13543701171875;-0.13983154296875;-0.87359619140625;-0.3070000112056732;-0.010000000707805157;-0.22200001776218414;0.10900000482797623;0.3580000102519989;0.906000018119812
695796.0;-0.15600000321865082;0.3290000259876251;0.6190000176429749;6.5;-25.75;-40.25;-1387.0;-3126.0;2225.0;233.125;8.625;-20.625;-0.43206787109375;-0.16058349609375;-0.10888671875;-0.8807373046875;-0.27900001406669617;-0.01900000125169754;-0.31300002336502075;0.1850000023841858;0.3240000009536743;0.906000018119812
695806.0;-0.09400000423192978;0.3050000071525574;0.5920000076293945;6.5;-25.75;-40.25;-1440.0;-3098.0;2150.0;232.25;10.875;-19.625;-0.42523193359375;-0.1727294921875;-0.093505859375;-0.883544921875;-0.24400001764297485;-0.04400000348687172;-0.30100002884864807;0.22100001573562622;0.3060000240802765;0.9040000438690186
695811.0;-0.023000001907348633;0.26100000739097595;0.6030000448226929;6.5;-25.75;-40.25;-1425.0;-3057.0;2096.0;231.375;13.0;-18.625;-0.41839599609375;-0.1849365234375;-0.07855224609375;-0.8857421875;-0.24500000476837158;-0.055000003427267075;-0.27300000190734863;0.25600001215934753;0.2880000174045563;0.9010000228881836
695821.0;0.01100000087171793;0.23200000822544098;0.628000020980835;6.5;-25.75;-40.25;-1335.0;-3047.0;2021.0;230.5625;15.125;-17.6875;-0.41839599609375;-0.1849365234375;-0.07855224609375;-0.8857421875;-0.24500000476837158;-0.055000003427267075;-0.27300000190734863;0.25600001215934753;0.2880000174045563;0.9010000228881836
695831.0;0.03200000151991844;0.23200000822544098;0.6820000410079956;-2.25;-23.5625;-43.1875;-1194.0;-3041.0;1881.0;229.75;17.25;-16.8125;-0.4119873046875;-0.19720458984375;-0.064453125;-0.88726806640625;-0.2580000162124634;-0.03800000250339508;-0.21300001442432404;0.29100000858306885;0.2710000276565552;0.8960000276565552
695841.0;0.0560000017285347;0.2120000123977661;0.7080000042915344;-2.25;-23.5625;-43.1875;-1052.0;-3022.0;1744.0;229.0625;19.3125;-16.0;-0.40582275390625;-0.20965576171875;-0.05108642578125;-0.88812255859375;-0.28600001335144043;-0.06700000166893005;-0.18200001120567322;0.3570000231266022;0.2410000115633011;0.8800000548362732
695841.0;0.0560000017285347;0.2120000123977661;0.7080000042915344;-2.25;-23.5625;-43.1875;-1052.0;-3022.0;1744.0;229.0625;19.3125;-16.0;-0.40582275390625;-0.20965576171875;-0.05108642578125;-0.88812255859375;-0.28600001335144043;-0.06700000166893005;-0.18200001120567322;0.3570000231266022;0.2410000115633011;0.8800000548362732
695851.0;0.07100000232458115;0.1730000078678131;0.6980000138282776;-2.25;-23.5625;-43.1875;-927.0;-3031.0;1649.0;228.4375;21.3125;-15.3125;-0.39990234375;-0.2222900390625;-0.0384521484375;-0.88836669921875;-0.26900002360343933;-0.08400000631809235;-0.18200001120567322;0.3890000283718109;0.22700001299381256;0.8700000643730164
695861.0;0.11900000274181366;0.1420000046491623;0.6880000233650208;-2.25;-23.5625;-43.1875;-816.0;-3043.0;1597.0;227.8125;23.375;-14.625;-0.39385986328125;-0.235107421875;-0.02630615234375;-0.88818359375;-0.2900000214576721;-0.05100000277161598;-0.1980000138282776;0.42100003361701965;0.21400001645088196;0.859000027179718
695871.0;0.1300000101327896;0.16200000047683716;0.6600000262260437;-2.25;-23.5625;-43.1875;-725.0;-3072.0;1590.0;227.1875;25.375;-13.9375;-0.3876953125;-0.2481689453125;-0.0145263671875;-0.88763427734375;-0.2900000214576721;-0.05100000277161598;-0.1980000138282776;0.42100003361701965;0.21400001645088196;0.859000027179718
695881.0;0.1340000033378601;0.20100000500679016;0.6340000033378601;-12.875;-20.1875;-42.75;-673.0;-3115.0;1614.0;226.5;27.4375;-13.3125;-0.38116455078125;-0.261474609375;-0.00286865234375;-0.88671875;-0.31800001859664917;0.0010000000474974513;-0.2120000123977661;0.4520000219345093;0.20000000298023224;0.8460000157356262
695891.0;0.14300000667572021;0.21800000965595245;0.6180000305175781;-12.875;-20.1875;-42.75;-621.0;-3135.0;1688.0;225.75;29.5625;-12.625;-0.3741455078125;-0.27490234375;0.0086669921875;-0.88568115234375;-0.3400000035762787;0.03200000151991844;-0.21400001645088196;0.4830000102519989;0.1860000044107437;0.8320000171661377
695901.0;0.1550000011920929;0.18200001120567322;0.5600000023841858;-12.875;-20.1875;-42.75;-587.0;-3152.0;1805.0;224.9375;31.625;-11.875;-0.3663330078125;-0.288330078125;0.020263671875;-0.88446044921875;-0.3580000102519989;0.010000000707805157;-0.25600001215934753;0.5139999985694885;0.1720000058412552;0.8160000443458557
695904.0;0.1550000011920929;0.18200001120567322;0.5600000023841858;-12.875;-20.1875;-42.75;-587.0;-3152.0;1805.0;224.9375;31.625;-11.875;-0.3663330078125;-0.288330078125;0.020263671875;-0.88446044921875;-0.3580000102519989;0.010000000707805157;-0.25600001215934753;0.5139999985694885;0.1720000058412552;0.8160000443458557
695914.0;0.1730000078678131;0.15000000596046448;0.5550000071525574;-12.875;-20.1875;-42.75;-536.0;-3170.0;1940.0;224.0625;33.75;-11.0625;-0.357666015625;-0.30181884765625;0.0318603515625;-0.8831787109375;-0.3710000216960907;-0.006000000052154064;-0.24400001764297485;0.5450000166893005;0.15600000321865082;0.800000011920929
695924.0;0.203000009059906;0.10200000554323196;0.581000030040741;-12.875;-20.1875;-42.75;-481.0;-3159.0;2111.0;223.0625;35.875;-10.125;-0.34796142578125;-0.31524658203125;0.04339599609375;-0.8818359375;-0.3710000216960907;-0.03700000047683716;-0.20000000298023224;0.5740000009536743;0.14000000059604645;0.7820000648498535
695934.0;0.2150000035762787;0.05400000140070915;0.5870000123977661;-20.5625;-16.875;-41.5625;-497.0;-3174.0;2250.0;221.9375;38.0;-9.0625;-0.3375244140625;-0.3284912109375;0.0552978515625;-0.88037109375;-0.3880000114440918;-0.06700000166893005;-0.17500001192092896;0.6030000448226929;0.12200000882148743;0.7630000114440918
695938.0;0.2150000035762787;0.05400000140070915;0.5870000123977661;-20.5625;-16.875;-41.5625;-497.0;-3174.0;2250.0;221.9375;38.0;-9.0625;-0.3375244140625;-0.3284912109375;0.0552978515625;-0.88037109375;-0.3880000114440918;-0.06700000166893005;-0.17500001192092896;0.6030000448226929;0.12200000882148743;0.7630000114440918
695948.0;0.2370000183582306;0.04200000315904617;0.4830000102519989;-20.5625;-16.875;-41.5625;-584.0;-3204.0;2264.0;220.8125;40.0625;-7.8125;-0.3270263671875;-0.34161376953125;0.067626953125;-0.8785400390625;-0.39400002360343933;-0.06000000238418579;-0.2590000033378601;0.6310000419616699;0.10200000554323196;0.7420000433921814
695958.0;0.28700000047683716;0.049000002443790436;0.43800002336502075;-20.5625;-16.875;-41.5625;-725.0;-3230.0;2231.0;219.75;42.1875;-6.4375;-0.3167724609375;-0.3544921875;0.08056640625;-0.8760986328125;-0.3710000216960907;-0.03200000151991844;-0.28300002217292786;0.659000039100647;0.08100000023841858;0.7210000157356262
695968.0;0.3190000057220459;0.06200000271201134;0.4050000309944153;-20.5625;-16.875;-41.5625;-924.0;-3240.0;2210.0;218.6875;44.3125;-4.8125;-0.30682373046875;-0.36688232421875;0.0943603515625;-0.87310791015625;-0.36500000953674316;0.003000000026077032;-0.2939999997615814;0.6850000619888306;0.05900000408291817;0.6990000605583191
695972.0;0.32500001788139343;0.08500000089406967;0.33100003004074097;-20.5625;-16.875;-41.5625;-1111.0;-3209.0;2158.0;217.75;46.3125;-2.9375;-0.29736328125;-0.37872314453125;0.10882568359375;-0.86962890625;-0.3840000033378601;0.05000000074505806;-0.3440000116825104;0.7090000510215759;0.03500000014901161;0.6760000586509705
695982.0;0.32200002670288086;0.06100000441074371;0.3050000071525574;-29.875;-14.0;-37.375;-1215.0;-3190.0;2118.0;216.8125;48.3125;-0.875;-0.28814697265625;-0.39013671875;0.1236572265625;-0.86572265625;-0.4090000092983246;0.05000000074505806;-0.34700000286102295;0.7320000529289246;0.010000000707805157;0.6520000100135803
695992.0;0.32200002670288086;0.06100000441074371;0.3050000071525574;-29.875;-14.0;-37.375;-1201.0;-3180.0;2148.0;215.8125;50.1875;1.3125;-0.2786865234375;-0.4013671875;0.13836669921875;-0.8614501953125;-0.42100003361701965;0.039000000804662704;-0.37300002574920654;0.753000020980835;-0.014000000432133675;0.6270000338554382
696002.0;0.36100003123283386;-0.00800000037997961;0.1770000010728836;-29.875;-14.0;-37.375;-1018.0;-3191.0;2163.0;214.75;52.0625;3.625;-0.26861572265625;-0.4127197265625;0.1522216796875;-0.85693359375;-0.41200003027915955;0.029000001028180122;-0.4230000078678131;0.7730000615119934;-0.03800000250339508;0.6010000109672546
696006.0;0.36100003123283386;-0.00800000037997961;0.1770000010728836;-29.875;-14.0;-37.375;-1018.0;-3191.0;2163.0;214.75;52.0625;3.625;-0.26861572265625;-0.4127197265625;0.1522216796875;-0.85693359375;-0.41200003027915955;0.029000001028180122;-0.4230000078678131;0.7730000615119934;-0.03800000250339508;0.6010000109672546
696016.0;0.4280000329017639;-0.0560000017285347;0.024000000208616257;-29.875;-14.0;-37.375;-702.0;-3184.0;2129.0;213.625;53.875;6.0;-0.25787353515625;-0.42431640625;0.16455078125;-0.852294921875;-0.3630000054836273;0.003000000026077032;-0.5490000247955322;0.7920000553131104;-0.06000000238418579;0.5740000009536743
696026.0;0.3750000298023224;-0.08900000154972076;-0.03800000250339508;-29.875;-14.0;-37.375;-366.0;-3145.0;2176.0;212.375;55.625;8.375;-0.24615478515625;-0.43597412109375;0.17529296875;-0.84771728515625;-0.43300002813339233;-0.00800000037997961;-0.5860000252723694;0.8090000152587891;-0.08000000566244125;0.5470000505447388
696036.0;0.3750000298023224;-0.08900000154972076;-0.03800000250339508;-36.1875;-7.5625;-34.5;-278.0;-2992.0;2666.0;210.6875;57.125;11.4375;-0.23199462890625;-0.44647216796875;0.1865234375;-0.84381103515625;-0.34300002455711365;0.04200000315904617;-0.6210000514984131;0.8230000138282776;-0.10500000417232513;0.5210000276565552
696041.0;0.48000001907348633;-0.06200000271201134;-0.10000000149011612;-36.1875;-7.5625;-34.5;-432.0;-2795.0;2617.0;209.125;58.375;14.75;-0.21856689453125;-0.4556884765625;0.197998046875;-0.83984375;-0.2510000169277191;0.0560000017285347;-0.6230000257492065;0.8350000381469727;-0.1300000101327896;0.4960000216960907
696051.0;0.5840000510215759;-0.07400000095367432;-0.12700000405311584;-36.1875;-7.5625;-34.5;-693.0;-2520.0;2352.0;207.8125;59.4375;18.125;-0.2071533203125;-0.46356201171875;0.20965576171875;-0.83563232421875;-0.2510000169277191;-0.05400000140070915;-0.6160000562667847;0.8440000414848328;-0.1550000011920929;0.47300001978874207
696061.0;0.593000054359436;-0.21000000834465027;-0.14300000667572021;-36.1875;-7.5625;-34.5;-963.0;-2302.0;2294.0;206.625;60.3125;21.8125;-0.19683837890625;-0.47003173828125;0.22198486328125;-0.831298828125;-0.28700000047683716;-0.08500000089406967;-0.5870000123977661;0.8520000576972961;-0.18000000715255737;0.45000001788139343
696071.0;0.5640000104904175;-0.26600000262260437;-0.13600000739097595;-36.1875;-7.5625;-34.5;-1173.0;-2145.0;2181.0;205.5625;60.9375;25.5625;-0.1876220703125;-0.4755859375;0.2347412109375;-0.82672119140625;-0.2750000059604645;-0.08300000429153442;-0.5600000023841858;0.8570000529289246;-0.20500001311302185;0.4280000329017639
696074.0;0.5640000104904175;-0.26600000262260437;-0.13600000739097595;-36.1875;-7.5625;-34.5;-1173.0;-2145.0;2181.0;205.5625;60.9375;25.5625;-0.1876220703125;-0.4755859375;0.2347412109375;-0.82672119140625;-0.2750000059604645;-0.08300000429153442;-0.5600000023841858;0.8570000529289246;-0.20500001311302185;0.4280000329017639
696084.0;0.5820000171661377;-0.2880000174045563;-0.13100001215934753;-36.1875;-7.5625;-34.5;-1173.0;-2145.0;2181.0;204.3125;61.4375;29.4375;-0.1773681640625;-0.4810791015625;0.24639892578125;-0.82244873046875;-0.27000001072883606;-0.07800000160932541;-0.5290000438690186;0.8610000610351562;-0.23000000417232513;0.40700000524520874
696094.0;0.5910000205039978;-0.30800002813339233;-0.12200000882148743;-42.0;-2.75;-27.5;-1297.0;-2021.0;2069.0;204.3125;61.4375;29.4375;-0.16937255859375;-0.48553466796875;0.25897216796875;-0.817626953125;-0.29600000381469727;-0.0990000069141388;-0.5850000381469727;0.8640000224113464;-0.2540000081062317;0.38600000739097595
696104.0;0.5680000185966492;-0.3530000150203705;-0.1990000158548355;-42.0;-2.75;-27.5;-1178.0;-1877.0;1965.0;202.4375;62.0625;37.0625;-0.16131591796875;-0.4898681640625;0.270751953125;-0.8128662109375;-0.26500001549720764;-0.1290000081062317;-0.6260000467300415;0.8660000562667847;-0.2760000228881836;0.3660000264644623
696108.0;0.5680000185966492;-0.3530000150203705;-0.1990000158548355;-42.0;-2.75;-27.5;-1178.0;-1877.0;1965.0;202.4375;62.0625;37.0625;-0.16131591796875;-0.4898681640625;0.270751953125;-0.8128662109375;-0.26500001549720764;-0.1290000081062317;-0.6260000467300415;0.8660000562667847;-0.2760000228881836;0.3660000264644623
696118.0;0.6000000238418579;-0.406000018119812;-0.2590000033378601;-42.0;-2.75;-27.5;-968.0;-1840.0;1909.0;201.375;62.1875;40.625;-0.1529541015625;-0.494140625;0.2813720703125;-0.8082275390625;-0.22800001502037048;-0.1730000078678131;-0.6540000438690186;0.8670000433921814;-0.2970000207424164;0.3460000157356262
696128.0;0.6390000581741333;-0.4710000157356262;-0.30800002813339233;-42.0;-2.75;-27.5;-743.0;-1755.0;1827.0;200.375;62.25;44.0;-0.14453125;-0.498291015625;0.29071044921875;-0.803955078125;-0.1510000079870224;-0.30000001192092896;-0.6840000152587891;0.8680000305175781;-0.31700000166893005;0.3270000219345093
696138.0;0.7160000205039978;-0.6170000433921814;-0.35600000619888306;-42.0;-2.75;-27.5;-743.0;-1755.0;1827.0;200.375;62.25;44.0;-0.14453125;-0.498291015625;0.29071044921875;-0.803955078125;-0.15200001001358032;-0.3160000145435333;-0.6180000305175781;0.8670000433921814;-0.33400002121925354;0.3100000023841858
696143.0;0.7150000333786011;-0.6510000228881836;-0.3070000112056732;-45.6875;5.5;-24.1875;-574.0;-1654.0;1692.0;199.0625;62.1875;47.0625;-0.1343994140625;-0.5029296875;0.297607421875;-0.80029296875;-0.15200001001358032;-0.3160000145435333;-0.6180000305175781;0.8670000433921814;-0.3500000238418579;0.29500001668930054
696153.0;0.6700000166893005;-0.6570000052452087;-0.2590000033378601;-45.6875;5.5;-24.1875;-484.0;-1525.0;1551.0;197.125;62.0;52.375;-0.11956787109375;-0.510009765625;0.31134033203125;-0.79290771484375;-0.23100000619888306;-0.3070000112056732;-0.5090000033378601;0.8660000562667847;-0.36400002241134644;0.2800000011920929
696163.0;0.6340000033378601;-0.6710000038146973;-0.2290000170469284;-45.6875;5.5;-24.1875;-416.0;-1433.0;1406.0;196.25;61.875;54.6875;-0.11297607421875;-0.5133056640625;0.31689453125;-0.78948974609375;-0.2410000115633011;-0.3400000035762787;-0.4750000238418579;0.8650000691413879;-0.3760000169277191;0.26600000262260437
696173.0;0.6230000257492065;-0.7170000076293945;-0.20800000429153442;-45.6875;5.5;-24.1875;-320.0;-1344.0;1261.0;195.375;61.75;56.6875;-0.10638427734375;-0.51666259765625;0.3214111328125;-0.78643798828125;-0.22700001299381256;-0.3460000157356262;-0.45100003480911255;0.8630000352859497;-0.38700002431869507;0.2540000081062317
696177.0;0.6230000257492065;-0.7170000076293945;-0.20800000429153442;-45.6875;5.5;-24.1875;-320.0;-1344.0;1261.0;195.375;61.75;56.6875;-0.10638427734375;-0.51666259765625;0.3214111328125;-0.78643798828125;-0.22700001299381256;-0.3460000157356262;-0.45100003480911255;0.8630000352859497;-0.38700002431869507;0.2540000081062317
696187.0;0.6360000371932983;-0.734000027179718;-0.19600000977516174;-45.6875;5.5;-24.1875;-150.0;-1285.0;1156.0;195.375;61.75;56.6875;-0.10638427734375;-0.51666259765625;0.3214111328125;-0.78643798828125;-0.22700001299381256;-0.3460000157356262;-0.45100003480911255;0.8630000352859497;-0.38700002431869507;0.2540000081062317
696197.0;0.6150000095367432;-0.7190000414848328;-0.20200000703334808;-46.5;9.5;-19.6875;46.0;-1264.0;1034.0;194.5;61.625;58.5;-0.099853515625;-0.5201416015625;0.32470703125;-0.78363037109375;-0.24700000882148743;-0.32200002670288086;-0.445000022649765;0.862000048160553;-0.3970000147819519;0.24300001561641693
696207.0;0.6170000433921814;-0.7130000591278076;-0.22100001573562622;-46.5;9.5;-19.6875;218.0;-1241.0;904.0;193.625;61.5;60.0625;-0.08709716796875;-0.527587890625;0.32830810546875;-0.77862548828125;-0.21400001645088196;-0.3050000071525574;-0.49500003457069397;0.8610000610351562;-0.41100001335144043;0.22300000488758087
696212.0;0.6470000147819519;-0.7160000205039978;-0.2720000147819519;-46.5;9.5;-19.6875;330.0;-1202.0;786.0;192.75;61.4375;61.4375;-0.0811767578125;-0.53131103515625;0.32928466796875;-0.7763671875;-0.23900000751018524;-0.27400001883506775;-0.45600003004074097;0.8610000610351562;-0.41600000858306885;0.21400001645088196
696222.0;0.6210000514984131;-0.6910000443458557;-0.2410000115633011;-46.5;9.5;-19.6875;376.0;-1159.0;703.0;191.875;61.4375;62.75;-0.07562255859375;-0.53497314453125;0.330078125;-0.7740478515625;-0.2770000100135803;-0.2370000183582306;-0.39000001549720764;0.8610000610351562;-0.42100003361701965;0.20500001311302185
696232.0;0.5830000042915344;-0.6580000519752502;-0.18400001525878906;-46.5;9.5;-19.6875;346.0;-1135.0;631.0;191.125;61.375;64.0;-0.07562255859375;-0.53497314453125;0.330078125;-0.7740478515625;-0.2770000100135803;-0.2370000183582306;-0.39000001549720764;0.8610000610351562;-0.42100003361701965;0.20500001311302185
696242.0;0.5980000495910645;-0.6520000100135803;-0.15000000596046448;-47.0625;13.1875;-17.25;259.0;-1095.0;580.0;190.4375;61.375;65.1875;-0.07061767578125;-0.53851318359375;0.33111572265625;-0.7716064453125;-0.26200002431869507;-0.22600001096725464;-0.34700000286102295;0.8600000143051147;-0.42600002884864807;0.19600000977516174
696246.0;0.5980000495910645;-0.6520000100135803;-0.15000000596046448;-47.0625;13.1875;-17.25;259.0;-1095.0;580.0;190.4375;61.375;65.1875;-0.07061767578125;-0.53851318359375;0.33111572265625;-0.7716064453125;-0.26200002431869507;-0.22600001096725464;-0.34700000286102295;0.8600000143051147;-0.42600002884864807;0.19600000977516174
696256.0;0.6150000095367432;-0.6810000538825989;-0.14900000393390656;-47.0625;13.1875;-17.25;154.0;-1023.0;545.0;189.8125;61.3125;66.375;-0.066162109375;-0.54180908203125;0.3323974609375;-0.7691650390625;-0.23100000619888306;-0.2630000114440918;-0.3840000033378601;0.859000027179718;-0.4350000321865082;0.18000000715255737
696266.0;0.628000020980835;-0.6990000605583191;-0.203000009059906;-47.0625;13.1875;-17.25;108.0;-927.0;540.0;189.1875;61.25;67.5;-0.06201171875;-0.54461669921875;0.3338623046875;-0.766845703125;-0.19600000977516174;-0.26900002360343933;-0.43800002336502075;0.8580000400543213;-0.4400000274181366;0.1730000078678131
696276.0;0.6620000600814819;-0.7090000510215759;-0.26500001549720764;-47.0625;13.1875;-17.25;138.0;-839.0;509.0;188.625;61.125;68.5;-0.05810546875;-0.54718017578125;0.33502197265625;-0.76483154296875;-0.19600000977516174;-0.26900002360343933;-0.43800002336502075;0.8580000400543213;-0.4440000355243683;0.16700001060962677
696281.0;0.706000030040741;-0.7250000238418579;-0.3620000183582306;-47.0625;13.1875;-17.25;174.0;-726.0;460.0;188.125;61.0;69.3125;-0.054443359375;-0.54931640625;0.33587646484375;-0.76318359375;-0.15200001001358032;-0.281000018119812;-0.5300000309944153;0.8580000400543213;-0.4440000355243683;0.16700001060962677
696291.0;0.6940000057220459;-0.7070000171661377;-0.3500000238418579;-46.75;13.5625;-13.5;150.0;-610.0;404.0;187.6875;60.9375;70.0;-0.05126953125;-0.5511474609375;0.33660888671875;-0.76177978515625;-0.16300000250339508;-0.2600000202655792;-0.5130000114440918;0.8570000529289246;-0.44700002670288086;0.16200000047683716
696301.0;0.6850000619888306;-0.690000057220459;-0.359000027179718;-46.75;13.5625;-13.5;49.0;-483.0;347.0;187.3125;60.8125;70.5625;-0.04888916015625;-0.552490234375;0.3375244140625;-0.76055908203125;-0.17100000381469727;-0.23900000751018524;-0.5170000195503235;0.8560000658035278;-0.45000001788139343;0.15800000727176666
696311.0;0.6820000410079956;-0.6840000152587891;-0.36900001764297485;-46.75;13.5625;-13.5;-106.0;-348.0;285.0;187.125;60.75;71.125;-0.04742431640625;-0.5533447265625;0.3388671875;-0.75946044921875;-0.1730000078678131;-0.23000000417232513;-0.5240000486373901;0.8550000190734863;-0.453000009059906;0.15400001406669617
696314.0;0.6820000410079956;-0.6840000152587891;-0.36900001764297485;-46.75;13.5625;-13.5;-106.0;-348.0;285.0;187.125;60.75;71.125;-0.04742431640625;-0.5533447265625;0.3388671875;-0.75946044921875;-0.1730000078678131;-0.23000000417232513;-0.5240000486373901;0.8550000190734863;-0.453000009059906;0.15400001406669617
696324.0;0.6610000133514404;-0.6780000329017639;-0.31300002336502075;-46.75;13.5625;-13.5;-236.0;-232.0;250.0;187.0;60.625;71.5625;-0.04669189453125;-0.55377197265625;0.34063720703125;-0.7584228515625;-0.19300000369548798;-0.22200001776218414;-0.46400001645088196;0.8540000319480896;-0.45500001311302185;0.1510000079870224
696334.0;0.6410000324249268;-0.6760000586509705;-0.29200002551078796;-46.75;13.5625;-13.5;-338.0;-142.0;253.0;187.0;60.5;72.0;-0.04644775390625;-0.55377197265625;0.3427734375;-0.7574462890625;-0.2120000123977661;-0.21700000762939453;-0.4410000145435333;0.8530000448226929;-0.4580000340938568;0.14800000190734863
696344.0;0.6960000395774841;-0.6450000405311584;-0.28300002217292786;-47.5;14.6875;-12.6875;-532.0;-46.0;344.0;187.0;60.3125;72.5;-0.0465087890625;-0.55322265625;0.34588623046875;-0.75640869140625;-0.15600000321865082;-0.18200001120567322;-0.42900002002716064;0.8520000576972961;-0.4620000123977661;0.14500001072883606
696351.0;0.6770000457763672;-0.6490000486373901;-0.27400001883506775;-47.5;14.6875;-12.6875;-681.0;82.0;278.0;187.1875;60.125;72.875;-0.04754638671875;-0.55218505859375;0.34942626953125;-0.7554931640625;-0.1720000058412552;-0.18300001323223114;-0.41700002551078796;0.8500000238418579;-0.4660000205039978;0.14300000667572021
696361.0;0.6510000228881836;-0.6830000281333923;-0.31800001859664917;-47.5;14.6875;-12.6875;-474.0;110.0;167.0;187.3125;60.0;73.125;-0.0484619140625;-0.55133056640625;0.35174560546875;-0.75494384765625;-0.19700001180171967;-0.2150000035762787;-0.46000000834465027;0.8490000367164612;-0.46800002455711365;0.14100000262260437
696371.0;0.6680000424385071;-0.6240000128746033;-0.32100000977516174;-47.5;14.6875;-12.6875;-287.0;104.0;110.0;187.4375;59.9375;73.25;-0.049072265625;-0.55059814453125;0.35321044921875;-0.7547607421875;-0.18000000715255737;-0.15400001406669617;-0.46300002932548523;0.8490000367164612;-0.4690000116825104;0.14100000262260437
696381.0;0.6510000228881836;-0.6170000433921814;-0.33500000834465027;-47.5;14.6875;-12.6875;-271.0;135.0;69.0;187.5;59.875;73.25;-0.0498046875;-0.54986572265625;0.35443115234375;-0.754638671875;-0.19700001180171967;-0.14600001275539398;-0.47600001096725464;0.8480000495910645;-0.4700000286102295;0.14100000262260437
696385.0;0.6510000228881836;-0.6170000433921814;-0.33500000834465027;-47.5;14.6875;-12.6875;-271.0;135.0;69.0;187.5;59.875;73.25;-0.0498046875;-0.54986572265625;0.35443115234375;-0.754638671875;-0.19700001180171967;-0.14600001275539398;-0.47600001096725464;0.8480000495910645;-0.4700000286102295;0.14100000262260437
696395.0;0.6720000505447388;-0.6540000438690186;-0.30900001525878906;-47.0625;15.5;-11.5;-214.0;150.0;29.0;187.625;59.8125;73.25;-0.05059814453125;-0.5491943359375;0.3553466796875;-0.75469970703125;-0.17500001192092896;-0.18300001323223114;-0.45000001788139343;0.8480000495910645;-0.4710000157356262;0.14100000262260437
696405.0;0.7010000348091125;-0.6380000114440918;-0.3070000112056732;-47.0625;15.5;-11.5;-156.0;167.0;12.0;187.75;59.8125;73.1875;-0.05133056640625;-0.5484619140625;0.35595703125;-0.7548828125;-0.14600001275539398;-0.16600000858306885;-0.45000001788139343;0.8470000624656677;-0.4710000157356262;0.1420000046491623
696415.0;0.6990000605583191;-0.6690000295639038;-0.3020000159740448;-47.0625;15.5;-11.5;-136.0;229.0;-26.0;187.875;59.75;73.0625;-0.05224609375;-0.54754638671875;0.35638427734375;-0.75531005859375;-0.1469999998807907;-0.1980000138282776;-0.445000022649765;0.8470000624656677;-0.4710000157356262;0.14300000667572021
696419.0;0.6990000605583191;-0.6690000295639038;-0.3020000159740448;-47.0625;15.5;-11.5;-136.0;229.0;-26.0;187.875;59.75;73.0625;-0.05224609375;-0.54754638671875;0.35638427734375;-0.75531005859375;-0.1469999998807907;-0.1980000138282776;-0.445000022649765;0.8470000624656677;-0.4710000157356262;0.14300000667572021
696429.0;0.6960000395774841;-0.6820000410079956;-0.2800000011920929;-47.0625;15.5;-11.5;-61.0;289.0;-98.0;188.0625;59.8125;72.75;-0.05340576171875;-0.54656982421875;0.35626220703125;-0.7559814453125;-0.15000000596046448;-0.2110000103712082;-0.42500001192092896;0.8470000624656677;-0.4700000286102295;0.14500001072883606
696439.0;0.6960000395774841;-0.6820000410079956;-0.2800000011920929;-47.0625;15.5;-11.5;-4.0;352.0;-170.0;188.25;59.8125;72.375;-0.05474853515625;-0.54547119140625;0.35565185546875;-0.7569580078125;-0.12200000882148743;-0.20000000298023224;-0.40400001406669617;0.8470000624656677;-0.4690000116825104;0.14900000393390656
696449.0;0.7250000238418579;-0.6700000166893005;-0.2550000250339508;-47.0625;15.5;-11.5;0.0;424.0;-209.0;188.1875;59.875;71.875;-0.05438232421875;-0.54510498046875;0.353515625;-0.75823974609375;-0.12000000476837158;-0.21400001645088196;-0.4000000059604645;0.8480000495910645;-0.46700000762939453;0.15200001001358032
696458.0;0.7280000448226929;-0.6810000538825989;-0.24700000882148743;-47.375;15.5;-11.875;-5.0;479.0;-231.0;188.4375;59.875;71.3125;-0.05621337890625;-0.5435791015625;0.35272216796875;-0.75958251953125;-0.10600000619888306;-0.23100000619888306;-0.398000031709671;0.8480000495910645;-0.4650000333786011;0.15700000524520874
696468.0;0.7420000433921814;-0.6960000395774841;-0.2410000115633011;-47.375;15.5;-11.875;22.0;529.0;-317.0;188.75;60.0;70.6875;-0.05841064453125;-0.54205322265625;0.3515625;-0.76104736328125;-0.08000000566244125;-0.25300002098083496;-0.4230000078678131;0.8490000367164612;-0.4620000123977661;0.16100001335144043
696478.0;0.7680000066757202;-0.7150000333786011;-0.26100000739097595;-47.375;15.5;-11.875;83.0;577.0;-497.0;189.125;60.125;69.875;-0.06121826171875;-0.54071044921875;0.349609375;-0.7626953125;-0.07300000637769699;-0.22600001096725464;-0.47300001978874207;0.8500000238418579;-0.4580000340938568;0.16700001060962677
696488.0;0.7770000100135803;-0.6840000152587891;-0.3050000071525574;-47.375;15.5;-11.875;91.0;668.0;-618.0;189.625;60.375;68.9375;-0.064697265625;-0.5391845703125;0.34722900390625;-0.7645263671875;-0.055000003427267075;-0.29500001668930054;-0.5320000052452087;0.8520000576972961;-0.4520000219345093;0.17400000989437103
696498.0;0.7970000505447388;-0.7470000386238098;-0.3580000102519989;-47.375;15.5;-11.875;91.0;668.0;-618.0;190.1875;60.5625;67.8125;-0.0684814453125;-0.53729248046875;0.3446044921875;-0.7667236328125;-0.07100000232458115;-0.2800000011920929;-0.5660000443458557;0.8540000319480896;-0.44600000977516174;0.1810000091791153
696508.0;0.7830000519752502;-0.7260000109672546;-0.3840000033378601;-47.0;15.5;-14.25;100.0;784.0;-674.0;190.1875;60.5625;67.8125;-0.07318115234375;-0.5350341796875;0.34149169921875;-0.76922607421875;-0.06000000238418579;-0.281000018119812;-0.5750000476837158;0.8560000658035278;-0.43800002336502075;0.1900000125169754
696512.0;0.7950000166893005;-0.7200000286102295;-0.3840000033378601;-47.0;15.5;-14.25;207.0;1101.0;-999.0;191.625;61.0625;64.8125;-0.07861328125;-0.53240966796875;0.33740234375;-0.7723388671875;-0.13700000941753387;-0.33800002932548523;-0.6470000147819519;0.8580000400543213;-0.4280000329017639;0.20100000500679016
696522.0;0.7200000286102295;-0.7670000195503235;-0.445000022649765;-47.0;15.5;-14.25;403.0;1245.0;-1111.0;192.375;61.3125;62.8125;-0.084228515625;-0.52947998046875;0.33209228515625;-0.77606201171875;-0.15400001406669617;-0.31300002336502075;-0.6880000233650208;0.8600000143051147;-0.41700002551078796;0.21400001645088196
696532.0;0.706000030040741;-0.7310000061988831;-0.47300001978874207;-47.0;15.5;-14.25;602.0;1384.0;-1203.0;193.125;61.5625;60.4375;-0.08990478515625;-0.52618408203125;0.32562255859375;-0.7803955078125;-0.19100001454353333;-0.3020000159740448;-0.7140000462532043;0.862000048160553;-0.4050000309944153;0.2290000170469284
696542.0;0.6710000038146973;-0.7080000042915344;-0.48500001430511475;-47.0;15.5;-14.25;602.0;1384.0;-1203.0;193.125;61.5625;60.4375;-0.08990478515625;-0.52618408203125;0.32562255859375;-0.7803955078125;-0.24900001287460327;-0.2720000147819519;-0.6780000329017639;0.8640000224113464;-0.39100003242492676;0.2460000067949295
696552.0;0.6150000095367432;-0.6640000343322754;-0.4310000240802765;-46.25;14.0;-14.75;791.0;1514.0;-1278.0;193.75;61.75;57.75;-0.09478759765625;-0.52276611328125;0.3175048828125;-0.785400390625;-0.24900001287460327;-0.2720000147819519;-0.6780000329017639;0.8650000691413879;-0.37700000405311584;0.26500001549720764
696562.0;0.5879999995231628;-0.6310000419616699;-0.406000018119812;-46.25;14.0;-14.75;925.0;1627.0;-1319.0;195.1875;61.9375;51.75;-0.10626220703125;-0.51416015625;0.30047607421875;-0.7962646484375;-0.26600000262260437;-0.2600000202655792;-0.6820000410079956;0.8650000691413879;-0.3620000183582306;0.2850000262260437
696571.0;0.5990000367164612;-0.6220000386238098;-0.3970000147819519;-46.25;14.0;-14.75;969.0;1737.0;-1369.0;195.9375;61.875;48.4375;-0.1126708984375;-0.5091552734375;0.291259765625;-0.802001953125;-0.2760000228881836;-0.2850000262260437;-0.6850000619888306;0.8650000691413879;-0.3450000286102295;0.3050000071525574
696581.0;0.5879999995231628;-0.6310000419616699;-0.3800000250339508;-46.25;14.0;-14.75;994.0;1861.0;-1461.0;196.8125;61.75;44.9375;-0.11962890625;-0.503662109375;0.2813720703125;-0.8079833984375;-0.2639999985694885;-0.29100000858306885;-0.6940000057220459;0.8640000224113464;-0.3270000219345093;0.3270000219345093
696591.0;0.5990000367164612;-0.6190000176429749;-0.3660000264644623;-46.25;14.0;-14.75;1045.0;1995.0;-1580.0;196.8125;61.75;44.9375;-0.11962890625;-0.503662109375;0.2813720703125;-0.8079833984375;-0.2639999985694885;-0.29100000858306885;-0.6940000057220459;0.8640000224113464;-0.3270000219345093;0.3270000219345093
696601.0;0.5990000367164612;-0.6190000176429749;-0.3660000264644623;-46.25;14.0;-14.75;1045.0;1995.0;-1580.0;196.8125;61.75;44.9375;-0.1278076171875;-0.49786376953125;0.27044677734375;-0.81402587890625;-0.3330000042915344;-0.23000000417232513;-0.7040000557899475;0.862000048160553;-0.3070000112056732;0.35100001096725464
696611.0;0.46300002932548523;-0.534000039100647;-0.3320000171661377;-46.6875;12.5;-18.5;1034.0;2290.0;-1994.0;198.9375;61.25;37.1875;-0.14617919921875;-0.48443603515625;0.248291015625;-0.82598876953125;-0.4140000343322754;-0.2670000195503235;-0.7150000333786011;0.8560000658035278;-0.2630000114440918;0.39900001883506775
696611.0;0.46300002932548523;-0.534000039100647;-0.3320000171661377;-46.6875;12.5;-18.5;1034.0;2290.0;-1994.0;198.9375;61.25;37.1875;-0.14617919921875;-0.48443603515625;0.248291015625;-0.82598876953125;-0.4140000343322754;-0.2670000195503235;-0.7150000333786011;0.8560000658035278;-0.2630000114440918;0.39900001883506775
696621.0;0.4410000145435333;-0.531000018119812;-0.3150000274181366;-46.6875;12.5;-18.5;941.0;2391.0;-1961.0;200.0625;60.75;33.375;-0.15570068359375;-0.476806640625;0.2373046875;-0.8319091796875;-0.39100003242492676;-0.23500001430511475;-0.7020000219345093;0.8500000238418579;-0.2410000115633011;0.4240000247955322
696631.0;0.4580000340938568;-0.47600001096725464;-0.27800002694129944;-46.6875;12.5;-18.5;909.0;2487.0;-1969.0;201.1875;60.125;29.625;-0.16546630859375;-0.46856689453125;0.2259521484375;-0.837890625;-0.39900001883506775;-0.20100000500679016;-0.7090000510215759;0.843000054359436;-0.21900001168251038;0.4490000307559967
696641.0;0.4440000355243683;-0.42000001668930054;-0.2590000033378601;-46.6875;12.5;-18.5;930.0;2618.0;-2017.0;202.3125;59.25;25.9375;-0.16546630859375;-0.46856689453125;0.2259521484375;-0.837890625;-0.39900001883506775;-0.20100000500679016;-0.7090000510215759;0.843000054359436;-0.21900001168251038;0.4490000307559967
696651.0;0.42900002002716064;-0.367000013589859;-0.2550000250339508;-45.875;5.75;-23.375;957.0;2764.0;-2025.0;203.4375;58.25;22.375;-0.17529296875;-0.45947265625;0.21429443359375;-0.84393310546875;-0.40400001406669617;-0.17000000178813934;-0.7310000061988831;0.8340000510215759;-0.19600000977516174;0.47600001096725464
696661.0;0.40800002217292786;-0.23500001430511475;-0.22600001096725464;-45.875;5.75;-23.375;909.0;2897.0;-1966.0;204.5625;57.0625;19.125;-0.18511962890625;-0.44952392578125;0.20269775390625;-0.85003662109375;-0.41100001335144043;-0.09800000488758087;-0.7760000228881836;0.8090000152587891;-0.15400001406669617;0.531000018119812
696671.0;0.3970000147819519;-0.25200000405311584;-0.24400001764297485;-45.875;5.75;-23.375;736.0;3073.0;-1900.0;205.625;55.625;16.1875;-0.19512939453125;-0.43841552734375;0.19189453125;-0.8560791015625;-0.4240000247955322;-0.13900001347064972;-0.843000054359436;0.7930000424385071;-0.1340000033378601;0.5590000152587891
696674.0;0.3970000147819519;-0.25200000405311584;-0.24400001764297485;-45.875;5.75;-23.375;736.0;3073.0;-1900.0;205.625;55.625;16.1875;-0.19512939453125;-0.43841552734375;0.19189453125;-0.8560791015625;-0.4240000247955322;-0.13900001347064972;-0.843000054359436;0.7930000424385071;-0.1340000033378601;0.5590000152587891
696684.0;0.36900001764297485;-0.27400001883506775;-0.28300002217292786;-45.875;5.75;-23.375;476.0;3278.0;-1965.0;206.875;54.0;13.5;-0.2061767578125;-0.426025390625;0.1817626953125;-0.8619384765625;-0.4240000247955322;-0.13900001347064972;-0.843000054359436;0.7750000357627869;-0.11600000411272049;0.5879999995231628
696694.0;0.33500000834465027;-0.24500000476837158;-0.28300002217292786;-45.875;5.75;-23.375;318.0;3437.0;-2049.0;208.1875;52.25;11.125;-0.21807861328125;-0.41259765625;0.17193603515625;-0.8675537109375;-0.4390000104904175;-0.1290000081062317;-0.8720000386238098;0.7750000357627869;-0.11600000411272049;0.5879999995231628
696704.0;0.24300001561641693;-0.20200000703334808;-0.2540000081062317;-41.75;0.5625;-29.5;358.0;3568.0;-2120.0;209.5;50.3125;8.875;-0.23016357421875;-0.39849853515625;0.1614990234375;-0.87298583984375;-0.5110000371932983;-0.10500000417232513;-0.8720000386238098;0.7550000548362732;-0.09600000083446503;0.6180000305175781
696714.0;0.1980000138282776;-0.19700001180171967;-0.24500000476837158;-41.75;0.5625;-29.5;613.0;3688.0;-2247.0;210.8125;48.3125;6.5625;-0.2423095703125;-0.384033203125;0.1494140625;-0.87835693359375;-0.5330000519752502;-0.12200000882148743;-0.893000066280365;0.7320000529289246;-0.07400000095367432;0.6470000147819519
696723.0;0.13600000739097595;-0.18900001049041748;-0.23800000548362732;-41.75;0.5625;-29.5;1146.0;3744.0;-2347.0;212.0;46.1875;4.125;-0.2537841796875;-0.369873046875;0.134521484375;-0.883544921875;-0.5710000395774841;-0.14000000059604645;-0.9150000214576721;0.7070000171661377;-0.049000002443790436;0.6760000586509705
696733.0;0.04500000178813934;-0.13100001215934753;-0.2290000170469284;-41.75;0.5625;-29.5;1835.0;3725.0;-2353.0;213.0;44.0;1.4375;-0.26373291015625;-0.35650634765625;0.1163330078125;-0.88873291015625;-0.6350000500679016;-0.11300000548362732;-0.9340000152587891;0.6810000538825989;-0.018000001087784767;0.7040000557899475
696743.0;-0.07600000500679016;-0.046000003814697266;-0.12400000542402267;-41.75;0.5625;-29.5;2567.0;3643.0;-2319.0;213.8125;41.8125;-1.3125;-0.27191162109375;-0.34429931640625;0.0948486328125;-0.89361572265625;-0.7300000190734863;-0.06400000303983688;-0.8540000319480896;0.6540000438690186;0.017000000923871994;0.7300000190734863
696753.0;-0.1120000034570694;-0.032999999821186066;-0.07300000637769699;-35.875;-4.5;-36.1875;3276.0;3566.0;-2392.0;214.5;39.5625;-4.4375;-0.2789306640625;-0.333251953125;0.06988525390625;-0.89794921875;-0.737000048160553;-0.09200000762939453;-0.8260000348091125;0.625;0.05900000408291817;0.753000020980835
696763.0;-0.1420000046491623;-0.017000000923871994;-0.04800000041723251;-35.875;-4.5;-36.1875;3892.0;3563.0;-2515.0;215.0625;37.25;-7.8125;-0.28515625;-0.3228759765625;0.041748046875;-0.9014892578125;-0.7360000610351562;-0.12400000542402267;-0.8210000395774841;0.5940000414848328;0.10600000619888306;0.7720000147819519
696773.0;-0.17600001394748688;0.0020000000949949026;-0.009000000543892384;-35.875;-4.5;-36.1875;4349.0;3622.0;-2660.0;215.6875;34.8125;-11.375;-0.29107666015625;-0.3126220703125;0.01104736328125;-0.90411376953125;-0.737000048160553;-0.15600000321865082;-0.7970000505447388;0.5600000023841858;0.15800000727176666;0.7880000472068787
696775.0;-0.17600001394748688;0.0020000000949949026;-0.009000000543892384;-35.875;-4.5;-36.1875;4349.0;3622.0;-2660.0;215.6875;34.8125;-11.375;-0.29107666015625;-0.3126220703125;0.01104736328125;-0.90411376953125;-0.737000048160553;-0.15600000321865082;-0.7970000505447388;0.5600000023841858;0.15800000727176666;0.7880000472068787
696785.0;-0.2750000059604645;0.10600000619888306;0.12000000476837158;-35.875;-4.5;-36.1875;4544.0;3700.0;-2866.0;216.3125;32.25;-14.875;-0.29730224609375;-0.3018798828125;-0.02105712890625;-0.90557861328125;-0.7990000247955322;-0.10700000822544098;-0.6800000071525574;0.5230000019073486;0.21300001442432404;0.8010000586509705
696795.0;-0.30100002884864807;0.1600000113248825;0.1510000079870224;-35.875;-4.5;-36.1875;4443.0;3826.0;-3156.0;217.125;29.5;-18.25;-0.3046875;-0.2900390625;-0.05328369140625;-0.9056396484375;-0.7850000262260437;-0.10700000822544098;-0.6580000519752502;0.4830000102519989;0.2680000066757202;0.8100000619888306
696805.0;-0.3230000138282776;0.1990000158548355;0.22800001502037048;-27.375;-14.1875;-40.25;4048.0;3967.0;-3466.0;218.25;26.5625;-21.3125;-0.313720703125;-0.2764892578125;-0.08428955078125;-0.90447998046875;-0.7620000243186951;-0.11900000274181366;-0.5879999995231628;0.43800002336502075;0.3190000057220459;0.8160000443458557
696815.0;-0.4090000092983246;0.3100000023841858;0.36100003123283386;-27.375;-14.1875;-40.25;3344.0;4119.0;-3746.0;219.5625;23.375;-23.875;-0.32470703125;-0.260498046875;-0.11248779296875;-0.9022216796875;-0.7980000376701355;-0.05400000140070915;-0.4610000252723694;0.3890000283718109;0.36400002241134644;0.8220000267028809
696822.0;-0.4650000333786011;0.3800000250339508;0.3920000195503235;-27.375;-14.1875;-40.25;2397.0;4275.0;-3995.0;221.125;20.0;-25.8125;-0.33770751953125;-0.24176025390625;-0.13665771484375;-0.89935302734375;-0.8010000586509705;-0.020000001415610313;-0.43700000643730164;0.33500000834465027;0.4010000228881836;0.8290000557899475
696832.0;-0.5160000324249268;0.4400000274181366;0.4310000240802765;-27.375;-14.1875;-40.25;1323.0;4415.0;-4170.0;222.9375;16.5;-26.9375;-0.35247802734375;-0.22003173828125;-0.15606689453125;-0.8961181640625;-0.7950000166893005;0.014000000432133675;-0.406000018119812;0.27800002694129944;0.42600002884864807;0.8370000123977661
696842.0;-0.5690000057220459;0.4660000205039978;0.4660000205039978;-27.375;-14.1875;-40.25;312.0;4552.0;-4199.0;224.75;12.875;-27.375;-0.3680419921875;-0.19549560546875;-0.1707763671875;-0.892822265625;-0.7880000472068787;0.026000000536441803;-0.38200002908706665;0.21900001168251038;0.4400000274181366;0.8480000495910645
696852.0;-0.5690000057220459;0.4660000205039978;0.4660000205039978;-15.1875;-26.0;-38.1875;-399.0;4702.0;-4028.0;226.5625;9.25;-27.3125;-0.38299560546875;-0.1688232421875;-0.18212890625;-0.8897705078125;-0.8130000233650208;-0.06000000238418579;-0.4090000092983246;0.15700000524520874;0.4440000355243683;0.859000027179718
696862.0;-0.6550000309944153;0.3840000033378601;0.45000001788139343;-15.1875;-26.0;-38.1875;-740.0;4777.0;-3697.0;228.125;5.625;-26.9375;-0.39617919921875;-0.14129638671875;-0.19146728515625;-0.88677978515625;-0.8060000538825989;-0.15400001406669617;-0.40700000524520874;0.09600000083446503;0.44200003147125244;0.8690000176429749
696871.0;-0.7090000510215759;0.2880000174045563;0.4620000123977661;-15.1875;-26.0;-38.1875;-746.0;4774.0;-3288.0;229.4375;2.1875;-26.5625;-0.4071044921875;-0.114013671875;-0.2003173828125;-0.8837890625;-0.7970000505447388;-0.2410000115633011;-0.398000031709671;0.03700000047683716;0.43800002336502075;0.8760000467300415
696881.0;-0.7590000629425049;0.19700001180171967;0.47700002789497375;-15.1875;-26.0;-38.1875;-493.0;4678.0;-2934.0;230.5625;-1.0625;-26.25;-0.416015625;-0.08795166015625;-0.20977783203125;-0.8804931640625;-0.8030000329017639;-0.28600001335144043;-0.3360000252723694;-0.01900000125169754;0.43300002813339233;0.8790000677108765
696891.0;-0.8220000267028809;0.14600001275539398;0.5420000553131104;-15.1875;-26.0;-38.1875;-160.0;4574.0;-2693.0;231.5;-4.3125;-26.125;-0.42333984375;-0.0633544921875;-0.22021484375;-0.87652587890625;-0.921000063419342;-0.203000009059906;-0.2120000123977661;-0.07300000637769699;0.4310000240802765;0.8770000338554382
696901.0;-0.9950000643730164;0.22700001299381256;0.6650000214576721;-15.1875;-26.0;-38.1875;-160.0;4574.0;-2693.0;231.5;-4.3125;-26.125;-0.42999267578125;-0.0396728515625;-0.23193359375;-0.87164306640625;-0.9110000729560852;-0.13199999928474426;-0.22300000488758087;-0.12700000405311584;0.42900002002716064;0.8720000386238098
696911.0;-1.0390000343322754;0.2970000207424164;0.6480000019073486;-0.25;-27.25;-40.25;170.0;4537.0;-2617.0;232.5;-7.4375;-26.1875;-0.42999267578125;-0.0396728515625;-0.23193359375;-0.87164306640625;-0.8880000710487366;-0.09800000488758087;-0.2110000103712082;-0.18000000715255737;0.4300000071525574;0.862000048160553
696919.0;-1.0390000343322754;0.2970000207424164;0.6480000019073486;-0.25;-27.25;-40.25;170.0;4537.0;-2617.0;232.5;-7.4375;-26.1875;-0.42999267578125;-0.0396728515625;-0.23193359375;-0.87164306640625;-0.8880000710487366;-0.09800000488758087;-0.2110000103712082;-0.18000000715255737;0.4300000071525574;0.862000048160553
696929.0;-1.069000005722046;0.33100003004074097;0.6500000357627869;-0.25;-27.25;-40.25;809.0;4424.0;-2851.0;234.6875;-13.75;-26.875;-0.4437255859375;0.005126953125;-0.25897216796875;-0.85791015625;-0.9160000681877136;-0.10500000417232513;-0.1860000044107437;-0.2330000102519989;0.4310000240802765;0.8490000367164612
696939.0;-1.1500000953674316;0.32600000500679016;0.6620000600814819;-0.25;-27.25;-40.25;1108.0;4430.0;-3026.0;235.9375;-17.0;-27.4375;-0.45123291015625;0.02667236328125;-0.274169921875;-0.84881591796875;-0.9030000567436218;-0.12400000542402267;-0.09100000560283661;-0.28700000047683716;0.4320000112056732;0.831000030040741
696949.0;-1.190000057220459;0.3070000112056732;0.7400000095367432;-0.25;-27.25;-40.25;1398.0;4412.0;-3127.0;237.375;-20.25;-28.1875;-0.4588623046875;0.047607421875;-0.29034423828125;-0.83837890625;-0.8980000615119934;-0.10900000482797623;0.04200000315904617;-0.33900001645088196;0.43400001525878906;0.8100000619888306
696959.0;-1.2380000352859497;0.32500001788139343;0.8530000448226929;-0.25;-27.25;-40.25;1398.0;4412.0;-3127.0;237.375;-20.25;-28.1875;-0.4588623046875;0.047607421875;-0.29034423828125;-0.83837890625;-0.8980000615119934;-0.10900000482797623;0.04200000315904617;-0.39000001549720764;0.4360000193119049;0.7860000133514404
696962.0;-1.2410000562667847;0.38600000739097595;0.8630000352859497;13.0625;-26.5;-37.25;1609.0;4390.0;-3020.0;238.75;-23.4375;-29.0;-0.4656982421875;0.0677490234375;-0.3072509765625;-0.8271484375;-0.8500000238418579;-0.05000000074505806;0.07700000703334808;-0.4400000274181366;0.43800002336502075;0.7580000162124634
696972.0;-1.125;0.44300001859664917;0.7630000114440918;13.0625;-26.5;-37.25;1806.0;4453.0;-2911.0;241.6875;-30.0;-31.0625;-0.47869873046875;0.10760498046875;-0.3431396484375;-0.8009033203125;-0.7980000376701355;0.00800000037997961;0.06200000271201134;-0.4910000264644623;0.43700000643730164;0.7270000576972961
696982.0;-1.2890000343322754;0.44600000977516174;0.7890000343322754;13.0625;-26.5;-37.25;2008.0;4543.0;-3303.0;243.875;-33.6875;-31.9375;-0.48883056640625;0.1287841796875;-0.36151123046875;-0.783447265625;-0.8460000157356262;0.0690000057220459;0.1720000058412552;-0.5440000295639038;0.4320000112056732;0.6910000443458557
696992.0;-1.3900001049041748;0.5010000467300415;0.8640000224113464;13.0625;-26.5;-37.25;2210.0;4570.0;-4124.0;246.25;-37.3125;-32.9375;-0.4990234375;0.1485595703125;-0.380126953125;-0.76446533203125;-0.843000054359436;0.1550000011920929;0.33000001311302185;-0.5940000414848328;0.4240000247955322;0.6530000567436218
697002.0;-1.4380000829696655;0.5790000557899475;0.984000027179718;13.0625;-26.5;-37.25;2483.0;4439.0;-4174.0;246.25;-37.3125;-32.9375;-0.4990234375;0.1485595703125;-0.380126953125;-0.76446533203125;-0.843000054359436;0.1550000011920929;0.33000001311302185;-0.5940000414848328;0.4240000247955322;0.6530000567436218
697012.0;-1.4570000171661377;0.6360000371932983;0.9890000224113464;26.5625;-27.25;-31.5;2724.0;4175.0;-4087.0;248.6875;-40.75;-34.0625;-0.50897216796875;0.1663818359375;-0.398681640625;-0.7445068359375;-0.8160000443458557;0.2200000137090683;0.3750000298023224;-0.64000004529953;0.41600000858306885;0.6140000224113464
697018.0;-1.4570000171661377;0.6360000371932983;0.9890000224113464;26.5625;-27.25;-31.5;2724.0;4175.0;-4087.0;248.6875;-40.75;-34.0625;-0.50897216796875;0.1663818359375;-0.398681640625;-0.7445068359375;-0.8160000443458557;0.2200000137090683;0.3750000298023224;-0.64000004529953;0.41600000858306885;0.6140000224113464
697028.0;-1.4390000104904175;0.5530000329017639;0.9430000185966492;26.5625;-27.25;-31.5;3088.0;3922.0;-4149.0;251.375;-44.1875;-35.3125;-0.53057861328125;0.19561767578125;-0.43682861328125;-0.6995849609375;-0.7500000596046448;0.09300000220537186;0.3230000138282776;-0.7220000624656677;0.39500001072883606;0.531000018119812
697038.0;-1.4730000495910645;0.48900002241134644;0.8550000190734863;26.5625;-27.25;-31.5;3552.0;3683.0;-4233.0;254.3125;-47.4375;-36.625;-0.54205322265625;0.20770263671875;-0.45611572265625;-0.67449951171875;-0.8570000529289246;0.058000002056360245;0.2600000202655792;-0.7590000629425049;0.38200002908706665;0.4880000352859497
697048.0;-1.6170001029968262;0.4410000145435333;0.7480000257492065;26.5625;-27.25;-31.5;3849.0;3519.0;-4331.0;257.5625;-50.75;-38.0625;-0.55328369140625;0.218017578125;-0.47589111328125;-0.64794921875;-0.8960000276565552;0.0;0.31200000643730164;-0.7930000424385071;0.3680000305175781;0.44300001859664917
697058.0;-1.690000057220459;0.367000013589859;0.7550000548362732;26.5625;-27.25;-31.5;4208.0;3425.0;-4270.0;260.9375;-54.0;-39.6875;-0.55328369140625;0.218017578125;-0.47589111328125;-0.64794921875;-0.8960000276565552;0.0;0.31200000643730164;-0.7930000424385071;0.3680000305175781;0.44300001859664917
697063.0;-1.7220001220703125;0.4440000355243683;0.7310000061988831;39.5625;-22.5;-20.375;4507.0;3152.0;-3536.0;264.1875;-56.8125;-41.875;-0.56231689453125;0.224365234375;-0.49615478515625;-0.622314453125;-0.9010000228881836;0.0860000029206276;0.3320000171661377;-0.8210000395774841;0.3580000102519989;0.39900001883506775
697073.0;-1.7120001316070557;0.6440000534057617;0.6990000605583191;39.5625;-22.5;-20.375;4376.0;2779.0;-2904.0;267.125;-59.25;-44.3125;-0.5694580078125;0.22802734375;-0.51507568359375;-0.5986328125;-0.8170000314712524;0.5049999952316284;0.2110000103712082;-0.8630000352859497;0.3360000252723694;0.32100000977516174
697083.0;-1.6800000667572021;0.8420000672340393;0.5330000519752502;39.5625;-22.5;-20.375;3733.0;2548.0;-3000.0;270.0;-61.625;-46.25;-0.5762939453125;0.23291015625;-0.53076171875;-0.576171875;-0.7150000333786011;0.4320000112056732;0.15900000929832458;-0.8800000548362732;0.3190000057220459;0.2900000214576721
697093.0;-1.5950000286102295;0.7520000338554382;0.4490000307559967;39.5625;-22.5;-20.375;2910.0;2311.0;-2882.0;272.5625;-63.875;-47.6875;-0.58197021484375;0.23907470703125;-0.54290771484375;-0.55621337890625;-0.7150000333786011;0.4320000112056732;0.15900000929832458;-0.8940000534057617;0.3020000159740448;0.2639999985694885
697103.0;-1.5220000743865967;0.7500000596046448;0.44200003147125244;39.5625;-22.5;-20.375;2258.0;1986.0;-2459.0;274.6875;-65.75;-48.875;-0.58624267578125;0.2449951171875;-0.55242919921875;-0.53955078125;-0.628000020980835;0.44700002670288086;0.17800000309944153;-0.8940000534057617;0.3020000159740448;0.2639999985694885
697113.0;-1.4790000915527344;0.7760000228881836;0.42600002884864807;45.0625;-18.375;-7.75;1964.0;1985.0;-2522.0;276.8125;-67.6875;-49.875;-0.59002685546875;0.2518310546875;-0.560791015625;-0.52337646484375;-0.5720000267028809;0.492000013589859;0.1860000044107437;-0.9070000648498535;0.2840000092983246;0.23900000751018524
697116.0;-1.4790000915527344;0.7760000228881836;0.42600002884864807;45.0625;-18.375;-7.75;1964.0;1985.0;-2522.0;276.8125;-67.6875;-49.875;-0.59002685546875;0.2518310546875;-0.560791015625;-0.52337646484375;-0.5720000267028809;0.492000013589859;0.1860000044107437;-0.9070000648498535;0.2840000092983246;0.23900000751018524
697126.0;-1.4540001153945923;0.8440000414848328;0.3850000202655792;45.0625;-18.375;-7.75;1721.0;2169.0;-2705.0;278.9375;-69.8125;-50.8125;-0.59326171875;0.26043701171875;-0.568603515625;-0.5068359375;-0.5330000519752502;0.581000030040741;0.17100000381469727;-0.9200000166893005;0.26200002431869507;0.21300001442432404
697136.0;-1.4540001153945923;0.8280000686645508;0.35200002789497375;45.0625;-18.375;-7.75;1311.0;2321.0;-2891.0;281.0;-72.0625;-51.625;-0.595703125;0.27117919921875;-0.57525634765625;-0.49053955078125;-0.5210000276565552;0.5920000076293945;0.16500000655651093;-0.9330000281333923;0.23600001633167267;0.18700000643730164
697146.0;-1.4560000896453857;0.703000009059906;0.2990000247955322;45.0625;-18.375;-7.75;1036.0;2446.0;-3076.0;283.125;-74.4375;-52.3125;-0.59759521484375;0.28350830078125;-0.58111572265625;-0.47412109375;-0.5120000243186951;0.49500003457069397;0.13900001347064972;-0.9440000653266907;0.20800000429153442;0.1600000113248825
697156.0;-1.434000015258789;0.48600003123283386;0.2670000195503235;45.0625;-18.375;-7.75;915.0;2320.0;-2824.0;285.0625;-76.625;-53.1875;-0.59881591796875;0.2950439453125;-0.58636474609375;-0.4588623046875;-0.48000001907348633;0.3050000071525574;0.13100001215934753;-0.9540000557899475;0.1810000091791153;0.13500000536441803
697162.0;-1.4830000400543213;0.32200002670288086;0.328000009059906;49.875;-12.75;-0.75;943.0;2200.0;-2960.0;287.125;-78.875;-53.75;-0.60052490234375;0.3065185546875;-0.59088134765625;-0.44305419921875;-0.5200000405311584;0.16900001466274261;0.2160000056028366;-0.9620000720024109;0.15200001001358032;0.11100000888109207
697172.0;-1.531000018119812;0.32600000500679016;0.31300002336502075;49.875;-12.75;-0.75;1464.0;2062.0;-3378.0;289.8125;-81.25;-53.5;-0.60418701171875;0.317138671875;-0.59521484375;-0.42431640625;-0.562000036239624;0.20600001513957977;0.22500000894069672;-0.9690000414848328;0.11900000274181366;0.08800000697374344
697182.0;-1.5380001068115234;0.2850000262260437;0.2670000195503235;49.875;-12.75;-0.75;2141.0;1670.0;-3196.0;292.8125;-83.375;-5.125;-0.60955810546875;0.32403564453125;-0.599853515625;-0.404541015625;-0.5640000104904175;0.19600000977516174;0.1980000138282776;-0.9740000367164612;0.08800000697374344;0.06800000369548798
697192.0;-1.5260000228881836;0.47200003266334534;0.15700000524520874;49.875;-12.75;-0.75;3007.0;1171.0;-2513.0;296.0;-85.0;-3.75;-0.6162109375;0.32470703125;-0.6055908203125;-0.38482666015625;-0.5490000247955322;0.40700000524520874;0.10300000756978989;-0.9770000576972961;0.06400000303983688;0.05400000140070915
697202.0;-1.5100001096725464;0.7280000448226929;0.11400000751018524;49.875;-12.75;-0.75;3671.0;805.0;-1961.0;299.25;-86.25;-2.6875;-0.62371826171875;0.32061767578125;-0.6121826171875;-0.365234375;-0.531000018119812;0.6820000410079956;0.07000000029802322;-0.9780000448226929;0.046000003814697266;0.04400000348687172
697204.0;-1.5100001096725464;0.7280000448226929;0.11400000751018524;49.875;-12.75;-0.75;3671.0;805.0;-1961.0;299.25;-86.25;-2.6875;-0.62371826171875;0.32061767578125;-0.6121826171875;-0.365234375;-0.531000018119812;0.6820000410079956;0.07000000029802322;-0.9780000448226929;0.046000003814697266;0.04400000348687172
697214.0;-1.4500000476837158;0.9010000228881836;0.15000000596046448;50.875;-5.75;3.75;3554.0;635.0;-1516.0;302.25;-87.125;-1.875;-0.6304931640625;0.31494140625;-0.618408203125;-0.34759521484375;-0.4700000286102295;0.8690000176429749;0.11400000751018524;-0.9790000319480896;0.03200000151991844;0.03500000014901161
697224.0;-1.4410001039505005;0.859000027179718;0.22800001502037048;50.875;-5.75;3.75;2980.0;753.0;-1118.0;304.625;-87.9375;-1.25;-0.63494873046875;0.31005859375;-0.62445068359375;-0.33282470703125;-0.4610000252723694;0.8380000591278076;0.20100000500679016;-0.9800000190734863;0.021000001579523087;0.027000000700354576
697234.0;-1.3420000076293945;0.4780000150203705;0.3100000023841858;50.875;-5.75;3.75;2571.0;758.0;-553.0;306.5;-88.5;-0.9375;-0.6375732421875;0.3045654296875;-0.63055419921875;-0.32122802734375;-0.3620000183582306;0.4620000123977661;0.29100000858306885;-0.9800000190734863;0.01600000075995922;0.018000001087784767
697244.0;-1.2290000915527344;0.6630000472068787;0.3360000252723694;50.875;-5.75;3.75;2259.0;752.0;-462.0;308.125;-89.0;-0.6875;-0.639404296875;0.29974365234375;-0.6361083984375;-0.3109130859375;-0.24800001084804535;0.6510000228881836;0.32500001788139343;-0.9800000190734863;0.012000000104308128;0.010000000707805157
697254.0;-1.2290000915527344;0.6630000472068787;0.3360000252723694;50.875;-5.75;3.75;1598.0;1194.0;-1478.0;309.9375;-89.75;179.75;-0.64031982421875;0.30120849609375;-0.640380859375;-0.29864501953125;-0.24300001561641693;0.8800000548362732;0.3960000276565552;-0.9800000190734863;-0.003000000026077032;-0.0010000000474974513
697255.0;-1.2290000915527344;0.6630000472068787;0.3360000252723694;50.875;-5.75;3.75;1598.0;1194.0;-1478.0;309.9375;-89.75;179.75;-0.64031982421875;0.30120849609375;-0.640380859375;-0.29864501953125;-0.24300001561641693;0.8800000548362732;0.3960000276565552;-0.9800000190734863;-0.003000000026077032;-0.0010000000474974513
697265.0;-1.224000096321106;0.8770000338554382;0.39400002360343933;50.875;0.5;6.1875;1392.0;1352.0;-2055.0;312.0625;-88.25;178.5;-0.64111328125;0.3055419921875;-0.643798828125;-0.2847900390625;-0.28600001335144043;0.8450000286102295;0.4090000092983246;-0.9800000190734863;-0.024000000208616257;-0.015000000596046448
697275.0;-1.2660000324249268;0.8200000524520874;0.3930000066757202;50.875;0.5;6.1875;1378.0;1280.0;-1966.0;314.125;-86.875;177.3125;-0.64190673828125;0.30950927734375;-0.64697265625;-0.2713623046875;-0.406000018119812;0.5960000157356262;0.2850000262260437;-0.9790000319480896;-0.04500000178813934;-0.02800000086426735
697285.0;-1.3850001096725464;0.5509999990463257;0.25699999928474426;50.875;0.5;6.1875;1285.0;1082.0;-1482.0;315.875;-85.75;176.375;-0.64239501953125;0.31170654296875;-0.6500244140625;-0.26019287109375;-0.4100000262260437;0.5690000057220459;0.20500001311302185;-0.9780000448226929;-0.06100000441074371;-0.03800000250339508
697295.0;-1.3880000114440918;0.5080000162124634;0.16700001060962677;50.875;0.5;6.1875;936.0;879.0;-997.0;317.125;-84.9375;175.75;-0.6422119140625;0.31317138671875;-0.652587890625;-0.25213623046875;-0.3790000081062317;0.5870000123977661;0.19300000369548798;-0.9760000705718994;-0.07100000232458115;-0.04700000211596489
697305.0;-1.3560000658035278;0.51500004529953;0.14600001275539398;50.875;0.5;6.1875;608.0;777.0;-815.0;318.0;-84.25;175.25;-0.6416015625;0.31494140625;-0.65472412109375;-0.2459716796875;-0.33800002932548523;0.5680000185966492;0.22200001776218414;-0.9750000238418579;-0.08000000566244125;-0.05400000140070915
697314.0;-1.3140000104904175;0.4870000183582306;0.16700001060962677;50.875;0.5;6.1875;608.0;777.0;-815.0;318.0;-84.25;175.25;-0.64093017578125;0.31732177734375;-0.6563720703125;-0.24017333984375;-0.34200000762939453;0.7270000576972961;0.7240000367164612;-0.9740000367164612;-0.08900000154972076;-0.06100000441074371
697324.0;-1.3170000314712524;0.6370000243186951;0.6620000600814819;51.5625;4.6875;8.6875;466.0;752.0;-869.0;318.875;-83.5625;174.6875;-0.64093017578125;0.31732177734375;-0.6563720703125;-0.24017333984375;-0.7520000338554382;2.9560000896453857;1.7220001220703125;-0.9730000495910645;-0.10000000149011612;-0.06800000369548798
697334.0;-1.725000023841858;2.8550000190734863;1.6530001163482666;51.5625;4.6875;8.6875;-631.0;-140.0;-385.0;319.5;-82.6875;123.25;-0.63995361328125;0.324462890625;-0.65533447265625;-0.23602294921875;-0.5220000147819519;4.065999984741211;1.843000054359436;-0.9720000624656677;-0.10300000756978989;-0.06800000369548798
697344.0;-1.4950001239776611;3.9620001316070557;1.7750000953674316;51.5625;4.6875;8.6875;769.0;-777.0;969.0;319.3125;-83.4375;174.4375;-0.6427001953125;0.31756591796875;-0.65533447265625;-0.23797607421875;0.05300000309944153;1.187000036239624;0.39500001072883606;-0.9740000367164612;-0.09400000423192978;-0.05900000408291817
697354.0;-0.9200000166893005;1.093000054359436;0.3360000252723694;51.5625;4.6875;8.6875;145.0;-206.0;1321.0;318.625;-84.1875;175.25;-0.6419677734375;0.31219482421875;-0.656982421875;-0.24224853515625;0.049000002443790436;0.4870000183582306;0.3060000240802765;-0.9750000238418579;-0.08000000566244125;-0.05700000375509262
697363.0;-0.9250000715255737;0.406000018119812;0.24900001287460327;51.5625;4.6875;8.6875;145.0;-206.0;1321.0;318.625;-84.1875;175.25;-0.6419677734375;0.31219482421875;-0.656982421875;-0.24224853515625;0.049000002443790436;0.4870000183582306;0.3060000240802765;-0.9760000705718994;-0.0650000050663948;-0.06000000238418579
697373.0;-0.968000054359436;-0.03800000250339508;0.2770000100135803;50.0625;7.6875;10.25;-128.0;329.0;1497.0;317.625;-84.75;176.125;-0.63873291015625;0.307861328125;-0.660400390625;-0.24725341796875;0.007000000216066837;0.027000000700354576;0.33800002932548523;-0.9760000705718994;-0.052000001072883606;-0.06800000369548798
697383.0;-0.9250000715255737;-0.4970000088214874;0.07500000298023224;50.0625;7.6875;10.25;-273.0;726.0;1267.0;316.0625;-84.875;177.4375;-0.62994384765625;0.30426025390625;-0.66790771484375;-0.25396728515625;0.07100000232458115;0.014000000432133675;0.08500000089406967;-0.9760000705718994;-0.0430000014603138;-0.07500000298023224
697393.0;-0.9050000309944153;-0.02800000086426735;0.009000000543892384;50.0625;7.6875;10.25;-291.0;708.0;847.0;315.75;-84.625;177.75;-0.626953125;0.30364990234375;-0.67071533203125;-0.254638671875;-0.11300000548362732;0.3970000147819519;-0.14100000262260437;-0.9760000705718994;-0.03800000250339508;-0.0820000022649765
697403.0;-1.090000033378601;0.359000027179718;-0.22300000488758087;50.0625;7.6875;10.25;-44.0;646.0;465.0;316.0625;-84.375;177.8125;-0.62548828125;0.30181884765625;-0.673828125;-0.25213623046875;-0.26900002360343933;0.22800001502037048;-0.46400001645088196;-0.9750000238418579;-0.03700000047683716;-0.08800000697374344
697404.0;-1.090000033378601;0.359000027179718;-0.22300000488758087;50.0625;7.6875;10.25;-44.0;646.0;465.0;316.0625;-84.375;177.8125;-0.62548828125;0.30181884765625;-0.673828125;-0.25213623046875;-0.26900002360343933;0.22800001502037048;-0.46400001645088196;-0.9750000238418579;-0.03700000047683716;-0.08800000697374344
697414.0;-1.2450000047683716;0.19100001454353333;-0.5530000329017639;50.0625;7.6875;10.25;601.0;619.0;177.0;316.0625;-84.375;177.8125;-0.62548828125;0.30181884765625;-0.673828125;-0.25213623046875;-0.26900002360343933;0.22800001502037048;-0.46400001645088196;-0.9750000238418579;-0.03700000047683716;-0.08800000697374344
697424.0;-1.2880001068115234;-0.1210000067949295;-0.5640000104904175;51.5;5.5625;9.875;577.0;445.0;26.0;316.4375;-84.125;177.8125;-0.62481689453125;0.3004150390625;-0.6761474609375;-0.24945068359375;-0.31200000643730164;-0.08300000429153442;-0.4710000157356262;-0.9750000238418579;-0.03700000047683716;-0.09200000762939453
697434.0;-0.9270000457763672;-0.5230000019073486;-0.35200002789497375;51.5;5.5625;9.875;91.0;217.0;-40.0;316.5625;-84.0;177.75;-0.6240234375;0.30078125;-0.6768798828125;-0.24884033203125;0.19300000369548798;-0.6990000605583191;-0.20500001311302185;-0.9750000238418579;-0.03700000047683716;-0.0950000062584877
697444.0;-0.781000018119812;-0.737000048160553;-0.30100002884864807;51.5;5.5625;9.875;-62.0;25.0;0.0;316.5;-83.9375;177.75;-0.62408447265625;0.3001708984375;-0.677490234375;-0.24786376953125;0.2760000228881836;-0.7900000214576721;-0.23200000822544098;-0.9750000238418579;-0.03800000250339508;-0.09600000083446503
697454.0;-0.6980000138282776;-0.8280000686645508;-0.328000009059906;51.5;5.5625;9.875;226.0;91.0;7.0;316.625;-83.9375;177.75;-0.6246337890625;0.2987060546875;-0.678955078125;-0.24420166015625;0.2760000228881836;-0.27400001883506775;-0.0990000069141388;-0.9740000367164612;-0.04000000283122063;-0.09800000488758087
697457.0;-0.6980000138282776;-0.8280000686645508;-0.328000009059906;51.5;5.5625;9.875;226.0;91.0;7.0;316.625;-83.9375;177.75;-0.6246337890625;0.2987060546875;-0.678955078125;-0.24420166015625;0.2760000228881836;-0.27400001883506775;-0.0990000069141388;-0.9740000367164612;-0.04000000283122063;-0.09800000488758087
697467.0;-0.6970000267028809;-0.3150000274181366;-0.1980000138282776;51.5;5.5625;9.875;749.0;236.0;-189.0;317.25;-83.75;177.5625;-0.6246337890625;0.2987060546875;-0.678955078125;-0.24420166015625;0.2760000228881836;-0.27400001883506775;-0.0990000069141388;-0.9740000367164612;-0.04000000283122063;-0.09800000488758087
697477.0;-0.8090000152587891;0.28600001335144043;0.15000000596046448;50.75;5.875;11.0625;1291.0;347.0;-440.0;318.4375;-83.4375;177.25;-0.6259765625;0.29644775390625;-0.6810302734375;-0.237548828125;0.164000004529953;0.3330000042915344;0.25200000405311584;-0.9740000367164612;-0.046000003814697266;-0.10100000351667404
697487.0;-0.9670000672340393;1.0290000438690186;0.2120000123977661;50.75;5.875;11.0625;1299.0;274.0;-525.0;319.625;-83.125;176.8125;-0.627685546875;0.29437255859375;-0.6827392578125;-0.230712890625;-0.03700000047683716;1.290000081062317;0.19100001454353333;-0.9730000495910645;-0.05400000140070915;-0.10300000756978989
697497.0;-1.0110000371932983;1.2360000610351562;0.08700000494718552;50.75;5.875;11.0625;747.0;31.0;-29.0;320.125;-83.125;152.125;-0.6287841796875;0.29205322265625;-0.6837158203125;-0.22784423828125;-0.09000000357627869;0.5830000042915344;0.27400001883506775;-0.9740000367164612;-0.04500000178813934;-0.10400000214576721
697503.0;-1.0640000104904175;0.5370000004768372;0.17000000178813934;50.75;5.875;11.0625;32.0;93.0;842.0;319.625;-83.3125;177.25;-0.62744140625;0.28900146484375;-0.68536376953125;-0.23040771484375;-0.09000000357627869;0.5830000042915344;0.27400001883506775;-0.9740000367164612;-0.030000001192092896;-0.10700000822544098
697513.0;-1.037000060081482;0.19100001454353333;0.21900001168251038;50.75;5.875;11.0625;-888.0;290.0;1360.0;318.25;-83.375;178.1875;-0.62335205078125;0.287353515625;-0.687255859375;-0.2376708984375;-0.06300000101327896;0.22200001776218414;0.3270000219345093;-0.9740000367164612;-0.030000001192092896;-0.10700000822544098
697523.0;-1.0600000619888306;-0.10100000351667404;0.24500000476837158;49.6875;6.25;10.6875;-1254.0;558.0;769.0;316.9375;-83.1875;178.6875;-0.61846923828125;0.28936767578125;-0.68865966796875;-0.243896484375;-0.0860000029206276;-0.07900000363588333;0.359000027179718;-0.9730000495910645;-0.021000001579523087;-0.11300000548362732
697533.0;-1.0260000228881836;-0.1550000011920929;0.2710000276565552;49.6875;6.25;10.6875;-1127.0;605.0;-351.0;316.375;-82.8125;168.75;-0.614990234375;0.29510498046875;-0.68865966796875;-0.24591064453125;-0.05300000309944153;-0.13100001215934753;0.39100003242492676;-0.9720000624656677;-0.023000001907348633;-0.12000000476837158
697543.0;-1.0130000114440918;0.1940000057220459;0.039000000804662704;49.6875;6.25;10.6875;-667.0;505.0;-1359.0;316.75;-82.3125;163.625;-0.61383056640625;0.3028564453125;-0.68731689453125;-0.24310302734375;-0.04200000315904617;0.23100000619888306;0.16500000655651093;-0.971000075340271;-0.036000002175569534;-0.125
697546.0;-1.0130000114440918;0.1940000057220459;0.039000000804662704;49.6875;6.25;10.6875;-667.0;505.0;-1359.0;316.75;-82.3125;163.625;-0.61383056640625;0.3028564453125;-0.68731689453125;-0.24310302734375;-0.04200000315904617;0.23100000619888306;0.16500000655651093;-0.971000075340271;-0.036000002175569534;-0.125
697556.0;-1.0500000715255737;0.24800001084804535;-0.006000000052154064;49.6875;6.25;10.6875;-364.0;504.0;-1578.0;317.5;-81.6875;158.125;-0.6134033203125;0.3104248046875;-0.6859130859375;-0.238525390625;-0.07900000363588333;0.30100002884864807;0.12400000542402267;-0.9700000286102295;-0.052000001072883606;-0.13100001215934753
697566.0;-1.0640000104904175;0.20500001311302185;-0.02800000086426735;49.6875;6.25;10.6875;-354.0;418.0;-1013.0;317.875;-81.1875;155.25;-0.61260986328125;0.31573486328125;-0.68511962890625;-0.23583984375;-0.09400000423192978;0.2680000066757202;0.10600000619888306;-0.9690000414848328;-0.06200000271201134;-0.13500000536441803
697576.0;-0.9790000319480896;-0.026000000536441803;-0.04500000178813934;50.0625;4.75;11.0625;-463.0;189.0;-191.0;317.6875;-81.0625;155.125;-0.61138916015625;0.31817626953125;-0.68487548828125;-0.236572265625;-0.01100000087171793;0.036000002175569534;0.09100000560283661;-0.968000054359436;-0.06300000101327896;-0.13700000941753387
697586.0;-0.9040000438690186;-0.0950000062584877;-0.09000000357627869;50.0625;4.75;11.0625;-536.0;-2.0;291.0;317.125;-81.125;156.5;-0.610107421875;0.31884765625;-0.6846923828125;-0.23944091796875;0.06400000303983688;-0.03500000014901161;0.04700000211596489;-0.9690000414848328;-0.05900000408291817;-0.1380000114440918
697596.0;-0.8530000448226929;-0.10500000417232513;-0.14100000262260437;50.0625;4.75;11.0625;-422.0;-82.0;276.0;316.625;-81.25;157.625;-0.60931396484375;0.319091796875;-0.684326171875;-0.24200439453125;0.11500000208616257;-0.049000002443790436;-0.003000000026077032;-0.9690000414848328;-0.0560000017285347;-0.13700000941753387
697605.0;-0.8320000171661377;-0.058000002056360245;-0.13900001347064972;50.0625;4.75;11.0625;-210.0;-78.0;95.0;316.4375;-81.3125;158.0;-0.609130859375;0.3193359375;-0.6839599609375;-0.24322509765625;0.13700000941753387;-0.003000000026077032;-0.0020000000949949026;-0.9690000414848328;-0.055000003427267075;-0.13600000739097595
697615.0;-0.8710000514984131;0.11900000274181366;-0.06300000101327896;50.0625;4.75;11.0625;-74.0;-16.0;-29.0;316.375;-81.3125;157.875;-0.609130859375;0.3197021484375;-0.68377685546875;-0.243408203125;0.09700000286102295;0.17500001192092896;0.07300000637769699;-0.9690000414848328;-0.055000003427267075;-0.13600000739097595
697625.0;-0.8990000486373901;0.17000000178813934;-0.021000001579523087;50.375;5.875;12.25;-39.0;33.0;-56.0;316.4375;-81.25;157.75;-0.6090087890625;0.320068359375;-0.6837158203125;-0.2432861328125;0.0690000057220459;0.22600001096725464;0.11600000411272049;-0.9690000414848328;-0.055000003427267075;-0.13700000941753387
697635.0;-0.8990000486373901;0.17000000178813934;-0.021000001579523087;50.375;5.875;12.25;-100.0;57.0;-38.0;316.375;-81.25;157.75;-0.608642578125;0.320556640625;-0.6837158203125;-0.24346923828125;0.05100000277161598;0.2460000067949295;0.16600000858306885;-0.9690000414848328;-0.0560000017285347;-0.13700000941753387
697645.0;-0.9290000200271606;0.17900000512599945;0.04000000283122063;50.375;5.875;12.25;-188.0;63.0;-1.0;316.25;-81.1875;158.0;-0.60809326171875;0.3212890625;-0.6837158203125;-0.2440185546875;0.04000000283122063;0.23500001430511475;0.17900000512599945;-0.9690000414848328;-0.055000003427267075;-0.1380000114440918
697651.0;-0.956000030040741;0.1380000114440918;0.024000000208616257;50.375;5.875;12.25;-246.0;86.0;-9.0;316.0625;-81.125;158.25;-0.60736083984375;0.3221435546875;-0.68365478515625;-0.2447509765625;0.012000000104308128;0.1940000057220459;0.16300000250339508;-0.9690000414848328;-0.055000003427267075;-0.13900001347064972
697661.0;-0.956000030040741;0.1380000114440918;0.024000000208616257;50.375;5.875;12.25;-256.0;102.0;-47.0;315.9375;-81.0625;158.375;-0.60662841796875;0.32330322265625;-0.68359375;-0.245361328125;-0.0020000000949949026;0.17800000309944153;0.14900000393390656;-0.968000054359436;-0.055000003427267075;-0.14000000059604645
697671.0;-0.971000075340271;0.12200000882148743;0.009000000543892384;50.375;5.875;12.25;-256.0;102.0;-47.0;315.8125;-81.0;158.375;-0.60601806640625;0.324462890625;-0.68341064453125;-0.24578857421875;-0.01100000087171793;0.16100001335144043;0.1340000033378601;-0.968000054359436;-0.0560000017285347;-0.14100000262260437
697681.0;-0.9800000190734863;0.10500000417232513;-0.007000000216066837;49.375;6.0;11.875;-165.0;72.0;-104.0;315.75;-80.9375;158.1875;-0.6055908203125;0.325439453125;-0.68328857421875;-0.24591064453125;-0.03500000014901161;0.12800000607967377;0.11500000208616257;-0.968000054359436;-0.05700000375509262;-0.1420000046491623
697691.0;-1.0040000677108765;0.07100000232458115;-0.027000000700354576;49.375;6.0;11.875;-31.0;19.0;-59.0;315.75;-80.9375;158.0625;-0.60552978515625;0.3258056640625;-0.68316650390625;-0.245849609375;-0.024000000208616257;0.08900000154972076;0.10900000482797623;-0.968000054359436;-0.05700000375509262;-0.1420000046491623
697701.0;-0.9920000433921814;0.03100000135600567;-0.03200000151991844;49.375;6.0;11.875;125.0;-103.0;20.0;315.875;-81.0;157.875;-0.6060791015625;0.3251953125;-0.68304443359375;-0.24560546875;0.018000001087784767;0.06700000166893005;0.10700000822544098;-0.968000054359436;-0.05700000375509262;-0.14100000262260437
697707.0;-0.9920000433921814;0.03100000135600567;-0.03200000151991844;49.375;6.0;11.875;125.0;-103.0;20.0;315.875;-81.0;157.875;-0.6060791015625;0.3251953125;-0.68304443359375;-0.24560546875;0.018000001087784767;0.06700000166893005;0.10700000822544098;-0.968000054359436;-0.05700000375509262;-0.14100000262260437
697717.0;-0.9500000476837158;0.009000000543892384;-0.032999999821186066;49.375;6.0;11.875;424.0;-172.0;37.0;316.125;-81.125;157.5;-0.607421875;0.323486328125;-0.68310546875;-0.2445068359375;0.04100000113248825;0.14900000393390656;0.10900000482797623;-0.968000054359436;-0.05700000375509262;-0.13900001347064972
697727.0;-0.9270000457763672;0.09100000560283661;-0.030000001192092896;49.375;6.0;11.875;424.0;-172.0;37.0;316.125;-81.125;157.5;-0.60772705078125;0.32354736328125;-0.68231201171875;-0.245849609375;0.046000003814697266;0.19200000166893005;0.10500000417232513;-0.9690000414848328;-0.0560000017285347;-0.13700000941753387
697737.0;-0.9220000505447388;0.13500000536441803;-0.03200000151991844;50.0;5.6875;14.0;418.0;-178.0;174.0;315.9375;-81.25;157.625;-0.6083984375;0.32147216796875;-0.68267822265625;-0.245849609375;0.058000002056360245;0.22200001776218414;0.10100000351667404;-0.9690000414848328;-0.05400000140070915;-0.13600000739097595
697747.0;-0.9100000262260437;0.16700001060962677;-0.03400000184774399;50.0;5.6875;14.0;92.0;-103.0;256.0;315.875;-81.5;158.9375;-0.60858154296875;0.32012939453125;-0.68292236328125;-0.24652099609375;0.06700000166893005;0.2200000137090683;0.10300000756978989;-0.9690000414848328;-0.05100000277161598;-0.13500000536441803
697751.0;-0.9020000696182251;0.1680000126361847;-0.03100000135600567;50.0;5.6875;14.0;-61.0;-63.0;201.0;315.6875;-81.5625;159.625;-0.60845947265625;0.31951904296875;-0.6829833984375;-0.24749755859375;0.07600000500679016;0.20800000429153442;0.10600000619888306;-0.9700000286102295;-0.049000002443790436;-0.1340000033378601
697761.0;-0.893000066280365;0.15800000727176666;-0.027000000700354576;50.0;5.6875;14.0;-61.0;-63.0;201.0;315.5;-81.5625;160.1875;-0.6080322265625;0.319580078125;-0.6829833984375;-0.2484130859375;0.06400000303983688;0.20800000429153442;0.11900000274181366;-0.9700000286102295;-0.04800000041723251;-0.1340000033378601
697771.0;-0.906000018119812;0.15900000929832458;-0.014000000432133675;50.0;5.6875;14.0;-159.0;-9.0;123.0;315.5;-81.5625;160.1875;-0.6080322265625;0.319580078125;-0.6829833984375;-0.2484130859375;0.06400000303983688;0.20800000429153442;0.11900000274181366;-0.9700000286102295;-0.04700000211596489;-0.1340000033378601
697781.0;-0.9260000586509705;0.1469999998807907;0.01600000075995922;50.25;6.375;12.75;-201.0;27.0;58.0;315.125;-81.5625;160.5625;-0.60711669921875;0.32122802734375;-0.68231201171875;-0.25030517578125;0.0430000014603138;0.1940000057220459;0.1510000079870224;-0.9700000286102295;-0.046000003814697266;-0.13500000536441803
697791.0;-0.9420000314712524;0.14600001275539398;0.02500000037252903;50.25;6.375;12.75;-225.0;22.0;33.0;314.8125;-81.5625;161.125;-0.606201171875;0.32244873046875;-0.681884765625;-0.25213623046875;0.030000001192092896;0.20800000429153442;0.13199999928474426;-0.9700000286102295;-0.046000003814697266;-0.13500000536441803
697801.0;-0.940000057220459;0.16100001335144043;-0.0020000000949949026;50.25;6.375;12.75;-236.0;-13.0;25.0;314.5625;-81.625;161.375;-0.60589599609375;0.32318115234375;-0.68133544921875;-0.25341796875;0.020000001415610313;0.24800001084804535;0.11900000274181366;-0.9700000286102295;-0.04500000178813934;-0.1340000033378601
697804.0;-0.940000057220459;0.16100001335144043;-0.0020000000949949026;50.25;6.375;12.75;-236.0;-13.0;25.0;314.5625;-81.625;161.375;-0.60589599609375;0.32318115234375;-0.68133544921875;-0.25341796875;0.020000001415610313;0.24800001084804535;0.11900000274181366;-0.9700000286102295;-0.04500000178813934;-0.1340000033378601
697814.0;-0.9490000605583191;0.203000009059906;-0.014000000432133675;50.25;6.375;12.75;-291.0;-59.0;40.0;314.1875;-81.6875;161.875;-0.6053466796875;0.32415771484375;-0.6806640625;-0.25543212890625;0.010000000707805157;0.28200000524520874;0.13199999928474426;-0.9700000286102295;-0.0430000014603138;-0.1340000033378601
697824.0;-0.9600000381469727;0.23800000548362732;-0.0010000000474974513;50.25;6.375;12.75;-435.0;-87.0;91.0;314.1875;-81.6875;161.875;-0.6053466796875;0.32415771484375;-0.6806640625;-0.25543212890625;0.010000000707805157;0.28200000524520874;0.13199999928474426;-0.9700000286102295;-0.0430000014603138;-0.1340000033378601
697834.0;-0.9630000591278076;0.24800001084804535;-0.03700000047683716;50.6875;5.25;13.1875;-667.0;-103.0;140.0;313.3125;-81.8125;162.6875;-0.6036376953125;0.3275146484375;-0.6787109375;-0.2601318359375;0.007000000216066837;0.289000004529953;0.0950000062584877;-0.9700000286102295;-0.04100000113248825;-0.13300000131130219
697844.0;-0.9500000476837158;0.14900000393390656;-0.08900000154972076;50.6875;5.25;13.1875;-845.0;-34.0;128.0;312.6875;-81.8125;163.6875;-0.60211181640625;0.3297119140625;-0.67767333984375;-0.263671875;-0.009000000543892384;0.08000000566244125;0.09400000423192978;-0.9700000286102295;-0.03700000047683716;-0.1340000033378601
697851.0;-0.9790000319480896;0.0430000014603138;-0.039000000804662704;50.6875;5.25;13.1875;-859.0;85.0;49.0;312.0625;-81.8125;164.5;-0.59857177734375;0.33514404296875;-0.676025390625;-0.26904296875;-0.027000000700354576;0.12600000202655792;0.15000000596046448;-0.9700000286102295;-0.036000002175569534;-0.13600000739097595
697861.0;-0.9980000257492065;0.09000000357627869;0.014000000432133675;50.6875;5.25;13.1875;-753.0;122.0;-60.0;311.5625;-81.6875;164.875;-0.597412109375;0.33740234375;-0.67535400390625;-0.27032470703125;-0.03800000250339508;0.16700001060962677;0.1860000044107437;-0.9700000286102295;-0.03700000047683716;-0.13700000941753387
697871.0;-1.0090000629425049;0.1300000101327896;0.049000002443790436;50.6875;5.25;13.1875;-533.0;103.0;-127.0;311.25;-81.625;164.75;-0.597412109375;0.33740234375;-0.67535400390625;-0.27032470703125;-0.03800000250339508;0.16700001060962677;0.1860000044107437;-0.9700000286102295;-0.03700000047683716;-0.13700000941753387
697881.0;-0.9920000433921814;0.24800001084804535;0.1120000034570694;50.25;4.875;13.0625;-329.0;28.0;-83.0;310.8125;-81.625;164.6875;-0.59613037109375;0.34063720703125;-0.6739501953125;-0.27276611328125;-0.02200000174343586;0.28600001335144043;0.25;-0.9700000286102295;-0.03700000047683716;-0.13700000941753387
697891.0;-0.9760000705718994;0.33800002932548523;0.1469999998807907;50.25;4.875;13.0625;-276.0;-107.0;32.0;310.5625;-81.6875;164.875;-0.595947265625;0.3411865234375;-0.67327880859375;-0.2740478515625;-0.005000000353902578;0.3750000298023224;0.28300002217292786;-0.9700000286102295;-0.03400000184774399;-0.1340000033378601
697891.0;-0.9760000705718994;0.33800002932548523;0.1469999998807907;50.25;4.875;13.0625;-276.0;-107.0;32.0;310.5625;-81.6875;164.875;-0.595947265625;0.3411865234375;-0.67327880859375;-0.2740478515625;-0.005000000353902578;0.3750000298023224;0.28300002217292786;-0.9700000286102295;-0.03400000184774399;-0.1340000033378601
697901.0;-0.9650000333786011;0.4320000112056732;0.17100000381469727;50.25;4.875;13.0625;-396.0;-241.0;137.0;310.1875;-81.8125;165.375;-0.59588623046875;0.34161376953125;-0.67218017578125;-0.2763671875;0.017000000923871994;0.5400000214576721;0.3140000104904175;-0.971000075340271;-0.03200000151991844;-0.13100001215934753
697911.0;-0.9530000686645508;0.5080000162124634;0.18300001323223114;50.25;4.875;13.0625;-709.0;-309.0;181.0;309.625;-82.0625;166.25;-0.595458984375;0.3427734375;-0.67047119140625;-0.27996826171875;0.017000000923871994;0.5400000214576721;0.3140000104904175;-0.971000075340271;-0.02800000086426735;-0.12800000607967377
697921.0;-0.9760000705718994;0.6310000419616699;0.25300002098083496;50.25;4.875;13.0625;-1169.0;-310.0;154.0;308.6875;-82.25;167.3125;-0.59417724609375;0.34539794921875;-0.66802978515625;-0.28515625;-0.004000000189989805;0.6600000262260437;0.38200002908706665;-0.971000075340271;-0.02800000086426735;-0.12800000607967377
697931.0;-0.9620000720024109;0.6170000433921814;0.1770000010728836;50.25;4.1875;12.1875;-1725.0;-326.0;106.0;307.1875;-82.4375;168.5;-0.59149169921875;0.3511962890625;-0.6639404296875;-0.29327392578125;0.009000000543892384;0.6420000195503235;0.30300000309944153;-0.9720000624656677;-0.02500000037252903;-0.125
697941.0;-0.971000075340271;0.5170000195503235;0.1680000126361847;50.25;4.1875;12.1875;-2303.0;-309.0;84.0;305.5625;-82.625;170.0;-0.588134765625;0.35760498046875;-0.65948486328125;-0.30218505859375;0.0;0.5390000343322754;0.29100000858306885;-0.9720000624656677;-0.021000001579523087;-0.12300000339746475
697949.0;-0.971000075340271;0.5170000195503235;0.1680000126361847;50.25;4.1875;12.1875;-2303.0;-309.0;84.0;305.5625;-82.625;170.0;-0.588134765625;0.35760498046875;-0.65948486328125;-0.30218505859375;0.0;0.5390000343322754;0.29100000858306885;-0.9720000624656677;-0.021000001579523087;-0.12300000339746475
697959.0;-0.9950000643730164;0.43400001525878906;0.2200000137090683;50.25;4.1875;12.1875;-2649.0;-237.0;84.0;303.6875;-82.8125;171.875;-0.583740234375;0.3651123046875;-0.6546630859375;-0.31207275390625;-0.02200000174343586;0.4520000219345093;0.3410000205039978;-0.9720000624656677;-0.017000000923871994;-0.1210000067949295
697969.0;-1.0740000009536743;0.37300002574920654;0.367000013589859;50.25;4.1875;12.1875;-2707.0;-214.0;76.0;301.8125;-82.9375;173.75;-0.5791015625;0.372802734375;-0.64959716796875;-0.32208251953125;-0.10000000149011612;0.38600000739097595;0.4870000183582306;-0.9730000495910645;-0.013000000268220901;-0.11900000274181366
697979.0;-1.1019999980926514;0.39000001549720764;0.4310000240802765;50.25;4.1875;12.1875;-2459.0;-270.0;63.0;300.0625;-83.0625;175.375;-0.57501220703125;0.37957763671875;-0.6446533203125;-0.3311767578125;-0.1290000081062317;0.39900001883506775;0.5490000247955322;-0.9730000495910645;-0.009000000543892384;-0.11700000613927841
697989.0;-1.1200000047683716;0.43400001525878906;0.46300002932548523;50.25;2.25;12.375;-2051.0;-402.0;97.0;298.1875;-83.3125;179.625;-0.57080078125;0.38714599609375;-0.63861083984375;-0.34136962890625;-0.14600001275539398;0.4400000274181366;0.5760000348091125;-0.9740000367164612;-0.005000000353902578;-0.11300000548362732
697993.0;-1.125;0.5490000247955322;0.47600001096725464;50.25;2.25;12.375;-1638.0;-578.0;229.0;296.9375;-83.6875;179.875;-0.5689697265625;0.39019775390625;-0.63433837890625;-0.3487548828125;-0.15000000596046448;0.5509999990463257;0.5830000042915344;-0.9740000367164612;-0.0010000000474974513;-0.10700000822544098
698003.0;-1.1150000095367432;0.5830000042915344;0.4710000157356262;50.25;2.25;12.375;-1320.0;-798.0;455.0;295.8125;-84.1875;-179.6875;-0.56805419921875;0.39117431640625;-0.63043212890625;-0.35614013671875;-0.13900001347064972;0.5790000557899475;0.5700000524520874;-0.9750000238418579;0.004000000189989805;-0.09800000488758087
698013.0;-1.1080000400543213;0.6020000576972961;0.47200003266334534;50.25;2.25;12.375;-1134.0;-974.0;633.0;294.6875;-84.75;-179.25;-0.5677490234375;0.390625;-0.62664794921875;-0.36383056640625;-0.13199999928474426;0.5900000333786011;0.5610000491142273;-0.9760000705718994;0.012000000104308128;-0.08800000697374344
698023.0;-1.1150000095367432;0.6150000095367432;0.46700000762939453;50.25;2.25;12.375;-1105.0;-1040.0;697.0;293.5;-85.25;-178.75;-0.56756591796875;0.3896484375;-0.622802734375;-0.3717041015625;-0.1380000114440918;0.5940000414848328;0.5450000166893005;-0.9770000576972961;0.020000001415610313;-0.07700000703334808
698033.0;-1.162000060081482;0.6160000562667847;0.45000001788139343;50.25;1.5625;11.0625;-1188.0;-1053.0;690.0;292.125;-85.75;-178.3125;-0.5665283203125;0.38995361328125;-0.6180419921875;-0.380859375;-0.18400001525878906;0.5870000123977661;0.5160000324249268;-0.9770000576972961;0.02800000086426735;-0.06599999964237213
698043.0;-1.162000060081482;0.6160000562667847;0.45000001788139343;50.25;1.5625;11.0625;-1328.0;-1079.0;640.0;290.9375;-86.125;-177.875;-0.56597900390625;0.3896484375;-0.6134033203125;-0.38934326171875;-0.2150000035762787;0.5660000443458557;0.5020000338554382;-0.9780000448226929;0.03500000014901161;-0.055000003427267075
698047.0;-1.162000060081482;0.6160000562667847;0.45000001788139343;50.25;1.5625;11.0625;-1328.0;-1079.0;640.0;290.9375;-86.125;-177.875;-0.56597900390625;0.3896484375;-0.6134033203125;-0.38934326171875;-0.2150000035762787;0.5660000443458557;0.5020000338554382;-0.9780000448226929;0.03500000014901161;-0.055000003427267075
698057.0;-1.227000117301941;0.5890000462532043;0.44200003147125244;50.25;1.5625;11.0625;-1497.0;-1122.0;585.0;289.625;-86.4375;-177.5;-0.5653076171875;0.389892578125;-0.608154296875;-0.398193359375;-0.24800001084804535;0.5460000038146973;0.484000027179718;-0.9780000448226929;0.04200000315904617;-0.04200000315904617
698067.0;-1.2380000352859497;0.6050000190734863;0.43800002336502075;50.25;1.5625;11.0625;-1690.0;-1190.0;520.0;288.3125;-86.625;-177.125;-0.56451416015625;0.3907470703125;-0.60211181640625;-0.4075927734375;-0.2590000033378601;0.5570000410079956;0.46800002455711365;-0.9790000319480896;0.04800000041723251;-0.029000001028180122
698077.0;-1.2380000352859497;0.6050000190734863;0.43800002336502075;50.25;1.5625;11.0625;-1848.0;-1332.0;519.0;286.875;-86.6875;-176.8125;-0.56378173828125;0.39166259765625;-0.59515380859375;-0.417724609375;-0.2760000228881836;0.5700000524520874;0.5210000276565552;-0.9790000319480896;0.05400000140070915;-0.014000000432133675
698085.0;-1.255000114440918;0.625;0.5060000419616699;50.25;1.5625;11.0625;-2035.0;-1458.0;607.0;285.3125;-86.375;-3.5625;-0.562744140625;0.392578125;-0.5875244140625;-0.42889404296875;-0.28600001335144043;0.5670000314712524;0.534000039100647;-0.9780000448226929;0.06000000238418579;0.0010000000474974513
698095.0;-1.2650001049041748;0.628000020980835;0.5350000262260437;50.25;-1.875;7.375;-2283.0;-1570.0;717.0;283.625;-85.8125;-3.9375;-0.56121826171875;0.3935546875;-0.5791015625;-0.44134521484375;-0.30300000309944153;0.5400000214576721;0.5260000228881836;-0.9780000448226929;0.06800000369548798;0.01900000125169754
698105.0;-1.281000018119812;0.6080000400543213;0.5450000166893005;50.25;-1.875;7.375;-2528.0;-1650.0;778.0;281.75;-85.0;-4.375;-0.55914306640625;0.394775390625;-0.56988525390625;-0.45477294921875;-0.35200002789497375;0.4320000112056732;0.5390000343322754;-0.9770000576972961;0.07500000298023224;0.03800000250339508
698115.0;-1.3290001153945923;0.5080000162124634;0.5770000219345093;50.25;-1.875;7.375;-2701.0;-1722.0;753.0;279.8125;-84.125;-4.75;-0.5567626953125;0.396240234375;-0.559814453125;-0.4686279296875;-0.3850000202655792;0.3750000298023224;0.5640000104904175;-0.9750000238418579;0.08100000023841858;0.058000002056360245
698125.0;-1.3610000610351562;0.45600003004074097;0.6220000386238098;50.25;-1.875;7.375;-2751.0;-1864.0;718.0;277.9375;-83.0625;-47.5625;-0.5546875;0.3975830078125;-0.5489501953125;-0.482666015625;-0.4150000214576721;0.3150000274181366;0.5770000219345093;-0.9730000495910645;0.08700000494718552;0.07900000363588333
698135.0;-1.3880000114440918;0.4020000100135803;0.6570000052452087;50.25;-1.875;7.375;-2751.0;-1864.0;718.0;276.1875;-81.75;-41.3125;-0.5540771484375;0.3966064453125;-0.53753662109375;-0.49676513671875;-0.445000022649765;0.2800000011920929;0.5860000252723694;-0.9700000286102295;0.09200000762939453;0.10500000417232513
698139.0;-1.3880000114440918;0.4020000100135803;0.6570000052452087;50.25;-1.875;7.375;-2751.0;-1864.0;718.0;276.1875;-81.75;-41.3125;-0.5540771484375;0.3966064453125;-0.53753662109375;-0.49676513671875;-0.445000022649765;0.2800000011920929;0.5860000252723694;-0.9700000286102295;0.09200000762939453;0.10500000417232513
698149.0;-1.4160000085830688;0.37300002574920654;0.6920000314712524;51.0625;-4.375;4.875;-2454.0;-2288.0;775.0;276.1875;-81.75;-41.3125;-0.55328369140625;0.3955078125;-0.52593994140625;-0.5107421875;-0.5200000405311584;0.31700000166893005;0.5870000123977661;-0.9660000205039978;0.09700000286102295;0.13100001215934753
698159.0;-1.4870001077651978;0.4140000343322754;0.7190000414848328;51.0625;-4.375;4.875;-2176.0;-2567.0;909.0;273.0;-78.75;-32.875;-0.5533447265625;0.392333984375;-0.51434326171875;-0.52471923828125;-0.5410000085830688;0.3580000102519989;0.5640000104904175;-0.9610000252723694;0.10300000756978989;0.15900000929832458
698169.0;-1.503000020980835;0.4620000123977661;0.7240000367164612;51.0625;-4.375;4.875;-1930.0;-2803.0;1121.0;271.5;-77.0;-30.25;-0.55377197265625;0.3870849609375;-0.5030517578125;-0.5389404296875;-0.5460000038146973;0.42100003361701965;0.5770000219345093;-0.9550000429153442;0.11100000888109207;0.1900000125169754
698177.0;-1.5010000467300415;0.5320000052452087;0.7670000195503235;51.0625;-4.375;4.875;-2002.0;-3112.0;1688.0;269.6875;-74.8125;-28.875;-0.552978515625;0.3795166015625;-0.4915771484375;-0.555419921875;-0.534000039100647;0.4690000116825104;0.5720000267028809;-0.9460000395774841;0.12300000339746475;0.2240000069141388
698187.0;-1.4810000658035278;0.593000054359436;0.796000063419342;51.0625;-4.375;4.875;-2002.0;-3112.0;1688.0;269.6875;-74.8125;-28.875;-0.552978515625;0.3795166015625;-0.4915771484375;-0.555419921875;-0.5210000276565552;0.4830000102519989;0.6200000047683716;-0.9350000619888306;0.13600000739097595;0.2580000162124634
698197.0;-1.4570000171661377;0.6200000047683716;0.8790000677108765;50.6875;-6.25;0.375;-2260.0;-3176.0;1896.0;267.75;-72.625;-27.875;-0.551025390625;0.371826171875;-0.4793701171875;-0.572998046875;-0.5210000276565552;0.4830000102519989;0.6200000047683716;-0.9230000376701355;0.14900000393390656;0.2939999997615814
698207.0;-1.4630000591278076;0.6020000576972961;0.8830000162124634;50.6875;-6.25;0.375;-2481.0;-3228.0;2052.0;263.4375;-67.875;-26.1875;-0.54412841796875;0.35540771484375;-0.45294189453125;-0.61029052734375;-0.5760000348091125;0.3890000283718109;0.527999997138977;-0.9080000519752502;0.16200000047683716;0.33000001311302185
698211.0;-1.4850000143051147;0.5520000457763672;0.859000027179718;50.6875;-6.25;0.375;-2543.0;-3312.0;2216.0;261.25;-65.375;-25.6875;-0.53985595703125;0.34527587890625;-0.43975830078125;-0.62921142578125;-0.6070000529289246;0.33000001311302185;0.46400001645088196;-0.8910000324249268;0.1770000010728836;0.367000013589859
698221.0;-1.499000072479248;0.5080000162124634;0.831000030040741;50.6875;-6.25;0.375;-2388.0;-3440.0;2422.0;259.125;-62.75;-25.5;-0.5355224609375;0.3330078125;-0.4273681640625;-0.6478271484375;-0.6460000276565552;0.3240000009536743;0.36900001764297485;-0.8720000386238098;0.19300000369548798;0.40400001406669617
698231.0;-1.5180001258850098;0.5180000066757202;0.7740000486373901;50.6875;-6.25;0.375;-2063.0;-3583.0;2631.0;259.125;-62.75;-25.5;-0.5355224609375;0.3330078125;-0.4273681640625;-0.6478271484375;-0.6460000276565552;0.3240000009536743;0.36900001764297485;-0.8720000386238098;0.19300000369548798;0.40400001406669617
698241.0;-1.5230001211166382;0.5270000100135803;0.7720000147819519;50.25;-9.5625;-9.5;-1739.0;-3716.0;2797.0;257.125;-60.0;-25.4375;-0.53106689453125;0.31884765625;-0.41571044921875;-0.66595458984375;-0.6730000376701355;0.3160000145435333;0.33000001311302185;-0.8490000367164612;0.21000000834465027;0.44200003147125244
698245.0;-1.5230001211166382;0.5270000100135803;0.7720000147819519;50.25;-9.5625;-9.5;-1739.0;-3716.0;2797.0;257.125;-60.0;-25.4375;-0.53106689453125;0.31884765625;-0.41571044921875;-0.66595458984375;-0.6730000376701355;0.3160000145435333;0.33000001311302185;-0.8490000367164612;0.21000000834465027;0.44200003147125244
698255.0;-1.5200001001358032;0.5090000033378601;0.8380000591278076;50.25;-9.5625;-9.5;-1551.0;-3871.0;2905.0;255.1875;-57.125;-25.4375;-0.52191162109375;0.286376953125;-0.39215087890625;-0.7012939453125;-0.6570000052452087;0.281000018119812;0.35600000619888306;-0.7950000166893005;0.2460000067949295;0.5180000066757202
698265.0;-1.4530000686645508;0.527999997138977;0.8740000128746033;50.25;-9.5625;-9.5;-1494.0;-4006.0;2950.0;253.25;-54.1875;-25.375;-0.51702880859375;0.2694091796875;-0.37969970703125;-0.71826171875;-0.6450000405311584;0.289000004529953;0.30800002813339233;-0.7640000581741333;0.26100000739097595;0.5550000071525574
698275.0;-1.409000039100647;0.5509999990463257;0.8640000224113464;50.25;-9.5625;-9.5;-1506.0;-4054.0;2902.0;251.4375;-51.1875;-25.1875;-0.51220703125;0.25250244140625;-0.3663330078125;-0.73468017578125;-0.64000004529953;0.28200000524520874;0.2630000114440918;-0.7310000061988831;0.27400001883506775;0.5920000076293945
698278.0;-1.409000039100647;0.5509999990463257;0.8640000224113464;50.25;-9.5625;-9.5;-1506.0;-4054.0;2902.0;251.4375;-51.1875;-25.1875;-0.51220703125;0.25250244140625;-0.3663330078125;-0.73468017578125;-0.64000004529953;0.28200000524520874;0.2630000114440918;-0.7310000061988831;0.27400001883506775;0.5920000076293945
698288.0;-1.3720000982284546;0.5560000538825989;0.8560000658035278;50.25;-9.5625;-9.5;-1589.0;-4090.0;2800.0;249.75;-48.25;-24.8125;-0.51220703125;0.25250244140625;-0.3663330078125;-0.73468017578125;-0.64000004529953;0.28200000524520874;0.2630000114440918;-0.7310000061988831;0.27400001883506775;0.5920000076293945
698298.0;-1.346000075340271;0.5160000324249268;0.8730000257492065;44.75;-16.25;-19.375;-1671.0;-4085.0;2710.0;248.0625;-45.3125;-24.3125;-0.50714111328125;0.23583984375;-0.352294921875;-0.7503662109375;-0.6490000486373901;0.23200000822544098;0.24500000476837158;-0.6970000267028809;0.28300002217292786;0.628000020980835
698308.0;-1.3270000219345093;0.40700000524520874;0.8520000576972961;44.75;-16.25;-19.375;-1696.0;-4079.0;2664.0;246.5;-42.375;-23.6875;-0.50189208984375;0.21917724609375;-0.33782958984375;-0.76544189453125;-0.687000036239624;0.07400000095367432;0.12800000607967377;-0.6240000128746033;0.2980000078678131;0.6950000524520874
698311.0;-1.311000108718872;0.3720000088214874;0.8240000605583191;44.75;-16.25;-19.375;-1572.0;-4088.0;2634.0;244.9375;-39.5;-23.1875;-0.49652099609375;0.20208740234375;-0.32354736328125;-0.7796630859375;-0.6970000267028809;0.05900000408291817;0.08300000429153442;-0.5840000510215759;0.30400002002716064;0.7250000238418579
698321.0;-1.2820000648498535;0.36400002241134644;0.8090000152587891;44.75;-16.25;-19.375;-1320.0;-4133.0;2639.0;243.5;-36.5625;-22.75;-0.49114990234375;0.1839599609375;-0.30999755859375;-0.79296875;-0.6970000267028809;0.05900000408291817;0.08300000429153442;-0.5430000424385071;0.31200000643730164;0.7540000081062317
698331.0;-1.2310000658035278;0.3830000162124634;0.7970000505447388;44.75;-16.25;-19.375;-1052.0;-4174.0;2681.0;242.125;-33.625;-22.5;-0.48553466796875;0.16473388671875;-0.29730224609375;-0.805419921875;-0.687000036239624;0.07000000029802322;0.0430000014603138;-0.5430000424385071;0.31200000643730164;0.7540000081062317
698341.0;-1.1220000982284546;0.4140000343322754;0.7690000534057617;35.0625;-19.5625;-28.75;-847.0;-4185.0;2731.0;240.8125;-30.625;-22.3125;-0.4796142578125;0.144775390625;-0.28521728515625;-0.817138671875;-0.6210000514984131;0.09300000220537186;-0.010000000707805157;-0.5;0.320000022649765;0.7790000438690186
698342.0;-1.1220000982284546;0.4140000343322754;0.7690000534057617;35.0625;-19.5625;-28.75;-847.0;-4185.0;2731.0;240.8125;-30.625;-22.3125;-0.4796142578125;0.144775390625;-0.28521728515625;-0.817138671875;-0.6210000514984131;0.09300000220537186;-0.010000000707805157;-0.5;0.320000022649765;0.7790000438690186
698352.0;-1.0630000829696655;0.41700002551078796;0.7920000553131104;35.0625;-19.5625;-28.75;-771.0;-4169.0;2769.0;239.4375;-27.6875;-22.1875;-0.47314453125;0.12457275390625;-0.27337646484375;-0.82818603515625;-0.6070000529289246;0.08800000697374344;-0.01100000087171793;-0.45500001311302185;0.328000009059906;0.8030000329017639
698362.0;-1.00600004196167;0.4180000126361847;0.8340000510215759;35.0625;-19.5625;-28.75;-844.0;-4176.0;2772.0;238.125;-24.6875;-22.0;-0.46636962890625;0.1043701171875;-0.260986328125;-0.8387451171875;-0.5960000157356262;0.08400000631809235;0.00800000037997961;-0.4100000262260437;0.3330000042915344;0.8250000476837158
698372.0;-0.9260000586509705;0.47700002789497375;0.9180000424385071;35.0625;-19.5625;-28.75;-1004.0;-4214.0;2677.0;236.8125;-21.75;-21.625;-0.4595947265625;0.08447265625;-0.24749755859375;-0.8487548828125;-0.5630000233650208;0.14100000262260437;0.07100000232458115;-0.3630000054836273;0.33500000834465027;0.8460000157356262
698375.0;-0.9260000586509705;0.47700002789497375;0.9180000424385071;35.0625;-19.5625;-28.75;-1004.0;-4214.0;2677.0;236.8125;-21.75;-21.625;-0.4595947265625;0.08447265625;-0.24749755859375;-0.8487548828125;-0.5630000233650208;0.14100000262260437;0.07100000232458115;-0.3630000054836273;0.33500000834465027;0.8460000157356262
698385.0;-0.9020000696182251;0.492000013589859;0.9350000619888306;35.0625;-19.5625;-28.75;-1171.0;-4257.0;2483.0;235.6875;-18.8125;-21.0625;-0.45330810546875;0.06494140625;-0.23297119140625;-0.85791015625;-0.5860000252723694;0.15700000524520874;0.0690000057220459;-0.3160000145435333;0.33400002121925354;0.8650000691413879
698395.0;-0.8770000338554382;0.4660000205039978;0.921000063419342;25.0625;-21.0625;-35.0;-1266.0;-4299.0;2329.0;234.625;-15.875;-20.4375;-0.44744873046875;0.045654296875;-0.2176513671875;-0.8662109375;-0.609000027179718;0.13600000739097595;0.03800000250339508;-0.2680000066757202;0.3290000259876251;0.8830000162124634
698405.0;-0.8580000400543213;0.4220000207424164;0.8920000195503235;25.0625;-21.0625;-35.0;-1276.0;-4346.0;2288.0;233.5625;-12.9375;-19.75;-0.4415283203125;0.026123046875;-0.2020263671875;-0.873779296875;-0.6380000114440918;0.0990000069141388;-0.007000000216066837;-0.21900001168251038;0.3230000138282776;0.8990000486373901
698415.0;-0.8080000281333923;0.36100003123283386;0.7910000085830688;25.0625;-21.0625;-35.0;-1179.0;-4418.0;2309.0;232.5625;-9.9375;-19.125;-0.435302734375;0.00604248046875;-0.1865234375;-0.8807373046875;-0.6380000114440918;0.04400000348687172;-0.1210000067949295;-0.16900001466274261;0.31700000166893005;0.9120000600814819
698425.0;-0.7720000147819519;0.3580000102519989;0.7480000257492065;25.0625;-21.0625;-35.0;-991.0;-4488.0;2369.0;231.5625;-6.875;-18.625;-0.428466796875;-0.014892578125;-0.171630859375;-0.886962890625;-0.6540000438690186;0.04700000211596489;-0.1730000078678131;-0.11800000816583633;0.3110000193119049;0.9220000505447388
698431.0;-0.7400000095367432;0.3500000238418579;0.7150000333786011;25.0625;-21.0625;-35.0;-733.0;-4542.0;2483.0;230.4375;-3.8125;-18.1875;-0.4208984375;-0.0367431640625;-0.15765380859375;-0.892578125;-0.675000011920929;0.0430000014603138;-0.21300001442432404;-0.0650000050663948;0.3060000240802765;0.9290000200271606
698441.0;-0.7130000591278076;0.34800001978874207;0.7020000219345093;13.5625;-21.0;-41.6875;-441.0;-4599.0;2666.0;229.3125;-0.6875;-18.0;-0.41204833984375;-0.05963134765625;-0.144775390625;-0.8975830078125;-0.7010000348091125;0.04500000178813934;-0.23000000417232513;-0.012000000104308128;0.30300000309944153;0.9320000410079956
698451.0;-0.6510000228881836;0.3660000264644623;0.7140000462532043;13.5625;-21.0;-41.6875;-154.0;-4635.0;2911.0;227.9375;2.5;-17.875;-0.40167236328125;-0.08343505859375;-0.13299560546875;-0.9022216796875;-0.6940000057220459;0.0650000050663948;-0.21700000762939453;0.04200000315904617;0.30100002884864807;0.9320000410079956
698461.0;-0.6200000047683716;0.36900001764297485;0.7440000176429749;13.5625;-21.0;-41.6875;64.0;-4666.0;3186.0;226.5;5.75;-17.8125;-0.38958740234375;-0.10797119140625;-0.1219482421875;-0.906494140625;-0.7190000414848328;0.0690000057220459;-0.18300001323223114;0.09800000488758087;0.2990000247955322;0.9280000329017639
698463.0;-0.6200000047683716;0.36900001764297485;0.7440000176429749;13.5625;-21.0;-41.6875;64.0;-4666.0;3186.0;226.5;5.75;-17.8125;-0.38958740234375;-0.10797119140625;-0.1219482421875;-0.906494140625;-0.7190000414848328;0.0690000057220459;-0.18300001323223114;0.09800000488758087;0.2990000247955322;0.9280000329017639
698473.0;-0.6220000386238098;0.37800002098083496;0.7430000305175781;13.5625;-21.0;-41.6875;243.0;-4701.0;3466.0;224.8125;9.125;-17.8125;-0.375732421875;-0.13311767578125;-0.1114501953125;-0.91033935546875;-0.7770000100135803;0.08100000023841858;-0.17800000309944153;0.1550000011920929;0.2970000207424164;0.921000063419342
698483.0;-0.6220000386238098;0.37800002098083496;0.7430000305175781;13.5625;-21.0;-41.6875;419.0;-4723.0;3679.0;223.0;12.5;-17.875;-0.3603515625;-0.15875244140625;-0.1014404296875;-0.91357421875;-0.8370000123977661;0.10200000554323196;-0.20500001311302185;0.2120000123977661;0.2930000126361847;0.9110000729560852
698493.0;-0.6240000128746033;0.3960000276565552;0.7050000429153442;-0.0625;-20.375;-43.375;543.0;-4731.0;3875.0;221.0625;15.9375;-17.8125;-0.343505859375;-0.1845703125;-0.091796875;-0.916259765625;-0.8020000457763672;0.07800000160932541;-0.19100001454353333;0.26900002360343933;0.289000004529953;0.8970000147819519
698498.0;-0.6240000128746033;0.3960000276565552;0.7050000429153442;-0.0625;-20.375;-43.375;543.0;-4731.0;3875.0;221.0625;15.9375;-17.8125;-0.343505859375;-0.1845703125;-0.091796875;-0.916259765625;-0.8020000457763672;0.07800000160932541;-0.19100001454353333;0.26900002360343933;0.289000004529953;0.8970000147819519
698508.0;-0.5320000052452087;0.367000013589859;0.7050000429153442;-0.0625;-20.375;-43.375;572.0;-4735.0;4081.0;219.0;19.4375;-17.6875;-0.32537841796875;-0.21038818359375;-0.0819091796875;-0.91827392578125;-0.8030000329017639;0.07400000095367432;-0.18200001120567322;0.32600000500679016;0.281000018119812;0.8800000548362732
698518.0;-0.47700002789497375;0.35600000619888306;0.6970000267028809;-0.0625;-20.375;-43.375;535.0;-4726.0;4199.0;216.8125;22.9375;-17.4375;-0.3062744140625;-0.23590087890625;-0.07171630859375;-0.91943359375;-0.8090000152587891;0.08400000631809235;-0.2160000056028366;0.38200002908706665;0.2710000276565552;0.8610000610351562
698528.0;-0.4270000159740448;0.35500001907348633;0.6450000405311584;-0.0625;-20.375;-43.375;442.0;-4689.0;4221.0;214.625;26.375;-16.9375;-0.286865234375;-0.2608642578125;-0.06097412109375;-0.91973876953125;-0.7860000133514404;0.09700000286102295;-0.30000001192092896;0.4360000193119049;0.25600001215934753;0.8390000462532043
698533.0;-0.3490000069141388;0.3530000150203705;0.5390000343322754;-0.0625;-20.375;-43.375;266.0;-4626.0;4200.0;212.4375;29.8125;-16.25;-0.26739501953125;-0.284912109375;-0.0494384765625;-0.919189453125;-0.7980000376701355;0.11100000888109207;-0.3440000116825104;0.4870000183582306;0.23800000548362732;0.8160000443458557
698543.0;-0.3100000023841858;0.3500000238418579;0.47200003266334534;-0.0625;-20.375;-43.375;266.0;-4626.0;4200.0;212.4375;29.8125;-16.25;-0.26739501953125;-0.284912109375;-0.0494384765625;-0.919189453125;-0.8050000667572021;0.11100000888109207;-0.3710000216960907;0.5360000133514404;0.2160000056028366;0.7920000553131104
698553.0;-0.26900002360343933;0.3270000219345093;0.42000001668930054;-14.5625;-20.75;-41.0;51.0;-4537.0;4178.0;210.25;33.125;-15.25;-0.24810791015625;-0.30792236328125;-0.0369873046875;-0.917724609375;-0.8160000443458557;0.11300000548362732;-0.39000001549720764;0.581000030040741;0.1900000125169754;0.7660000324249268
698563.0;-0.23400001227855682;0.30400002002716064;0.3750000298023224;-14.5625;-20.75;-41.0;-353.0;-4421.0;4137.0;205.875;39.5625;-12.3125;-0.21002197265625;-0.35125732421875;-0.00927734375;-0.912353515625;-0.8380000591278076;0.08100000023841858;-0.4620000123977661;0.6240000128746033;0.16100001335144043;0.7380000352859497
698564.0;-0.23400001227855682;0.30400002002716064;0.3750000298023224;-14.5625;-20.75;-41.0;-353.0;-4421.0;4137.0;205.875;39.5625;-12.3125;-0.21002197265625;-0.35125732421875;-0.00927734375;-0.912353515625;-0.8380000591278076;0.08100000023841858;-0.4620000123977661;0.6240000128746033;0.16100001335144043;0.7380000352859497
698574.0;-0.21300001442432404;0.24300001561641693;0.2760000228881836;-14.5625;-20.75;-41.0;-498.0;-4373.0;4137.0;203.75;42.625;-10.3125;-0.191162109375;-0.37176513671875;0.00567626953125;-0.90838623046875;-0.8740000128746033;0.07700000703334808;-0.45100003480911255;0.6640000343322754;0.1290000081062317;0.7090000510215759
698584.0;-0.21000000834465027;0.20600001513957977;0.2580000162124634;-14.5625;-20.75;-41.0;-600.0;-4320.0;4160.0;201.5625;45.625;-7.9375;-0.17218017578125;-0.3916015625;0.02105712890625;-0.90362548828125;-0.8870000243186951;0.0690000057220459;-0.4480000138282776;0.7010000348091125;0.09400000423192978;0.6790000200271606
698594.0;-0.1860000044107437;0.164000004529953;0.23000000417232513;-14.5625;-20.75;-41.0;-600.0;-4320.0;4160.0;201.5625;45.625;-7.9375;-0.17218017578125;-0.3916015625;0.02105712890625;-0.90362548828125;-0.8870000243186951;0.0690000057220459;-0.4480000138282776;0.734000027179718;0.058000002056360245;0.6470000147819519
698604.0;-0.164000004529953;0.12000000476837158;0.23600001633167267;-28.375;-16.25;-36.0;-669.0;-4267.0;4218.0;199.3125;48.4375;-5.125;-0.15289306640625;-0.41064453125;0.03680419921875;-0.89813232421875;-0.8990000486373901;0.06100000441074371;-0.4100000262260437;0.7630000114440918;0.01900000125169754;0.6140000224113464
698611.0;-0.06200000271201134;0.012000000104308128;0.13900001347064972;-28.375;-16.25;-36.0;-745.0;-4144.0;4251.0;194.6875;53.5625;1.9375;-0.1143798828125;-0.445556640625;0.069091796875;-0.88525390625;-0.7870000600814819;-0.029000001028180122;-0.531000018119812;0.7890000343322754;-0.020000001415610313;0.581000030040741
698621.0;0.0010000000474974513;-0.049000002443790436;0.05000000074505806;-28.375;-16.25;-36.0;-829.0;-4002.0;4201.0;192.4375;55.6875;6.1875;-0.095947265625;-0.4613037109375;0.08514404296875;-0.8779296875;-0.7660000324249268;-0.05100000277161598;-0.581000030040741;0.8100000619888306;-0.05900000408291817;0.5490000247955322
698631.0;0.04400000348687172;-0.11100000888109207;-0.03200000151991844;-28.375;-16.25;-36.0;-893.0;-3850.0;4077.0;190.25;57.5;10.875;-0.0782470703125;-0.47576904296875;0.1009521484375;-0.8702392578125;-0.6570000052452087;-0.18400001525878906;-0.7510000467300415;0.8270000219345093;-0.0990000069141388;0.5160000324249268
698641.0;0.16900001466274261;-0.28300002217292786;-0.23400001227855682;-28.375;-16.25;-36.0;-938.0;-3659.0;3955.0;190.25;57.5;10.875;-0.0782470703125;-0.47576904296875;0.1009521484375;-0.8702392578125;-0.6570000052452087;-0.18400001525878906;-0.7510000467300415;0.8270000219345093;-0.0990000069141388;0.5160000324249268
698651.0;0.2590000033378601;-0.3790000081062317;-0.33900001645088196;-39.375;-7.75;-31.5;-1022.0;-3447.0;3786.0;188.125;59.0;15.875;-0.06158447265625;-0.489013671875;0.11651611328125;-0.86224365234375;-0.581000030040741;-0.2410000115633011;-0.8240000605583191;0.8410000205039978;-0.1380000114440918;0.48500001430511475
698661.0;0.3790000081062317;-0.4930000305175781;-0.4390000104904175;-39.375;-7.75;-31.5;-1155.0;-3231.0;3570.0;186.1875;60.1875;21.125;-0.03289794921875;-0.5115966796875;0.1474609375;-0.8458251953125;-0.3440000116825104;-0.41700002551078796;-0.9450000524520874;0.8580000400543213;-0.2110000103712082;0.4240000247955322
698663.0;0.3790000081062317;-0.4930000305175781;-0.4390000104904175;-39.375;-7.75;-31.5;-1155.0;-3231.0;3570.0;186.1875;60.1875;21.125;-0.03289794921875;-0.5115966796875;0.1474609375;-0.8458251953125;-0.3440000116825104;-0.41700002551078796;-0.9450000524520874;0.8580000400543213;-0.2110000103712082;0.4240000247955322
698673.0;0.5130000114440918;-0.6290000081062317;-0.5200000405311584;-39.375;-7.75;-31.5;-1340.0;-2974.0;3294.0;184.4375;61.0625;26.4375;-0.02154541015625;-0.5205078125;0.16351318359375;-0.8377685546875;-0.13199999928474426;-0.5420000553131104;-0.8180000185966492;0.862000048160553;-0.2460000067949295;0.3960000276565552
698683.0;0.7290000319480896;-0.7890000343322754;-0.42100003361701965;-39.375;-7.75;-31.5;-1646.0;-2628.0;3072.0;182.9375;61.5;31.8125;-0.01251220703125;-0.52752685546875;0.1805419921875;-0.83001708984375;-0.17000000178813934;-0.4310000240802765;-0.7150000333786011;0.8630000352859497;-0.2800000011920929;0.3700000047683716
698693.0;0.6930000185966492;-0.7120000123977661;-0.3440000116825104;-39.375;-7.75;-31.5;-2026.0;-2225.0;2865.0;181.6875;61.625;37.125;-0.01251220703125;-0.52752685546875;0.1805419921875;-0.83001708984375;-0.17000000178813934;-0.4310000240802765;-0.7150000333786011;0.8630000352859497;-0.2800000011920929;0.3700000047683716
698699.0;0.6930000185966492;-0.7120000123977661;-0.3440000116825104;-39.375;-7.75;-31.5;-2026.0;-2225.0;2865.0;181.6875;61.625;37.125;-0.01251220703125;-0.52752685546875;0.1805419921875;-0.83001708984375;-0.17000000178813934;-0.4310000240802765;-0.7150000333786011;0.8630000352859497;-0.2800000011920929;0.3700000047683716
698709.0;0.5690000057220459;-0.6020000576972961;-0.28600001335144043;-45.375;1.875;-23.6875;-2357.0;-1767.0;2621.0;180.8125;61.4375;42.0625;-0.00592041015625;-0.53253173828125;0.1982421875;-0.8228759765625;-0.29200002551078796;-0.2880000174045563;-0.6340000033378601;0.8610000610351562;-0.31300002336502075;0.34700000286102295
698719.0;0.453000009059906;-0.5610000491142273;-0.2750000059604645;-45.375;1.875;-23.6875;-2524.0;-1401.0;2366.0;180.125;61.0625;46.5625;-0.00128173828125;-0.53594970703125;0.21588134765625;-0.816162109375;-0.484000027179718;-0.32200002670288086;-0.6260000467300415;0.8540000319480896;-0.3710000216960907;0.3050000071525574
698729.0;0.36900001764297485;-0.6940000057220459;-0.320000022649765;-45.375;1.875;-23.6875;-2431.0;-1183.0;2161.0;179.625;60.5625;50.5;0.00250244140625;-0.5384521484375;0.232421875;-0.8099365234375;-0.49800002574920654;-0.32600000500679016;-0.6200000047683716;0.8490000367164612;-0.3960000276565552;0.28700000047683716
698739.0;0.3500000238418579;-0.7230000495910645;-0.3320000171661377;-45.375;1.875;-23.6875;-2032.0;-1093.0;2024.0;179.0;60.0;54.0;0.0067138671875;-0.5406494140625;0.246826171875;-0.80419921875;-0.49800002574920654;-0.32600000500679016;-0.6200000047683716;0.8440000414848328;-0.4180000126361847;0.2710000276565552
698749.0;0.3410000205039978;-0.7170000076293945;-0.359000027179718;-45.375;1.875;-23.6875;-1468.0;-1091.0;1934.0;178.25;59.375;56.9375;0.01214599609375;-0.542724609375;0.258544921875;-0.79901123046875;-0.5020000338554382;-0.2990000247955322;-0.6300000548362732;0.8440000414848328;-0.4180000126361847;0.2710000276565552
698749.0;0.3410000205039978;-0.7170000076293945;-0.359000027179718;-45.375;1.875;-23.6875;-1468.0;-1091.0;1934.0;178.25;59.375;56.9375;0.01214599609375;-0.542724609375;0.258544921875;-0.79901123046875;-0.5020000338554382;-0.2990000247955322;-0.6300000548362732;0.8440000414848328;-0.4180000126361847;0.2710000276565552
698759.0;0.3400000035762787;-0.7010000348091125;-0.33100003004074097;-46.0;10.875;-18.75;-970.0;-1168.0;1823.0;177.25;58.8125;59.5;0.0186767578125;-0.54522705078125;0.26776123046875;-0.794189453125;-0.49800002574920654;-0.2639999985694885;-0.5879999995231628;0.8390000462532043;-0.43700000643730164;0.25699999928474426
698769.0;0.3060000240802765;-0.6180000305175781;-0.23400001227855682;-46.0;10.875;-18.75;-709.0;-1222.0;1741.0;176.25;58.25;61.8125;0.025634765625;-0.54791259765625;0.27557373046875;-0.7894287109375;-0.5270000100135803;-0.16300000250339508;-0.47700002789497375;0.8340000510215759;-0.4540000259876251;0.242000013589859
698779.0;0.26600000262260437;-0.5790000557899475;-0.1810000091791153;-46.0;10.875;-18.75;-728.0;-1255.0;1719.0;175.25;57.6875;64.125;0.03253173828125;-0.5506591796875;0.28338623046875;-0.784423828125;-0.562000036239624;-0.1080000028014183;-0.4100000262260437;0.8290000557899475;-0.4710000157356262;0.22800001502037048
698789.0;0.24400001764297485;-0.5770000219345093;-0.1380000114440918;-46.0;10.875;-18.75;-955.0;-1271.0;1750.0;174.25;57.0625;66.5;0.03887939453125;-0.553466796875;0.292236328125;-0.77899169921875;-0.578000009059906;-0.08800000697374344;-0.3500000238418579;0.8230000138282776;-0.4880000352859497;0.2120000123977661
698799.0;0.25200000405311584;-0.6310000419616699;-0.11600000411272049;-46.0;10.875;-18.75;-1204.0;-1286.0;1783.0;173.375;56.375;68.9375;0.044677734375;-0.55621337890625;0.30206298828125;-0.77288818359375;-0.5640000104904175;-0.12400000542402267;-0.3110000193119049;0.8160000443458557;-0.5060000419616699;0.1940000057220459
698801.0;0.2710000276565552;-0.6720000505447388;-0.15800000727176666;-46.75;16.0;-15.5;-1276.0;-1321.0;1802.0;172.4375;55.625;71.375;0.0504150390625;-0.5589599609375;0.312255859375;-0.7664794921875;-0.5370000004768372;-0.1469999998807907;-0.33500000834465027;0.8090000152587891;-0.5240000486373901;0.17600001394748688
698811.0;0.27000001072883606;-0.706000030040741;-0.21000000834465027;-46.75;16.0;-15.5;-1079.0;-1360.0;1732.0;171.5;54.875;73.625;0.05645751953125;-0.56182861328125;0.32135009765625;-0.76019287109375;-0.531000018119812;-0.16500000655651093;-0.36900001764297485;0.8020000457763672;-0.5410000085830688;0.15800000727176666
698821.0;0.2750000059604645;-0.737000048160553;-0.3370000123977661;-46.75;16.0;-15.5;-669.0;-1416.0;1608.0;170.375;54.125;75.5;0.0633544921875;-0.56494140625;0.328369140625;-0.75433349609375;-0.5190000534057617;-0.1810000091791153;-0.48100003600120544;0.7950000166893005;-0.5550000071525574;0.14300000667572021
698831.0;0.15300001204013824;-0.7720000147819519;-0.2800000011920929;-46.75;16.0;-15.5;-292.0;-1479.0;1653.0;169.0625;53.375;77.1875;0.07159423828125;-0.56805419921875;0.33392333984375;-0.748779296875;-0.6330000162124634;-0.20200000703334808;-0.4090000092983246;0.7870000600814819;-0.5700000524520874;0.1290000081062317
698834.0;0.15300001204013824;-0.7720000147819519;-0.2800000011920929;-46.75;16.0;-15.5;-292.0;-1479.0;1653.0;169.0625;53.375;77.1875;0.07159423828125;-0.56805419921875;0.33392333984375;-0.748779296875;-0.6330000162124634;-0.20200000703334808;-0.4090000092983246;0.7870000600814819;-0.5700000524520874;0.1290000081062317
698844.0;0.1600000113248825;-0.7260000109672546;-0.29200002551078796;-46.75;16.0;-15.5;-68.0;-1621.0;1909.0;167.375;52.4375;78.8125;0.081787109375;-0.571044921875;0.33929443359375;-0.7430419921875;-0.6170000433921814;-0.14000000059604645;-0.40700000524520874;0.7770000100135803;-0.5860000252723694;0.11500000208616257
698854.0;0.25;-0.7880000472068787;-0.24300001561641693;-44.375;20.5;-10.0;-47.0;-1681.0;1975.0;165.6875;51.4375;80.4375;0.0924072265625;-0.5740966796875;0.34466552734375;-0.7369384765625;-0.5160000324249268;-0.1850000023841858;-0.3440000116825104;0.7670000195503235;-0.6020000576972961;0.10100000351667404
698864.0;0.18300001323223114;-0.8720000386238098;-0.1980000138282776;-44.375;20.5;-10.0;5.0;-1750.0;1820.0;164.0;50.5;81.9375;0.1026611328125;-0.5775146484375;0.34930419921875;-0.730712890625;-0.5740000009536743;-0.2550000250339508;-0.2850000262260437;0.7570000290870667;-0.6160000562667847;0.08700000494718552
698874.0;0.10900000482797623;-0.8490000367164612;-0.16700001060962677;-44.375;20.5;-10.0;55.0;-1846.0;1800.0;162.1875;49.5625;83.375;0.1131591796875;-0.58123779296875;0.353515625;-0.72412109375;-0.6370000243186951;-0.21800000965595245;-0.23900000751018524;0.7470000386238098;-0.6310000419616699;0.07200000435113907
698884.0;0.1300000101327896;-0.8440000414848328;-0.13900001347064972;-44.375;20.5;-10.0;20.0;-1881.0;1760.0;160.4375;48.625;84.8125;0.12347412109375;-0.5850830078125;0.35772705078125;-0.71728515625;-0.6060000061988831;-0.1990000158548355;-0.1980000138282776;0.7360000610351562;-0.6440000534057617;0.058000002056360245
698886.0;0.1300000101327896;-0.8440000414848328;-0.13900001347064972;-44.375;20.5;-10.0;20.0;-1881.0;1760.0;160.4375;48.625;84.8125;0.12347412109375;-0.5850830078125;0.35772705078125;-0.71728515625;-0.6060000061988831;-0.1990000158548355;-0.1980000138282776;0.7360000610351562;-0.6440000534057617;0.058000002056360245
698896.0;0.1300000101327896;-0.8440000414848328;-0.13900001347064972;-44.375;20.5;-10.0;-72.0;-1870.0;1695.0;158.75;47.6875;86.1875;0.1331787109375;-0.5889892578125;0.36199951171875;-0.710205078125;-0.6170000433921814;-0.20800000429153442;-0.20000000298023224;0.7250000238418579;-0.6580000519752502;0.0430000014603138
698906.0;0.10700000822544098;-0.8660000562667847;-0.15700000524520874;-43.0;24.875;-6.6875;-122.0;-1822.0;1639.0;157.0625;46.75;87.5;0.14239501953125;-0.59271240234375;0.3662109375;-0.70306396484375;-0.5900000333786011;-0.26200002431869507;-0.24300001561641693;0.7150000333786011;-0.6700000166893005;0.02800000086426735
698916.0;0.12400000542402267;-0.9320000410079956;-0.21400001645088196;-43.0;24.875;-6.6875;-103.0;-1800.0;1638.0;155.375;45.8125;88.75;0.151611328125;-0.59625244140625;0.370361328125;-0.6959228515625;-0.51500004529953;-0.2880000174045563;-0.3140000104904175;0.703000009059906;-0.6820000410079956;0.014000000432133675
698919.0;0.12400000542402267;-0.9320000410079956;-0.21400001645088196;-43.0;24.875;-6.6875;-103.0;-1800.0;1638.0;155.375;45.8125;88.75;0.151611328125;-0.59625244140625;0.370361328125;-0.6959228515625;-0.51500004529953;-0.2880000174045563;-0.3140000104904175;0.703000009059906;-0.6820000410079956;0.014000000432133675
698929.0;0.18800000846385956;-0.971000075340271;-0.30000001192092896;-43.0;24.875;-6.6875;-153.0;-1760.0;1696.0;153.6875;44.8125;89.9375;0.16082763671875;-0.5994873046875;0.37481689453125;-0.68865966796875;-0.5110000371932983;-0.21000000834465027;-0.3750000298023224;0.6910000443458557;-0.6950000524520874;0.0
698939.0;0.17900000512599945;-0.9050000309944153;-0.3750000298023224;-43.0;24.875;-6.6875;-491.0;-1577.0;1724.0;152.1875;43.75;91.1875;0.16864013671875;-0.6021728515625;0.38067626953125;-0.68121337890625;-0.19300000369548798;-0.36000001430511475;-0.36500000953674316;0.6780000329017639;-0.7070000171661377;-0.014000000432133675
698949.0;0.484000027179718;-1.0670000314712524;-0.3800000250339508;-43.0;24.875;-6.6875;-464.0;-1429.0;1136.0;151.0;43.0625;92.25;0.17413330078125;-0.60540771484375;0.3846435546875;-0.6746826171875;-0.3400000035762787;-0.453000009059906;-0.40400001406669617;0.6690000295639038;-0.7150000333786011;-0.02800000086426735
698959.0;0.3290000259876251;-1.1680001020431519;-0.4320000112056732;-43.0;24.875;-6.6875;-464.0;-1429.0;1136.0;151.0;43.0625;92.25;0.17926025390625;-0.60821533203125;0.38818359375;-0.66876220703125;-0.27300000190734863;-0.3920000195503235;-0.3790000081062317;0.6610000133514404;-0.7230000495910645;-0.04000000283122063
698969.0;0.3880000114440918;-1.1150000095367432;-0.4190000295639038;-40.0;29.0625;-3.375;-384.0;-1303.0;1053.0;149.9375;42.375;93.1875;0.17926025390625;-0.60821533203125;0.38818359375;-0.66876220703125;-0.2990000247955322;-0.3890000283718109;-0.38100001215934753;0.6530000567436218;-0.7290000319480896;-0.05100000277161598
698971.0;0.3540000021457672;-1.1190000772476196;-0.4320000112056732;-40.0;29.0625;-3.375;-325.0;-1025.0;957.0;148.0625;41.125;94.6875;0.1881103515625;-0.612548828125;0.3946533203125;-0.65850830078125;-0.3140000104904175;-0.33400002121925354;-0.3800000250339508;0.6450000405311584;-0.7350000143051147;-0.06000000238418579
698981.0;0.33100003004074097;-1.0700000524520874;-0.4400000274181366;-40.0;29.0625;-3.375;-253.0;-935.0;941.0;147.1875;40.5;95.3125;0.1925048828125;-0.61407470703125;0.39764404296875;-0.65399169921875;-0.32100000977516174;-0.2290000170469284;-0.3710000216960907;0.6370000243186951;-0.7410000562667847;-0.0690000057220459
698991.0;0.3160000145435333;-0.971000075340271;-0.4400000274181366;-40.0;29.0625;-3.375;-178.0;-875.0;860.0;146.3125;39.9375;95.8125;0.19671630859375;-0.615478515625;0.400146484375;-0.64990234375;-0.2939999997615814;-0.2410000115633011;-0.3660000264644623;0.6300000548362732;-0.7470000386238098;-0.07600000500679016
699001.0;0.33500000834465027;-0.9880000352859497;-0.44300001859664917;-40.0;29.0625;-3.375;-178.0;-875.0;860.0;146.3125;39.9375;95.8125;0.19671630859375;-0.615478515625;0.400146484375;-0.64990234375;-0.2939999997615814;-0.2410000115633011;-0.3660000264644623;0.6230000257492065;-0.7520000338554382;-0.0820000022649765
699006.0;0.33500000834465027;-0.9880000352859497;-0.44300001859664917;-40.0;29.0625;-3.375;-178.0;-875.0;860.0;146.3125;39.9375;95.8125;0.19671630859375;-0.615478515625;0.400146484375;-0.64990234375;-0.2939999997615814;-0.2410000115633011;-0.3660000264644623;0.6230000257492065;-0.7520000338554382;-0.0820000022649765
699016.0;0.34300002455711365;-0.9820000529289246;-0.4480000138282776;-38.75;32.75;0.6875;-136.0;-830.0;775.0;145.4375;39.4375;96.25;0.20068359375;-0.6168212890625;0.40228271484375;-0.6461181640625;-0.27900001406669617;-0.23000000417232513;-0.36500000953674316;0.6170000433921814;-0.7560000419616699;-0.08900000154972076
699026.0;0.36400002241134644;-0.9760000705718994;-0.45100003480911255;-38.75;32.75;0.6875;-148.0;-759.0;689.0;144.0625;38.5625;97.0625;0.20703125;-0.6192626953125;0.40606689453125;-0.63934326171875;-0.24000000953674316;-0.21800000965595245;-0.39100003242492676;0.6110000014305115;-0.7600000500679016;-0.09400000423192978
699036.0;0.3710000216960907;-0.9780000448226929;-0.48500001430511475;-38.75;32.75;0.6875;-187.0;-663.0;600.0;143.5625;38.1875;97.4375;0.2093505859375;-0.6202392578125;0.4078369140625;-0.63653564453125;-0.22800001502037048;-0.21700000762939453;-0.4000000059604645;0.6060000061988831;-0.7630000114440918;-0.10000000149011612
699042.0;0.37800002098083496;-0.9810000658035278;-0.5;-38.75;32.75;0.6875;-195.0;-553.0;524.0;143.125;37.875;97.75;0.21112060546875;-0.62091064453125;0.409423828125;-0.63421630859375;-0.21900001168251038;-0.1990000158548355;-0.4100000262260437;0.6020000576972961;-0.7660000324249268;-0.10400000214576721
699052.0;0.3830000162124634;-0.9660000205039978;-0.5139999985694885;-38.75;32.75;0.6875;-186.0;-430.0;435.0;143.125;37.875;97.75;0.21112060546875;-0.62091064453125;0.409423828125;-0.63421630859375;-0.21900001168251038;-0.1990000158548355;-0.4100000262260437;0.6020000576972961;-0.7660000324249268;-0.10400000214576721
699062.0;0.398000031709671;-0.9980000257492065;-0.5520000457763672;-38.1875;34.5625;1.0625;-206.0;-296.0;339.0;142.875;37.6875;97.9375;0.21221923828125;-0.62139892578125;0.410888671875;-0.6324462890625;-0.20100000500679016;-0.23000000417232513;-0.4440000355243683;0.5990000367164612;-0.7680000066757202;-0.10700000822544098
699072.0;0.4010000228881836;-1.0170000791549683;-0.5710000395774841;-38.1875;34.5625;1.0625;-226.0;-163.0;225.0;142.75;37.5;98.1875;0.2122802734375;-0.62188720703125;0.413330078125;-0.63037109375;-0.2110000103712082;-0.2460000067949295;-0.45600003004074097;0.5960000157356262;-0.7690000534057617;-0.1120000034570694
699077.0;0.4010000228881836;-1.0170000791549683;-0.5710000395774841;-38.1875;34.5625;1.0625;-226.0;-163.0;225.0;142.75;37.5;98.1875;0.2122802734375;-0.62188720703125;0.413330078125;-0.63037109375;-0.2110000103712082;-0.2460000067949295;-0.45600003004074097;0.5960000157356262;-0.7690000534057617;-0.1120000034570694
699087.0;0.3840000033378601;-1.0160000324249268;-0.5690000057220459;-38.1875;34.5625;1.0625;-239.0;-43.0;122.0;142.75;37.4375;98.3125;0.21136474609375;-0.62188720703125;0.414306640625;-0.6300048828125;-0.22200001776218414;-0.2370000183582306;-0.44300001859664917;0.5960000157356262;-0.7690000534057617;-0.11400000751018524
699097.0;0.37400001287460327;-1.0070000886917114;-0.5580000281333923;-38.1875;34.5625;1.0625;-252.0;69.0;18.0;142.875;37.4375;98.4375;0.2098388671875;-0.62176513671875;0.41510009765625;-0.63018798828125;-0.23500001430511475;-0.25300002098083496;-0.4520000219345093;0.597000002861023;-0.7680000066757202;-0.11500000208616257
699107.0;0.36100003123283386;-1.0220000743865967;-0.5680000185966492;-38.1875;34.5625;1.0625;-253.0;186.0;-88.0;143.125;37.5;98.5;0.2098388671875;-0.62176513671875;0.41510009765625;-0.63018798828125;-0.23500001430511475;-0.25300002098083496;-0.4520000219345093;0.597000002861023;-0.7680000066757202;-0.11500000208616257
699111.0;0.3570000231266022;-1.0099999904632568;-0.5700000524520874;-36.1875;35.0;1.875;-195.0;298.0;-175.0;143.5;37.625;98.5;0.20794677734375;-0.621337890625;0.41546630859375;-0.63092041015625;-0.2410000115633011;-0.242000013589859;-0.45500001311302185;0.5990000367164612;-0.7670000195503235;-0.11500000208616257
699121.0;0.3410000205039978;-0.9860000610351562;-0.5560000538825989;-36.1875;35.0;1.875;-127.0;393.0;-245.0;143.875;37.8125;98.4375;0.20587158203125;-0.6207275390625;0.41552734375;-0.6322021484375;-0.2760000228881836;-0.203000009059906;-0.445000022649765;0.6040000319480896;-0.7630000114440918;-0.11100000888109207
699131.0;0.328000009059906;-0.9670000672340393;-0.5560000538825989;-36.1875;35.0;1.875;-110.0;497.0;-297.0;144.375;38.0625;98.25;0.20343017578125;-0.61981201171875;0.41546630859375;-0.6339111328125;-0.30300000309944153;-0.21800000965595245;-0.42600002884864807;0.6080000400543213;-0.7610000371932983;-0.1080000028014183
699141.0;0.30400002002716064;-0.9800000190734863;-0.534000039100647;-36.1875;35.0;1.875;-133.0;603.0;-334.0;144.9375;38.3125;98.0625;0.20050048828125;-0.61865234375;0.41546630859375;-0.63592529296875;-0.30300000309944153;-0.21800000965595245;-0.42600002884864807;0.6110000014305115;-0.7590000629425049;-0.10500000417232513
699143.0;0.30400002002716064;-0.9800000190734863;-0.534000039100647;-36.1875;35.0;1.875;-133.0;603.0;-334.0;144.9375;38.3125;98.0625;0.20050048828125;-0.61865234375;0.41546630859375;-0.63592529296875;-0.30300000309944153;-0.21800000965595245;-0.42600002884864807;0.6110000014305115;-0.7590000629425049;-0.10500000417232513
699153.0;0.29200002551078796;-0.9820000529289246;-0.5270000100135803;-36.1875;35.0;1.875;-132.0;691.0;-361.0;145.625;38.5625;97.875;0.1973876953125;-0.6173095703125;0.41546630859375;-0.6383056640625;-0.3190000057220459;-0.22300000488758087;-0.42100003361701965;0.6110000014305115;-0.7590000629425049;-0.10500000417232513
699163.0;0.27900001406669617;-0.9760000705718994;-0.5180000066757202;-36.5625;34.25;2.75;-117.0;757.0;-401.0;146.3125;38.875;97.5625;0.1939697265625;-0.61572265625;0.41534423828125;-0.64093017578125;-0.3360000252723694;-0.2200000137090683;-0.41600000858306885;0.6150000095367432;-0.7560000419616699;-0.10100000351667404
699173.0;0.27300000190734863;-0.9970000386238098;-0.5220000147819519;-36.5625;34.25;2.75;-101.0;823.0;-465.0;147.0625;39.25;97.3125;0.19024658203125;-0.61407470703125;0.41497802734375;-0.643798828125;-0.3460000157356262;-0.24400001764297485;-0.42500001192092896;0.6200000047683716;-0.753000020980835;-0.09600000083446503
699179.0;0.27300000190734863;-0.9970000386238098;-0.5220000147819519;-36.5625;34.25;2.75;-101.0;823.0;-465.0;147.0625;39.25;97.3125;0.19024658203125;-0.61407470703125;0.41497802734375;-0.643798828125;-0.3460000157356262;-0.24400001764297485;-0.42500001192092896;0.6200000047683716;-0.753000020980835;-0.09600000083446503
699189.0;0.2680000066757202;-1.0070000886917114;-0.527999997138977;-36.5625;34.25;2.75;-86.0;902.0;-561.0;147.875;39.625;96.9375;0.18609619140625;-0.6123046875;0.41436767578125;-0.6470947265625;-0.3570000231266022;-0.2580000162124634;-0.43700000643730164;0.625;-0.7490000128746033;-0.09100000560283661
699199.0;0.29600000381469727;-1.069000005722046;-0.5300000309944153;-36.5625;34.25;2.75;-47.0;986.0;-705.0;148.8125;40.125;96.5;0.18133544921875;-0.61053466796875;0.4132080078125;-0.65087890625;-0.3360000252723694;-0.32500001788139343;-0.4440000355243683;0.6320000290870667;-0.7440000176429749;-0.08500000089406967
699209.0;0.3050000071525574;-1.059000015258789;-0.5420000553131104;-36.5625;34.25;2.75;83.0;1059.0;-966.0;149.875;40.75;95.9375;0.17596435546875;-0.60888671875;0.41082763671875;-0.6553955078125;-0.33500000834465027;-0.32100000977516174;-0.4650000333786011;0.64000004529953;-0.7380000352859497;-0.07700000703334808
699219.0;0.30300000309944153;-1.0090000629425049;-0.5440000295639038;-36.875;33.0625;2.375;-83.0;1195.0;-1012.0;151.125;41.4375;95.4375;0.16961669921875;-0.60699462890625;0.408935546875;-0.65997314453125;-0.3460000157356262;-0.27800002694129944;-0.4740000367164612;0.6490000486373901;-0.7310000061988831;-0.0690000057220459
699229.0;0.32100000977516174;-1.027000069618225;-0.5530000329017639;-36.875;33.0625;2.375;-294.0;1385.0;-961.0;152.5;42.125;94.9375;0.162353515625;-0.6044921875;0.40814208984375;-0.66461181640625;-0.3360000252723694;-0.30300000309944153;-0.49000000953674316;0.6570000052452087;-0.7240000367164612;-0.06200000271201134
699233.0;0.3100000023841858;-1.0080000162124634;-0.5520000457763672;-36.875;33.0625;2.375;-269.0;1510.0;-1097.0;154.0;42.875;94.3125;0.15435791015625;-0.60174560546875;0.4068603515625;-0.66973876953125;-0.35600000619888306;-0.29200002551078796;-0.4970000088214874;0.6670000553131104;-0.7160000205039978;-0.05400000140070915
699243.0;0.2930000126361847;-1.0120000839233398;-0.5240000486373901;-36.875;33.0625;2.375;-103.0;1594.0;-1314.0;155.5625;43.6875;93.5;0.14593505859375;-0.5989990234375;0.404296875;-0.67559814453125;-0.3840000033378601;-0.3050000071525574;-0.48000001907348633;0.6770000457763672;-0.7070000171661377;-0.0430000014603138
699253.0;0.2680000066757202;-0.8710000514984131;-0.5060000419616699;-36.875;33.0625;2.375;72.0;1644.0;-1500.0;157.1875;44.6875;92.5625;0.1373291015625;-0.59625244140625;0.4005126953125;-0.68206787109375;-0.42100003361701965;-0.17500001192092896;-0.4750000238418579;0.6890000104904175;-0.6960000395774841;-0.03100000135600567
699263.0;0.28300002217292786;-0.8630000352859497;-0.47600001096725464;-39.0625;32.0625;0.0;26.0;1738.0;-1520.0;158.9375;45.625;91.5;0.1278076171875;-0.5928955078125;0.397216796875;-0.688720703125;-0.41700002551078796;-0.17800000309944153;-0.4580000340938568;0.7010000348091125;-0.6850000619888306;-0.018000001087784767
699273.0;0.28300002217292786;-0.8630000352859497;-0.47600001096725464;-39.0625;32.0625;0.0;15.0;1856.0;-1569.0;160.6875;46.5625;90.3125;0.1182861328125;-0.58935546875;0.39349365234375;-0.695556640625;-0.4230000078678131;-0.26900002360343933;-0.46400001645088196;0.7120000123977661;-0.6730000376701355;-0.004000000189989805
699278.0;0.28300002217292786;-0.8630000352859497;-0.47600001096725464;-39.0625;32.0625;0.0;15.0;1856.0;-1569.0;160.6875;46.5625;90.3125;0.1182861328125;-0.58935546875;0.39349365234375;-0.695556640625;-0.4230000078678131;-0.26900002360343933;-0.46400001645088196;0.7120000123977661;-0.6730000376701355;-0.004000000189989805
699288.0;0.29100000858306885;-0.9650000333786011;-0.4650000333786011;-39.0625;32.0625;0.0;158.0;1926.0;-1628.0;162.375;47.5625;89.0;0.1087646484375;-0.58551025390625;0.3890380859375;-0.702880859375;-0.4320000112056732;-0.30400002002716064;-0.47700002789497375;0.7240000367164612;-0.6610000133514404;0.01100000087171793
699298.0;0.27300000190734863;-0.8700000643730164;-0.4220000207424164;-39.0625;32.0625;0.0;321.0;2012.0;-1693.0;164.0625;48.5625;87.375;0.09930419921875;-0.581298828125;0.38372802734375;-0.71063232421875;-0.4620000123977661;-0.22200001776218414;-0.45100003480911255;0.7350000143051147;-0.6480000019073486;0.029000001028180122
699308.0;0.27300000190734863;-0.8700000643730164;-0.4220000207424164;-39.0625;32.0625;0.0;540.0;2077.0;-1750.0;165.6875;49.5625;85.5625;0.0902099609375;-0.57672119140625;0.37738037109375;-0.71893310546875;-0.4780000150203705;-0.1980000138282776;-0.43700000643730164;0.7460000514984131;-0.6340000033378601;0.049000002443790436
699318.0;0.2680000066757202;-0.8320000171661377;-0.3880000114440918;-39.0625;32.0625;0.0;732.0;2137.0;-1780.0;167.3125;50.5;83.4375;0.08087158203125;-0.5714111328125;0.37060546875;-0.72772216796875;-0.46700000762939453;-0.16700001060962677;-0.46000000834465027;0.7560000419616699;-0.6190000176429749;0.07000000029802322
699324.0;0.289000004529953;-0.7870000600814819;-0.3890000283718109;-41.375;28.6875;-4.0625;732.0;2137.0;-1780.0;168.75;51.375;81.125;0.07220458984375;-0.56597900390625;0.36279296875;-0.73675537109375;-0.4710000157356262;-0.15300001204013824;-0.5270000100135803;0.7660000324249268;-0.6040000319480896;0.09400000423192978
699334.0;0.2939999997615814;-0.7570000290870667;-0.43300002813339233;-41.375;28.6875;-4.0625;856.0;2251.0;-1745.0;170.1875;52.1875;78.625;0.06365966796875;-0.5601806640625;0.35504150390625;-0.7457275390625;-0.4970000088214874;-0.14100000262260437;-0.527999997138977;0.7740000486373901;-0.5890000462532043;0.11700000613927841
699344.0;0.2770000100135803;-0.7300000190734863;-0.4100000262260437;-41.375;28.6875;-4.0625;820.0;2251.0;-1730.0;171.625;52.875;76.125;0.0550537109375;-0.55419921875;0.347412109375;-0.75439453125;-0.49900001287460327;-0.15700000524520874;-0.534000039100647;0.7820000648498535;-0.5730000138282776;0.14100000262260437
699354.0;0.28200000524520874;-0.7310000061988831;-0.3920000195503235;-41.375;28.6875;-4.0625;758.0;2244.0;-1799.0;173.0625;53.625;73.5;0.04595947265625;-0.54827880859375;0.33978271484375;-0.76275634765625;-0.5070000290870667;-0.17900000512599945;-0.5100000500679016;0.7890000343322754;-0.5570000410079956;0.164000004529953
699364.0;0.28200000524520874;-0.737000048160553;-0.3450000286102295;-41.375;28.6875;-4.0625;758.0;2244.0;-1799.0;174.625;54.25;70.8125;0.0361328125;-0.542236328125;0.3321533203125;-0.77093505859375;-0.5690000057220459;-0.17500001192092896;-0.45000001788139343;0.796000063419342;-0.5400000214576721;0.18700000643730164
699372.0;0.22600001096725464;-0.7150000333786011;-0.26200002431869507;-43.5625;23.875;-8.1875;658.0;2286.0;-1892.0;174.625;54.25;70.8125;0.02569580078125;-0.5360107421875;0.32440185546875;-0.7789306640625;-0.5800000429153442;-0.18700000643730164;-0.4580000340938568;0.8020000457763672;-0.5220000147819519;0.21000000834465027
699382.0;0.22200001776218414;-0.7100000381469727;-0.24700000882148743;-43.5625;23.875;-8.1875;587.0;2396.0;-2037.0;177.8125;55.4375;65.0625;0.014892578125;-0.52947998046875;0.3165283203125;-0.78692626953125;-0.5700000524520874;-0.19200000166893005;-0.47700002789497375;0.8070000410079956;-0.503000020980835;0.23400001227855682
699392.0;0.2370000183582306;-0.6960000395774841;-0.24300001561641693;-43.5625;23.875;-8.1875;624.0;2454.0;-2076.0;179.375;55.9375;61.875;0.00390625;-0.52264404296875;0.30828857421875;-0.79486083984375;-0.5490000247955322;-0.203000009059906;-0.5010000467300415;0.812000036239624;-0.484000027179718;0.2580000162124634
699402.0;0.2630000114440918;-0.687000036239624;-0.24300001561641693;-43.5625;23.875;-8.1875;718.0;2514.0;-2124.0;181.0;56.25;58.5625;-0.00714111328125;-0.51544189453125;0.29937744140625;-0.8028564453125;-0.5610000491142273;-0.16600000858306885;-0.5200000405311584;0.815000057220459;-0.46400001645088196;0.28300002217292786
699412.0;0.2540000081062317;-0.6300000548362732;-0.23600001633167267;-43.5625;23.875;-8.1875;718.0;2514.0;-2124.0;181.0;56.25;58.5625;-0.00714111328125;-0.51544189453125;0.29937744140625;-0.8028564453125;-0.5720000267028809;-0.14900000393390656;-0.5600000023841858;0.8180000185966492;-0.44200003147125244;0.3100000023841858
699413.0;0.2540000081062317;-0.6300000548362732;-0.23600001633167267;-43.5625;23.875;-8.1875;718.0;2514.0;-2124.0;181.0;56.25;58.5625;-0.00714111328125;-0.51544189453125;0.29937744140625;-0.8028564453125;-0.5720000267028809;-0.14900000393390656;-0.5600000023841858;0.8180000185966492;-0.44200003147125244;0.3100000023841858
699423.0;0.24500000476837158;-0.5920000076293945;-0.25;-44.25;19.75;-14.375;889.0;2554.0;-2185.0;182.5;56.5;54.9375;-0.01800537109375;-0.508056640625;0.28955078125;-0.81103515625;-0.5720000267028809;-0.14900000393390656;-0.5600000023841858;0.8190000653266907;-0.4190000295639038;0.3370000123977661
699433.0;0.2410000115633011;-0.5490000247955322;-0.25200000405311584;-44.25;19.75;-14.375;1082.0;2577.0;-2240.0;185.375;56.6875;47.25;-0.0389404296875;-0.49267578125;0.2667236328125;-0.827392578125;-0.6340000033378601;-0.07200000435113907;-0.5440000295639038;0.8190000653266907;-0.39500001072883606;0.36500000953674316
699443.0;0.1850000023841858;-0.46700000762939453;-0.17900000512599945;-44.25;19.75;-14.375;1250.0;2592.0;-2272.0;186.6875;56.5625;43.1875;-0.0491943359375;-0.48468017578125;0.2540283203125;-0.8355712890625;-0.6720000505447388;-0.07900000363588333;-0.5260000228881836;0.8180000185966492;-0.36900001764297485;0.3930000066757202
699453.0;0.14600001275539398;-0.4480000138282776;-0.13300000131130219;-44.25;19.75;-14.375;1395.0;2622.0;-2329.0;188.0;56.3125;39.0;-0.05938720703125;-0.4765625;0.24029541015625;-0.84356689453125;-0.7080000042915344;-0.09800000488758087;-0.5130000114440918;0.8160000443458557;-0.34200000762939453;0.42100003361701965
699458.0;0.14600001275539398;-0.4480000138282776;-0.13300000131130219;-44.25;19.75;-14.375;1395.0;2622.0;-2329.0;188.0;56.3125;39.0;-0.05938720703125;-0.4765625;0.24029541015625;-0.84356689453125;-0.7080000042915344;-0.09800000488758087;-0.5130000114440918;0.8160000443458557;-0.34200000762939453;0.42100003361701965
699468.0;0.10700000822544098;-0.4400000274181366;-0.09100000560283661;-44.25;19.75;-14.375;1540.0;2645.0;-2403.0;188.0;56.3125;39.0;-0.05938720703125;-0.4765625;0.24029541015625;-0.84356689453125;-0.7080000042915344;-0.09800000488758087;-0.5130000114440918;0.8160000443458557;-0.34200000762939453;0.42100003361701965
699478.0;0.06200000271201134;-0.42500001192092896;-0.05100000277161598;-43.875;13.5;-21.5;1673.0;2632.0;-2444.0;189.3125;55.9375;34.8125;-0.06939697265625;-0.46832275390625;0.225830078125;-0.85137939453125;-0.7500000596046448;-0.1120000034570694;-0.5020000338554382;0.812000036239624;-0.31300002336502075;0.45000001788139343
699488.0;-0.02800000086426735;-0.34800001978874207;-0.030000001192092896;-43.875;13.5;-21.5;1845.0;2559.0;-2453.0;190.4375;55.4375;30.625;-0.0875244140625;-0.4527587890625;0.19427490234375;-0.86578369140625;-0.8610000610351562;-0.02500000037252903;-0.5420000553131104;0.8020000457763672;-0.25200000405311584;0.5040000081062317
699498.0;-0.05900000408291817;-0.2770000100135803;-0.03800000250339508;-43.875;13.5;-21.5;2048.0;2424.0;-2413.0;191.5;54.875;26.5;-0.094970703125;-0.44586181640625;0.17669677734375;-0.872314453125;-0.859000027179718;0.021000001579523087;-0.5690000057220459;0.7950000166893005;-0.21900001168251038;0.5290000438690186
699506.0;-0.06300000101327896;-0.1980000138282776;-0.039000000804662704;-43.875;13.5;-21.5;2375.0;2261.0;-2368.0;192.375;54.1875;22.4375;-0.10125732421875;-0.43994140625;0.156982421875;-0.87841796875;-0.8530000448226929;0.0650000050663948;-0.593000054359436;0.7890000343322754;-0.18300001323223114;0.5520000457763672
699516.0;-0.06400000303983688;-0.11700000613927841;-0.04000000283122063;-43.875;13.5;-21.5;2823.0;2060.0;-2395.0;193.125;53.5625;18.3125;-0.10125732421875;-0.43994140625;0.156982421875;-0.87841796875;-0.8530000448226929;0.0650000050663948;-0.593000054359436;0.7890000343322754;-0.18300001323223114;0.5520000457763672
699526.0;-0.05400000140070915;0.004000000189989805;-0.01100000087171793;-42.875;6.875;-26.75;3295.0;1882.0;-2453.0;193.6875;52.875;14.0;-0.10650634765625;-0.43487548828125;0.13494873046875;-0.8839111328125;-0.8360000252723694;0.1469999998807907;-0.5850000381469727;0.7820000648498535;-0.14300000667572021;0.5740000009536743
699536.0;-0.05700000375509262;0.049000002443790436;-0.0020000000949949026;-42.875;6.875;-26.75;3714.0;1745.0;-2514.0;194.1875;52.125;9.5;-0.11090087890625;-0.430419921875;0.11083984375;-0.888916015625;-0.8200000524520874;0.13900001347064972;-0.5820000171661377;0.7660000324249268;-0.05300000309944153;0.609000027179718
699546.0;-0.05400000140070915;0.0860000029206276;0.027000000700354576;-42.875;6.875;-26.75;4014.0;1655.0;-2557.0;194.625;51.3125;4.9375;-0.11474609375;-0.4263916015625;0.085205078125;-0.8931884765625;-0.7770000100135803;0.19100001454353333;-0.5080000162124634;0.7560000419616699;-0.005000000353902578;0.6230000257492065
699548.0;-0.05400000140070915;0.0860000029206276;0.027000000700354576;-42.875;6.875;-26.75;4014.0;1655.0;-2557.0;194.625;51.3125;4.9375;-0.11474609375;-0.4263916015625;0.085205078125;-0.8931884765625;-0.7770000100135803;0.19100001454353333;-0.5080000162124634;0.7560000419616699;-0.005000000353902578;0.6230000257492065
699558.0;-0.021000001579523087;0.1850000023841858;0.11500000208616257;-42.875;6.875;-26.75;4149.0;1568.0;-2614.0;195.0;50.4375;0.4375;-0.11834716796875;-0.4224853515625;0.05877685546875;-0.89666748046875;-0.7770000100135803;0.19100001454353333;-0.5080000162124634;0.7450000643730164;0.0430000014603138;0.6350000500679016
699568.0;-0.0010000000474974513;0.23500001430511475;0.13700000941753387;-42.875;6.875;-26.75;4125.0;1551.0;-2694.0;195.4375;49.5;-3.875;-0.12237548828125;-0.41845703125;0.0322265625;-0.8994140625;-0.7470000386238098;0.19200000166893005;-0.4970000088214874;0.7450000643730164;0.0430000014603138;0.6350000500679016
699578.0;0.02200000174343586;0.27800002694129944;0.15000000596046448;-40.5625;-3.1875;-31.6875;3997.0;1624.0;-2794.0;196.0;48.3125;-8.125;-0.12701416015625;-0.41363525390625;0.00604248046875;-0.90155029296875;-0.7100000381469727;0.1860000044107437;-0.49400001764297485;0.7320000529289246;0.09200000762939453;0.6450000405311584
699581.0;0.04400000348687172;0.328000009059906;0.16300000250339508;-40.5625;-3.1875;-31.6875;3790.0;1756.0;-2918.0;196.6875;47.0;-12.125;-0.13262939453125;-0.40777587890625;-0.01953125;-0.9031982421875;-0.6720000505447388;0.18800000846385956;-0.49000000953674316;0.7170000076293945;0.14000000059604645;0.6530000567436218
699591.0;0.03500000014901161;0.42900002002716064;0.203000009059906;-40.5625;-3.1875;-31.6875;3532.0;1979.0;-3048.0;197.5;45.375;-15.8125;-0.13934326171875;-0.40032958984375;-0.0443115234375;-0.9046630859375;-0.6620000600814819;0.2410000115633011;-0.4580000340938568;0.6980000138282776;0.18800000846385956;0.6620000600814819
699601.0;-0.01600000075995922;0.4710000157356262;0.23000000417232513;-40.5625;-3.1875;-31.6875;3262.0;2278.0;-3167.0;198.375;43.5;-19.1875;-0.14697265625;-0.3909912109375;-0.0682373046875;-0.906005859375;-0.6910000443458557;0.2370000183582306;-0.4400000274181366;0.675000011920929;0.2330000102519989;0.6710000038146973
699611.0;-0.09600000083446503;0.5010000467300415;0.2540000081062317;-40.5625;-3.1875;-31.6875;3004.0;2597.0;-3267.0;199.375;41.3125;-22.1875;-0.1553955078125;-0.37957763671875;-0.09130859375;-0.907470703125;-0.7440000176429749;0.22300000488758087;-0.4270000159740448;0.6470000147819519;0.27800002694129944;0.6810000538825989
699616.0;-0.09600000083446503;0.5010000467300415;0.2540000081062317;-40.5625;-3.1875;-31.6875;3004.0;2597.0;-3267.0;199.375;41.3125;-22.1875;-0.1553955078125;-0.37957763671875;-0.09130859375;-0.907470703125;-0.7440000176429749;0.22300000488758087;-0.4270000159740448;0.6470000147819519;0.27800002694129944;0.6810000538825989
699626.0;-0.18200001120567322;0.5420000553131104;0.2680000066757202;-35.375;-14.5625;-32.5625;2809.0;2860.0;-3358.0;200.5;38.9375;-24.875;-0.1644287109375;-0.36639404296875;-0.11383056640625;-0.90869140625;-0.7980000376701355;0.22100001573562622;-0.4230000078678131;0.6160000562667847;0.32100000977516174;0.6910000443458557
699636.0;-0.29100000858306885;0.6490000486373901;0.3060000240802765;-35.375;-14.5625;-32.5625;2698.0;3034.0;-3419.0;201.5625;36.375;-27.3125;-0.1737060546875;-0.35198974609375;-0.135986328125;-0.90966796875;-0.8730000257492065;0.28700000047683716;-0.39400002360343933;0.581000030040741;0.3620000183582306;0.7010000348091125
699646.0;-0.3290000259876251;0.6780000329017639;0.3410000205039978;-35.375;-14.5625;-32.5625;2642.0;3132.0;-3419.0;202.6875;33.6875;-29.5625;-0.18292236328125;-0.3367919921875;-0.1578369140625;-0.91009521484375;-0.8740000128746033;0.2760000228881836;-0.367000013589859;0.5440000295639038;0.4020000100135803;0.7090000510215759
699656.0;-0.3800000250339508;0.7200000286102295;0.36000001430511475;-35.375;-14.5625;-32.5625;2557.0;3176.0;-3388.0;203.8125;31.0;-31.5625;-0.19189453125;-0.321044921875;-0.17913818359375;-0.90997314453125;-0.8860000371932983;0.27900001406669617;-0.3540000021457672;0.5049999952316284;0.4400000274181366;0.7150000333786011
699666.0;-0.42900002002716064;0.7710000276565552;0.34700000286102295;-35.375;-14.5625;-32.5625;2449.0;3214.0;-3376.0;204.875;28.25;-33.4375;-0.20086669921875;-0.30474853515625;-0.19976806640625;-0.9093017578125;-0.8940000534057617;0.29500001668930054;-0.3720000088214874;0.46400001645088196;0.47600001096725464;0.7200000286102295
699668.0;-0.42900002002716064;0.7710000276565552;0.34700000286102295;-35.375;-14.5625;-32.5625;2449.0;3214.0;-3376.0;204.875;28.25;-33.4375;-0.20086669921875;-0.30474853515625;-0.19976806640625;-0.9093017578125;-0.8940000534057617;0.29500001668930054;-0.3720000088214874;0.46400001645088196;0.47600001096725464;0.7200000286102295
699678.0;-0.5680000185966492;0.9020000696182251;0.3190000057220459;-28.0;-24.25;-32.0625;2379.0;3231.0;-3394.0;206.0;25.5;-35.1875;-0.2098388671875;-0.2880859375;-0.22003173828125;-0.9080810546875;-0.9900000691413879;0.39100003242492676;-0.40300002694129944;0.4220000207424164;0.5100000500679016;0.7220000624656677
699688.0;-0.659000039100647;0.9470000267028809;0.2900000214576721;-28.0;-24.25;-32.0625;2379.0;3208.0;-3454.0;207.125;22.6875;-36.875;-0.21893310546875;-0.271240234375;-0.2401123046875;-0.906005859375;-1.037000060081482;0.40400001406669617;-0.4320000112056732;0.37800002098083496;0.5430000424385071;0.7230000495910645
699698.0;-0.7400000095367432;0.9720000624656677;0.26200002431869507;-28.0;-24.25;-32.0625;2470.0;3203.0;-3549.0;208.3125;19.875;-38.5625;-0.228271484375;-0.254150390625;-0.2606201171875;-0.90301513671875;-1.0740000009536743;0.3970000147819519;-0.4570000171661377;0.3330000042915344;0.5750000476837158;0.7200000286102295
699701.0;-0.8500000238418579;0.9220000505447388;0.2850000262260437;-28.0;-24.25;-32.0625;2716.0;3151.0;-3703.0;209.625;16.9375;-40.375;-0.23779296875;-0.2371826171875;-0.2822265625;-0.89862060546875;-1.1360000371932983;0.3140000104904175;-0.4280000329017639;0.28600001335144043;0.6080000400543213;0.7140000462532043
699711.0;-0.8500000238418579;0.9220000505447388;0.2850000262260437;-28.0;-24.25;-32.0625;3218.0;3140.0;-3936.0;211.0;13.9375;-42.5;-0.2476806640625;-0.22039794921875;-0.30621337890625;-0.89239501953125;-1.0940001010894775;0.23500001430511475;-0.4050000309944153;0.23600001633167267;0.6420000195503235;0.7010000348091125
699721.0;-0.8570000529289246;0.878000020980835;0.29600000381469727;-28.0;-24.25;-32.0625;3777.0;3151.0;-4172.0;212.5;10.8125;-44.875;-0.2576904296875;-0.20361328125;-0.332763671875;-0.88397216796875;-0.9980000257492065;0.20900000631809235;-0.3270000219345093;0.18400001525878906;0.6790000200271606;0.6820000410079956
699731.0;-0.8130000233650208;0.8890000581741333;0.3540000021457672;-17.5625;-33.25;-31.1875;3985.0;3011.0;-4376.0;214.125;7.6875;-47.375;-0.26837158203125;-0.18719482421875;-0.3599853515625;-0.87371826171875;-0.8550000190734863;0.23100000619888306;-0.16900001466274261;0.13100001215934753;0.7150000333786011;0.6570000052452087
699741.0;-0.7230000495910645;0.9460000395774841;0.4880000352859497;-17.5625;-33.25;-31.1875;3863.0;2901.0;-4632.0;216.0;4.375;-49.75;-0.28021240234375;-0.17034912109375;-0.38623046875;-0.86212158203125;-0.6520000100135803;0.24700000882148743;0.0430000014603138;0.07500000298023224;0.7460000514984131;0.6310000419616699
699751.0;-0.5760000348091125;0.9940000176429749;0.6740000247955322;-17.5625;-33.25;-31.1875;3554.0;3006.0;-4957.0;218.0625;0.9375;-51.9375;-0.29327392578125;-0.1517333984375;-0.41107177734375;-0.8497314453125;-0.6060000061988831;0.21900001168251038;0.10300000756978989;0.01600000075995922;0.7720000147819519;0.6040000319480896
699755.0;-0.5760000348091125;0.9940000176429749;0.6740000247955322;-17.5625;-33.25;-31.1875;3554.0;3006.0;-4957.0;218.0625;0.9375;-51.9375;-0.29327392578125;-0.1517333984375;-0.41107177734375;-0.8497314453125;-0.6060000061988831;0.21900001168251038;0.10300000756978989;0.01600000075995922;0.7720000147819519;0.6040000319480896
699765.0;-0.5900000333786011;0.9910000562667847;0.7070000171661377;-17.5625;-33.25;-31.1875;3196.0;3110.0;-5444.0;220.4375;-2.75;-53.875;-0.30816650390625;-0.13079833984375;-0.43426513671875;-0.83624267578125;-0.6390000581741333;0.21800000965595245;0.13600000739097595;-0.04700000211596489;0.7910000085830688;0.5770000219345093
699775.0;-0.687000036239624;1.0090000629425049;0.7140000462532043;-17.5625;-33.25;-31.1875;3196.0;3110.0;-5444.0;223.25;-6.875;-55.625;-0.32562255859375;-0.1077880859375;-0.45623779296875;-0.82110595703125;-0.7270000576972961;0.22800001502037048;0.1290000081062317;-0.11700000613927841;0.8030000329017639;0.5490000247955322
699785.0;-0.8440000414848328;1.031000018119812;0.6790000200271606;-4.1875;-39.6875;-26.25;2950.0;3118.0;-6091.0;223.25;-6.875;-55.625;-0.34527587890625;-0.08319091796875;-0.47747802734375;-0.80364990234375;-1.069000005722046;0.3630000054836273;0.05900000408291817;-0.19200000166893005;0.8080000281333923;0.5190000534057617
699791.0;-1.2610000371932983;1.1720000505447388;0.5790000557899475;-4.1875;-39.6875;-26.25;3073.0;3084.0;-7035.0;230.0;-15.875;-58.9375;-0.36566162109375;-0.05792236328125;-0.498779296875;-0.78369140625;-1.0770000219345093;0.4490000307559967;0.11800000816583633;-0.2680000066757202;0.8080000281333923;0.48600003123283386
699801.0;-1.346000075340271;1.2570000886917114;0.6040000319480896;-4.1875;-39.6875;-26.25;3488.0;3203.0;-7053.0;233.625;-20.5;-60.875;-0.38494873046875;-0.03277587890625;-0.52099609375;-0.7611083984375;-0.8100000619888306;0.44600000977516174;0.20600001513957977;-0.3440000116825104;0.8020000457763672;0.44600000977516174
699811.0;-1.1540000438690186;1.2480000257492065;0.6520000100135803;-4.1875;-39.6875;-26.25;3808.0;3053.0;-8301.0;238.25;-25.8125;-62.875;-0.40869140625;-0.00543212890625;-0.54327392578125;-0.73333740234375;-1.062000036239624;0.4440000355243683;0.46400001645088196;-0.4270000159740448;0.7850000262260437;0.4010000228881836
699821.0;-1.4890000820159912;1.2300000190734863;0.8650000691413879;-4.1875;-39.6875;-26.25;3808.0;3053.0;-8301.0;238.25;-25.8125;-62.875;-0.40869140625;-0.00543212890625;-0.54327392578125;-0.73333740234375;-1.062000036239624;0.4440000355243683;0.46400001645088196;-0.5100000500679016;0.7590000629425049;0.3530000150203705
699824.0;-1.4890000820159912;1.2300000190734863;0.8650000691413879;-4.1875;-39.6875;-26.25;3808.0;3053.0;-8301.0;238.25;-25.8125;-62.875;-0.40869140625;-0.00543212890625;-0.54327392578125;-0.73333740234375;-1.062000036239624;0.4440000355243683;0.46400001645088196;-0.5100000500679016;0.7590000629425049;0.3530000150203705
699834.0;-1.6320000886917114;1.3060001134872437;0.8920000195503235;13.1875;-42.375;-18.375;4047.0;3075.0;-8593.0;243.1875;-31.3125;-65.0;-0.43243408203125;0.0223388671875;-0.56500244140625;-0.70233154296875;-1.1220000982284546;0.5470000505447388;0.5390000343322754;-0.5850000381469727;0.7250000238418579;0.30400002002716064
699844.0;-1.787000060081482;1.3070000410079956;0.9150000214576721;13.1875;-42.375;-18.375;3955.0;3052.0;-8244.0;252.9375;-41.5;-69.375;-0.47265625;0.07305908203125;-0.6024169921875;-0.6390380859375;-1.1890000104904175;0.5820000171661377;0.6070000529289246;-0.6500000357627869;0.687000036239624;0.2580000162124634
699854.0;-1.8390001058578491;1.2690000534057617;0.8660000562667847;13.1875;-42.375;-18.375;3834.0;2747.0;-7591.0;257.8125;-46.1875;-71.375;-0.49090576171875;0.09600830078125;-0.61688232421875;-0.607666015625;-1.1460000276565552;0.8330000638961792;0.4320000112056732;-0.7080000042915344;0.6420000195503235;0.2160000056028366
699858.0;-1.8390001058578491;1.2690000534057617;0.8660000562667847;13.1875;-42.375;-18.375;3834.0;2747.0;-7591.0;257.8125;-46.1875;-71.375;-0.49090576171875;0.09600830078125;-0.61688232421875;-0.607666015625;-1.1460000276565552;0.8330000638961792;0.4320000112056732;-0.7080000042915344;0.6420000195503235;0.2160000056028366
699868.0;-1.8550001382827759;1.4760000705718994;0.6480000019073486;13.1875;-42.375;-18.375;3529.0;2425.0;-7445.0;263.25;-51.4375;-73.0;-0.51092529296875;0.12249755859375;-0.62762451171875;-0.574462890625;-1.124000072479248;0.9310000538825989;0.42100003361701965;-0.7670000195503235;0.5840000510215759;0.17800000309944153
699878.0;-1.8910000324249268;1.5150001049041748;0.6000000238418579;13.1875;-42.375;-18.375;3022.0;2312.0;-8307.0;263.25;-51.4375;-73.0;-0.51092529296875;0.12249755859375;-0.62762451171875;-0.574462890625;-1.124000072479248;0.9310000538825989;0.42100003361701965;-0.7670000195503235;0.5840000510215759;0.17800000309944153
699888.0;-1.9560000896453857;1.4310001134872437;0.5790000557899475;33.1875;-36.75;-6.375;2408.0;2358.0;-8694.0;268.875;-56.875;-74.25;-0.5303955078125;0.15179443359375;-0.6348876953125;-0.54083251953125;-1.1340000629425049;0.9160000681877136;0.4350000321865082;-0.8210000395774841;0.51500004529953;0.14400000870227814
699891.0;-2.01200008392334;1.2510000467300415;0.5630000233650208;33.1875;-36.75;-6.375;1670.0;2167.0;-7798.0;273.75;-61.75;-75.3125;-0.55908203125;0.2021484375;-0.64056396484375;-0.486083984375;-1.1600000858306885;0.7490000128746033;0.46700000762939453;-0.8950000405311584;0.3890000283718109;0.0950000062584877
699901.0;-2.055000066757202;1.1380000114440918;0.5630000233650208;33.1875;-36.75;-6.375;1277.0;1691.0;-6552.0;277.9375;-65.875;-76.125;-0.5714111328125;0.22332763671875;-0.6405029296875;-0.4619140625;-1.0290000438690186;0.8660000562667847;0.37400001287460327;-0.9200000166893005;0.3290000259876251;0.07800000160932541
699911.0;-1.9500000476837158;1.196000099182129;0.4520000219345093;33.1875;-36.75;-6.375;1154.0;1368.0;-6275.0;282.0625;-69.75;-76.625;-0.5841064453125;0.24554443359375;-0.63848876953125;-0.43682861328125;-0.9250000715255737;0.9720000624656677;0.3270000219345093;-0.9410000443458557;0.26500001549720764;0.06200000271201134
699921.0;-1.8670001029968262;1.2380000352859497;0.3890000283718109;33.1875;-36.75;-6.375;997.0;1248.0;-6612.0;286.375;-73.8125;-76.6875;-0.5841064453125;0.24554443359375;-0.63848876953125;-0.43682861328125;-0.9250000715255737;0.9720000624656677;0.3270000219345093;-0.9410000443458557;0.26500001549720764;0.06200000271201134
699924.0;-1.8670001029968262;1.2380000352859497;0.3890000283718109;33.1875;-36.75;-6.375;997.0;1248.0;-6612.0;286.375;-73.8125;-76.6875;-0.5841064453125;0.24554443359375;-0.63848876953125;-0.43682861328125;-0.9250000715255737;0.9720000624656677;0.3270000219345093;-0.9410000443458557;0.26500001549720764;0.06200000271201134
699934.0;-1.7310000658035278;1.2280000448226929;0.32500001788139343;46.875;-20.1875;2.25;739.0;1229.0;-7368.0;291.0625;-78.3125;-75.75;-0.59747314453125;0.270751953125;-0.6339111328125;-0.40972900390625;-0.7700000405311584;1.0360000133514404;0.2760000228881836;-0.9600000381469727;0.19200000166893005;0.04800000041723251
699944.0;-1.599000096321106;0.7580000162124634;0.32600000500679016;46.875;-20.1875;2.25;576.0;1145.0;-7245.0;295.6875;-82.6875;-73.0625;-0.60968017578125;0.29541015625;-0.62799072265625;-0.38299560546875;-0.5940000414848328;0.453000009059906;0.34200000762939453;-0.9780000448226929;0.058000002056360245;0.027000000700354576
699954.0;-1.5720000267028809;0.5110000371932983;0.3700000047683716;46.875;-20.1875;2.25;977.0;760.0;-5885.0;299.75;-86.1875;-3.375;-0.6202392578125;0.31317138671875;-0.6229248046875;-0.35943603515625;-0.5130000114440918;0.659000039100647;0.3110000193119049;-0.9800000190734863;0.013000000268220901;0.01900000125169754
699957.0;-1.5720000267028809;0.5110000371932983;0.3700000047683716;46.875;-20.1875;2.25;977.0;760.0;-5885.0;299.75;-86.1875;-3.375;-0.6202392578125;0.31317138671875;-0.6229248046875;-0.35943603515625;-0.5130000114440918;0.659000039100647;0.3110000193119049;-0.9800000190734863;0.013000000268220901;0.01900000125169754
699967.0;-1.4940000772476196;0.6730000376701355;0.33100003004074097;46.875;-20.1875;2.25;2217.0;637.0;-4355.0;303.6875;-88.5625;-0.75;-0.6298828125;0.32135009765625;-0.62176513671875;-0.33673095703125;-0.4780000150203705;0.7760000228881836;0.23200000822544098;-0.9800000190734863;-0.01600000075995922;0.017000000923871994
699977.0;-1.4590001106262207;0.7590000629425049;0.25;46.875;-20.1875;2.25;3124.0;214.0;-3006.0;307.375;-88.5625;0.9375;-0.6396484375;0.32110595703125;-0.622802734375;-0.3160400390625;-0.4780000150203705;0.7760000228881836;0.23200000822544098;-0.9800000190734863;-0.01600000075995922;0.017000000923871994
699987.0;-1.3820000886917114;0.9360000491142273;0.1770000010728836;50.5625;-2.75;3.875;4783.0;17.0;-2510.0;311.75;-87.3125;2.4375;-0.651611328125;0.3131103515625;-0.6263427734375;-0.29168701171875;-0.40300002694129944;0.9770000576972961;0.15800000727176666;-0.9790000319480896;-0.04100000113248825;0.01900000125169754
699991.0;-1.3100000619888306;1.1160000562667847;0.07000000029802322;50.5625;-2.75;3.875;5343.0;-303.0;-1964.0;316.0625;-86.125;3.5;-0.6641845703125;0.30059814453125;-0.62994384765625;-0.26763916015625;-0.3320000171661377;1.1770000457763672;0.04500000178813934;-0.9780000448226929;-0.06000000238418579;0.02500000037252903
700001.0;-1.2010000944137573;1.2640000581741333;-0.03200000151991844;50.5625;-2.75;3.875;5123.0;-429.0;-1629.0;320.0625;-85.125;4.4375;-0.67578125;0.287353515625;-0.63287353515625;-0.2454833984375;-0.2240000069141388;1.340000033378601;-0.06599999964237213;-0.9770000576972961;-0.07600000500679016;0.032999999821186066
700011.0;-1.1360000371932983;1.2050000429153442;-0.20500001311302185;50.5625;-2.75;3.875;4627.0;-503.0;-1405.0;323.5625;-84.1875;5.1875;-0.68609619140625;0.2747802734375;-0.63470458984375;-0.2257080078125;-0.1600000113248825;1.2940000295639038;-0.24800001084804535;-0.9750000238418579;-0.08800000697374344;0.04200000315904617
700021.0;-1.1759999990463257;1.0180000066757202;-0.3050000071525574;50.5625;-2.75;3.875;4222.0;-457.0;-1313.0;326.75;-83.375;5.8125;-0.69512939453125;0.2633056640625;-0.635986328125;-0.2073974609375;-0.20200000703334808;1.1180000305175781;-0.35600000619888306;-0.9740000367164612;-0.10000000149011612;0.05100000277161598
700024.0;-1.1759999990463257;1.0180000066757202;-0.3050000071525574;50.5625;-2.75;3.875;4222.0;-457.0;-1313.0;326.75;-83.375;5.8125;-0.69512939453125;0.2633056640625;-0.635986328125;-0.2073974609375;-0.20200000703334808;1.1180000305175781;-0.35600000619888306;-0.9740000367164612;-0.10000000149011612;0.05100000277161598
700034.0;-1.2480000257492065;0.8110000491142273;-0.3760000169277191;51.5625;6.0625;3.5;3818.0;-325.0;-1071.0;329.5625;-82.6875;61.5625;-0.7025146484375;0.25244140625;-0.63739013671875;-0.1910400390625;-0.2750000059604645;0.9200000166893005;-0.4350000321865082;-0.9720000624656677;-0.10900000482797623;0.058000002056360245
700044.0;-1.3140000104904175;0.7220000624656677;-0.37700000405311584;51.5625;6.0625;3.5;3426.0;-323.0;-812.0;331.9375;-82.1875;60.0625;-0.7088623046875;0.24212646484375;-0.638427734375;-0.1768798828125;-0.34300002455711365;0.8370000123977661;-0.44300001859664917;-0.971000075340271;-0.11500000208616257;0.06599999964237213
700054.0;-1.346000075340271;0.5530000329017639;-0.009000000543892384;51.5625;6.0625;3.5;3236.0;-173.0;-1051.0;334.375;-81.5625;59.6875;-0.7144775390625;0.23333740234375;-0.63934326171875;-0.1622314453125;-0.3760000169277191;0.6770000457763672;-0.0820000022649765;-0.9700000286102295;-0.12300000339746475;0.07200000435113907
700058.0;-1.346000075340271;0.5530000329017639;-0.009000000543892384;51.5625;6.0625;3.5;3236.0;-173.0;-1051.0;334.375;-81.5625;59.6875;-0.7144775390625;0.23333740234375;-0.63934326171875;-0.1622314453125;-0.3760000169277191;0.6770000457763672;-0.0820000022649765;-0.9700000286102295;-0.12300000339746475;0.07200000435113907
700068.0;-1.3880000114440918;0.5770000219345093;0.4710000157356262;51.5625;6.0625;3.5;3197.0;221.0;-1291.0;336.9375;-81.0;61.0625;-0.7186279296875;0.22576904296875;-0.6412353515625;-0.14630126953125;-0.4190000295639038;0.7120000123977661;0.3970000147819519;-0.968000054359436;-0.1340000033378601;0.07400000095367432
700078.0;-1.502000093460083;0.8580000400543213;0.6770000457763672;51.5625;6.0625;3.5;2432.0;457.0;-1335.0;339.125;-80.375;63.375;-0.720947265625;0.221435546875;-0.6431884765625;-0.1324462890625;-0.5350000262260437;1.0040000677108765;0.6040000319480896;-0.9660000205039978;-0.14600001275539398;0.07300000637769699
700088.0;-1.475000023841858;1.1980000734329224;0.6640000343322754;50.875;8.6875;1.75;1185.0;382.0;-1437.0;340.6875;-79.6875;65.9375;-0.72198486328125;0.2220458984375;-0.64373779296875;-0.12249755859375;-0.5100000500679016;1.3580000400543213;0.593000054359436;-0.9640000462532043;-0.15900000929832458;0.07100000232458115
700092.0;-1.4450000524520874;3.1030001640319824;1.4890000820159912;50.875;8.6875;1.75;449.0;63.0;-1651.0;341.9375;-78.8125;67.9375;-0.72332763671875;0.2259521484375;-0.642333984375;-0.11456298828125;-0.4830000102519989;3.2800002098083496;1.4180001020431519;-0.9620000720024109;-0.17600001394748688;0.07100000232458115
700102.0;-0.7310000061988831;3.700000286102295;-0.5400000214576721;50.875;8.6875;1.75;-133.0;-200.0;-1568.0;342.8125;-77.875;69.125;-0.72479248046875;0.231689453125;-0.63958740234375;-0.1092529296875;0.22700001299381256;3.892000198364258;-0.6130000352859497;-0.9580000638961792;-0.19200000166893005;0.07300000637769699
700112.0;-0.39500001072883606;1.746000051498413;-0.8160000443458557;50.875;8.6875;1.75;562.0;-387.0;-628.0;343.4375;-77.4375;68.4375;-0.72711181640625;0.23138427734375;-0.63763427734375;-0.10546875;0.5610000491142273;1.9440001249313354;-0.8940000534057617;-0.9570000171661377;-0.1980000138282776;0.07800000160932541
700122.0;-1.0090000629425049;-0.4930000305175781;0.14300000667572021;50.875;8.6875;1.75;-687.0;-749.0;-43.0;343.0625;-77.25;67.0625;-0.72882080078125;0.2337646484375;-0.63433837890625;-0.1085205078125;-0.05300000309944153;-0.2939999997615814;0.058000002056360245;-0.956000030040741;-0.1990000158548355;0.08400000631809235
700126.0;-1.0090000629425049;-0.4930000305175781;0.14300000667572021;50.875;8.6875;1.75;-687.0;-749.0;-43.0;343.0625;-77.25;67.0625;-0.72882080078125;0.2337646484375;-0.63433837890625;-0.1085205078125;-0.05300000309944153;-0.2939999997615814;0.058000002056360245;-0.956000030040741;-0.1990000158548355;0.08400000631809235
700136.0;-1.0090000629425049;-0.4930000305175781;0.14300000667572021;50.0625;12.75;0.5625;-2764.0;-131.0;-137.0;341.625;-77.125;68.5;-0.72589111328125;0.2447509765625;-0.63201904296875;-0.11737060546875;-0.2590000033378601;-0.6940000057220459;0.2710000276565552;-0.956000030040741;-0.20200000703334808;0.07900000363588333
700146.0;-1.2160000801086426;-0.8970000147819519;0.35100001096725464;50.0625;12.75;0.5625;-4045.0;478.0;-639.0;339.8125;-76.875;72.6875;-0.71923828125;0.26263427734375;-0.63037109375;-0.1278076171875;-0.41100001335144043;-0.8740000128746033;0.12800000607967377;-0.9550000429153442;-0.2120000123977661;0.06599999964237213
700156.0;-1.3660000562667847;-1.0860000848770142;0.1940000057220459;50.0625;12.75;0.5625;-3624.0;382.0;-1342.0;338.6875;-76.125;76.75;-0.7137451171875;0.28106689453125;-0.62738037109375;-0.1341552734375;-0.2750000059604645;-0.7740000486373901;-0.11800000816583633;-0.9520000219345093;-0.22800001502037048;0.05300000309944153
700161.0;-1.227000117301941;-1.003000020980835;-0.06400000303983688;50.0625;12.75;0.5625;-1701.0;268.0;-1578.0;338.6875;-75.25;79.125;-0.71136474609375;0.2928466796875;-0.624755859375;-0.13348388671875;0.13600000739097595;-0.3970000147819519;-0.15600000321865082;-0.9480000734329224;-0.24500000476837158;0.046000003814697266
700171.0;-0.8110000491142273;-0.6420000195503235;-0.11000000685453415;50.0625;12.75;0.5625;375.0;73.0;-803.0;339.4375;-74.75;79.4375;-0.7122802734375;0.294189453125;-0.62408447265625;-0.12908935546875;0.1810000091791153;-0.26900002360343933;-0.26200002431869507;-0.9460000395774841;-0.25200000405311584;0.04700000211596489
700181.0;-0.7640000581741333;-0.5210000276565552;-0.21400001645088196;50.0625;12.75;0.5625;375.0;73.0;-803.0;340.0;-74.875;78.6875;-0.7138671875;0.28863525390625;-0.62554931640625;-0.12554931640625;0.14400000870227814;-0.125;-0.33000001311302185;-0.9460000395774841;-0.25;0.049000002443790436
700191.0;-0.8020000457763672;-0.3750000298023224;-0.2800000011920929;49.6875;15.1875;0.875;1290.0;71.0;225.0;340.0;-74.875;78.6875;-0.71502685546875;0.2813720703125;-0.62750244140625;-0.1256103515625;0.09200000762939453;-0.03400000184774399;-0.28700000047683716;-0.9490000605583191;-0.24000000953674316;0.05300000309944153
700195.0;-0.8020000457763672;-0.3750000298023224;-0.2800000011920929;49.6875;15.1875;0.875;1290.0;71.0;225.0;340.0;-74.875;78.6875;-0.71502685546875;0.2813720703125;-0.62750244140625;-0.1256103515625;0.09200000762939453;-0.03400000184774399;-0.28700000047683716;-0.9490000605583191;-0.24000000953674316;0.05300000309944153
700205.0;-0.8560000658035278;-0.27400001883506775;-0.23400001227855682;49.6875;15.1875;0.875;698.0;40.0;923.0;339.875;-76.0;76.6875;-0.71533203125;0.27569580078125;-0.6295166015625;-0.126708984375;0.1900000125169754;0.5750000476837158;0.37800002098083496;-0.9510000348091125;-0.23000000417232513;0.05400000140070915
700215.0;-0.7610000371932983;0.3450000286102295;0.4320000112056732;49.6875;15.1875;0.875;267.0;414.0;446.0;339.8125;-76.3125;77.25;-0.7139892578125;0.27349853515625;-0.63189697265625;-0.12689208984375;0.21000000834465027;0.8040000200271606;0.32200002670288086;-0.9520000219345093;-0.22500000894069672;0.05000000074505806
700225.0;-0.7420000433921814;0.578000009059906;0.37300002574920654;49.6875;15.1875;0.875;-264.0;312.0;-21.0;339.6875;-76.375;78.1875;-0.71258544921875;0.2747802734375;-0.63287353515625;-0.12725830078125;0.1810000091791153;0.8610000610351562;0.28200000524520874;-0.9530000686645508;-0.22600001096725464;0.04700000211596489
700229.0;-0.7420000433921814;0.578000009059906;0.37300002574920654;49.6875;15.1875;0.875;-264.0;312.0;-21.0;339.6875;-76.375;78.1875;-0.71258544921875;0.2747802734375;-0.63287353515625;-0.12725830078125;0.1810000091791153;0.8610000610351562;0.28200000524520874;-0.9530000686645508;-0.22600001096725464;0.04700000211596489
700239.0;-0.7710000276565552;0.6350000500679016;0.3290000259876251;49.6875;15.1875;0.875;-264.0;312.0;-21.0;339.6875;-76.375;78.1875;-0.71258544921875;0.2747802734375;-0.63287353515625;-0.12725830078125;0.1810000091791153;0.8610000610351562;0.28200000524520874;-0.9520000219345093;-0.22800001502037048;0.04200000315904617
700249.0;-0.9200000166893005;0.2550000250339508;0.3440000116825104;49.375;14.75;0.0625;-728.0;244.0;-160.0;339.4375;-76.3125;79.3125;-0.7108154296875;0.2781982421875;-0.633056640625;-0.12872314453125;0.03200000151991844;0.4830000102519989;0.30100002884864807;-0.9520000219345093;-0.2290000170469284;0.03700000047683716
700259.0;-1.0380001068115234;0.05700000375509262;0.18400001525878906;49.375;14.75;0.0625;-1083.0;267.0;-87.0;338.375;-76.25;82.0;-0.70587158203125;0.28717041015625;-0.63336181640625;-0.13458251953125;-0.14900000393390656;0.14500001072883606;0.03200000151991844;-0.9520000219345093;-0.23000000417232513;0.03200000151991844
700261.0;-1.1019999980926514;-0.08500000089406967;0.06400000303983688;49.375;14.75;0.0625;-1077.0;273.0;-61.0;338.1875;-76.1875;83.0;-0.70428466796875;0.28997802734375;-0.63360595703125;-0.13568115234375;-0.16200000047683716;0.020000001415610313;-0.004000000189989805;-0.9520000219345093;-0.23100000619888306;0.02800000086426735
700271.0;-1.1140000820159912;-0.2110000103712082;0.023000001907348633;49.375;14.75;0.0625;-582.0;239.0;-141.0;338.3125;-76.0625;83.25;-0.70428466796875;0.29052734375;-0.63360595703125;-0.134521484375;-0.10900000482797623;-0.05400000140070915;-0.026000000536441803;-0.9510000348091125;-0.23400001227855682;0.027000000700354576
700281.0;-1.061000108718872;-0.2880000174045563;0.0010000000474974513;49.375;14.75;0.0625;63.0;80.0;-218.0;338.3125;-76.0625;83.25;-0.70428466796875;0.29052734375;-0.63360595703125;-0.134521484375;-0.10900000482797623;-0.05400000140070915;-0.026000000536441803;-0.9510000348091125;-0.23400001227855682;0.027000000700354576
700291.0;-1.0290000438690186;-0.23200000822544098;-0.014000000432133675;50.0625;14.0625;1.6875;450.0;-41.0;-202.0;338.6875;-75.9375;82.9375;-0.70526123046875;0.28948974609375;-0.63348388671875;-0.13232421875;-0.07800000160932541;0.003000000026077032;-0.0430000014603138;-0.9510000348091125;-0.23600001633167267;0.029000001028180122
700301.0;-0.9930000305175781;-0.15700000524520874;0.01600000075995922;50.0625;14.0625;1.6875;542.0;-125.0;-122.0;339.0625;-75.875;82.3125;-0.7078857421875;0.2862548828125;-0.63275146484375;-0.1290283203125;0.0;0.1380000114440918;0.02500000037252903;-0.9500000476837158;-0.2370000183582306;0.03400000184774399
700311.0;-0.9510000348091125;-0.0990000069141388;0.05900000408291817;50.0625;14.0625;1.6875;414.0;-181.0;-33.0;339.3125;-75.8125;81.625;-0.70849609375;0.28570556640625;-0.63226318359375;-0.1290283203125;0.0560000017285347;0.22200001776218414;0.1340000033378601;-0.9500000476837158;-0.2370000183582306;0.036000002175569534
700321.0;-0.8940000534057617;-0.014000000432133675;0.17100000381469727;50.0625;14.0625;1.6875;97.0;-161.0;25.0;339.3125;-75.8125;81.1875;-0.70831298828125;0.28662109375;-0.63177490234375;-0.1302490234375;0.052000001072883606;0.2770000100135803;0.1469999998807907;-0.9500000476837158;-0.23600001633167267;0.036000002175569534
700324.0;-0.8940000534057617;-0.014000000432133675;0.17100000381469727;50.0625;14.0625;1.6875;97.0;-161.0;25.0;339.3125;-75.8125;81.1875;-0.70831298828125;0.28662109375;-0.63177490234375;-0.1302490234375;0.052000001072883606;0.2770000100135803;0.1469999998807907;-0.9500000476837158;-0.23600001633167267;0.036000002175569534
700334.0;-0.8980000615119934;0.04000000283122063;0.18400001525878906;50.0625;14.0625;1.6875;-298.0;-87.0;35.0;339.125;-75.8125;81.125;-0.70831298828125;0.28662109375;-0.63177490234375;-0.1302490234375;0.052000001072883606;0.2770000100135803;0.1469999998807907;-0.9500000476837158;-0.23600001633167267;0.036000002175569534
700344.0;-0.9120000600814819;0.08400000631809235;0.17800000309944153;49.25;15.6875;2.1875;-588.0;6.0;-16.0;338.8125;-75.8125;81.5;-0.70745849609375;0.28887939453125;-0.63134765625;-0.13214111328125;0.03800000250339508;0.32100000977516174;0.14300000667572021;-0.9500000476837158;-0.2370000183582306;0.03500000014901161
700354.0;-0.9320000410079956;0.11000000685453415;0.1550000011920929;49.25;15.6875;2.1875;-657.0;77.0;-91.0;338.5;-75.75;82.125;-0.70623779296875;0.29168701171875;-0.63104248046875;-0.1339111328125;-0.004000000189989805;0.3110000193119049;0.06400000303983688;-0.9500000476837158;-0.23900000751018524;0.030000001192092896
700358.0;-0.9320000410079956;0.11000000685453415;0.1550000011920929;49.25;15.6875;2.1875;-657.0;77.0;-91.0;338.5;-75.75;82.125;-0.70623779296875;0.29168701171875;-0.63104248046875;-0.1339111328125;-0.004000000189989805;0.3110000193119049;0.06400000303983688;-0.9500000476837158;-0.23900000751018524;0.030000001192092896
700368.0;-0.9550000429153442;0.07100000232458115;0.09400000423192978;49.25;15.6875;2.1875;-589.0;120.0;-133.0;338.25;-75.6875;82.8125;-0.70501708984375;0.29443359375;-0.630859375;-0.13519287109375;-0.013000000268220901;0.2590000033378601;0.0690000057220459;-0.9500000476837158;-0.2410000115633011;0.027000000700354576
700378.0;-0.9630000591278076;0.018000001087784767;0.09600000083446503;49.25;15.6875;2.1875;-497.0;119.0;-104.0;338.0625;-75.625;83.4375;-0.70391845703125;0.29669189453125;-0.6307373046875;-0.13629150390625;-0.01600000075995922;0.1860000044107437;0.08500000089406967;-0.9500000476837158;-0.2410000115633011;0.02500000037252903
700388.0;-0.9670000672340393;-0.055000003427267075;0.11100000888109207;49.25;15.6875;2.1875;-420.0;84.0;-52.0;337.875;-75.625;83.875;-0.70306396484375;0.29852294921875;-0.63067626953125;-0.1373291015625;-0.01600000075995922;0.1860000044107437;0.08500000089406967;-0.9500000476837158;-0.2410000115633011;0.02500000037252903
700393.0;-0.971000075340271;-0.15900000929832458;0.12400000542402267;50.0;14.875;3.375;-384.0;46.0;2.0;337.625;-75.625;84.25;-0.7022705078125;0.29998779296875;-0.630615234375;-0.1385498046875;-0.021000001579523087;0.0820000022649765;0.0990000069141388;-0.9500000476837158;-0.2410000115633011;0.024000000208616257
700403.0;-0.9670000672340393;-0.1720000058412552;0.13700000941753387;50.0;14.875;3.375;-360.0;24.0;40.0;337.4375;-75.625;84.5;-0.70159912109375;0.3011474609375;-0.6304931640625;-0.13983154296875;-0.017000000923871994;0.06800000369548798;0.11400000751018524;-0.9500000476837158;-0.2410000115633011;0.023000001907348633
700413.0;-0.9530000686645508;-0.15900000929832458;0.13600000739097595;50.0;14.875;3.375;-296.0;3.0;75.0;337.1875;-75.6875;84.6875;-0.7010498046875;0.302001953125;-0.63037109375;-0.14111328125;-0.003000000026077032;0.08100000023841858;0.11300000548362732;-0.9500000476837158;-0.24000000953674316;0.02200000174343586
700423.0;-0.9380000233650208;-0.12800000607967377;0.13900001347064972;50.0;14.875;3.375;-179.0;-9.0;108.0;337.0625;-75.75;84.75;-0.70068359375;0.30230712890625;-0.63043212890625;-0.14215087890625;0.01100000087171793;0.11000000685453415;0.11700000613927841;-0.9500000476837158;-0.23900000751018524;0.021000001579523087
700427.0;-0.9380000233650208;-0.12800000607967377;0.13900001347064972;50.0;14.875;3.375;-179.0;-9.0;108.0;337.0625;-75.75;84.75;-0.70068359375;0.30230712890625;-0.63043212890625;-0.14215087890625;0.01100000087171793;0.11000000685453415;0.11700000613927841;-0.9500000476837158;-0.23900000751018524;0.021000001579523087
700437.0;-0.9290000200271606;-0.07900000363588333;0.14800000190734863;50.0;14.875;3.375;-58.0;2.0;121.0;336.9375;-75.8125;84.75;-0.70050048828125;0.3021240234375;-0.63055419921875;-0.14276123046875;0.021000001579523087;0.15900000929832458;0.12600000202655792;-0.9500000476837158;-0.23800000548362732;0.021000001579523087
700447.0;-0.9340000152587891;-0.06800000369548798;0.14900000393390656;49.25;15.25;2.5;45.0;14.0;164.0;336.875;-75.9375;84.75;-0.700439453125;0.30145263671875;-0.63092041015625;-0.1431884765625;0.01600000075995922;0.1680000126361847;0.12700000405311584;-0.9510000348091125;-0.23600001633167267;0.021000001579523087
700457.0;-0.940000057220459;-0.04800000041723251;0.14000000059604645;49.25;15.25;2.5;102.0;34.0;221.0;336.8125;-76.0625;84.6875;-0.7003173828125;0.30035400390625;-0.6314697265625;-0.14361572265625;0.01100000087171793;0.1850000023841858;0.11900000274181366;-0.9510000348091125;-0.23400001227855682;0.021000001579523087
700461.0;-0.9480000734329224;-0.024000000208616257;0.11500000208616257;49.25;15.25;2.5;94.0;52.0;245.0;336.6875;-76.1875;84.6875;-0.7000732421875;0.2991943359375;-0.63214111328125;-0.14410400390625;0.004000000189989805;0.2070000171661377;0.09400000423192978;-0.9520000219345093;-0.23200000822544098;0.021000001579523087
700471.0;-0.9490000605583191;-0.01100000087171793;0.07800000160932541;49.25;15.25;2.5;97.0;51.0;232.0;336.625;-76.375;84.75;-0.69989013671875;0.298095703125;-0.63275146484375;-0.14459228515625;0.003000000026077032;0.21800000965595245;0.05700000375509262;-0.9530000686645508;-0.2290000170469284;0.021000001579523087
700481.0;-0.9540000557899475;-0.005000000353902578;0.0820000022649765;49.25;15.25;2.5;115.0;65.0;199.0;336.5625;-76.5;84.75;-0.69970703125;0.29705810546875;-0.6334228515625;-0.14483642578125;0.0;0.22200001776218414;0.06100000441074371;-0.9530000686645508;-0.22700001299381256;0.020000001415610313
700491.0;-0.9570000171661377;-0.004000000189989805;0.08000000566244125;50.25;15.25;3.0;96.0;81.0;169.0;336.5625;-76.5625;84.875;-0.699462890625;0.29620361328125;-0.634033203125;-0.14501953125;-0.003000000026077032;0.22100001573562622;0.05900000408291817;-0.9540000557899475;-0.22600001096725464;0.020000001415610313
700495.0;-0.9570000171661377;-0.004000000189989805;0.08000000566244125;50.25;15.25;3.0;96.0;81.0;169.0;336.5625;-76.5625;84.875;-0.699462890625;0.29620361328125;-0.634033203125;-0.14501953125;-0.003000000026077032;0.22100001573562622;0.05900000408291817;-0.9540000557899475;-0.22600001096725464;0.020000001415610313
700505.0;-0.9450000524520874;-0.0020000000949949026;0.06100000441074371;50.25;15.25;3.0;45.0;82.0;168.0;336.5;-76.6875;85.0;-0.6990966796875;0.2955322265625;-0.6346435546875;-0.14532470703125;0.00800000037997961;0.22100001573562622;0.04200000315904617;-0.9540000557899475;-0.2240000069141388;0.01900000125169754
700515.0;-0.937000036239624;-0.023000001907348633;0.03800000250339508;50.25;15.25;3.0;20.0;61.0;246.0;336.375;-76.875;85.125;-0.69873046875;0.294677734375;-0.63525390625;-0.1461181640625;0.017000000923871994;0.19700001180171967;0.020000001415610313;-0.9550000429153442;-0.22100001573562622;0.018000001087784767
700525.0;-0.8760000467300415;0.04800000041723251;0.0690000057220459;50.25;15.25;3.0;-57.0;64.0;278.0;336.1875;-77.0;85.25;-0.6982421875;0.29400634765625;-0.63592529296875;-0.147216796875;0.07900000363588333;0.2670000195503235;0.05100000277161598;-0.9550000429153442;-0.21900001168251038;0.018000001087784767
700529.0;-0.8760000467300415;0.04800000041723251;0.0690000057220459;50.25;15.25;3.0;-57.0;64.0;278.0;336.1875;-77.0;85.25;-0.6982421875;0.29400634765625;-0.63592529296875;-0.147216796875;0.07900000363588333;0.2670000195503235;0.05100000277161598;-0.9550000429153442;-0.21900001168251038;0.018000001087784767
700539.0;-0.8890000581741333;0.1120000034570694;0.07700000703334808;50.25;15.25;3.0;-76.0;87.0;79.0;336.0625;-77.0625;85.5;-0.69775390625;0.29412841796875;-0.63629150390625;-0.14764404296875;0.06599999964237213;0.33100003004074097;0.06000000238418579;-0.9550000429153442;-0.21800000965595245;0.01600000075995922
700549.0;-0.8890000581741333;0.1120000034570694;0.07700000703334808;50.25;15.25;3.0;-154.0;279.0;-147.0;336.125;-77.0;86.375;-0.69671630859375;0.29541015625;-0.636962890625;-0.14715576171875;-0.00800000037997961;0.26600000262260437;0.020000001415610313;-0.9550000429153442;-0.21900001168251038;0.013000000268220901
700559.0;-0.9640000462532043;0.046000003814697266;0.03400000184774399;48.875;14.875;2.5;-399.0;306.0;29.0;335.875;-77.0;87.4375;-0.69500732421875;0.2969970703125;-0.6378173828125;-0.14813232421875;-0.03100000135600567;0.30000001192092896;0.03200000151991844;-0.9550000429153442;-0.21900001168251038;0.009000000543892384
700563.0;-0.987000048160553;0.08000000566244125;0.04200000315904617;48.875;14.875;2.5;-485.0;317.0;37.0;335.625;-77.0625;88.5625;-0.693115234375;0.29888916015625;-0.638671875;-0.1494140625;-0.036000002175569534;0.3370000123977661;0.03800000250339508;-0.9550000429153442;-0.21900001168251038;0.005000000353902578
700573.0;-0.9920000433921814;0.11800000816583633;0.0430000014603138;48.875;14.875;2.5;-496.0;294.0;140.0;335.3125;-77.125;89.625;-0.69122314453125;0.30047607421875;-0.63958740234375;-0.151123046875;-0.03100000135600567;0.3270000219345093;0.05700000375509262;-0.956000030040741;-0.21700000762939453;0.0010000000474974513
700583.0;-0.987000048160553;0.11000000685453415;0.058000002056360245;48.875;14.875;2.5;-266.0;212.0;286.0;335.0;-77.3125;90.375;-0.68988037109375;0.3006591796875;-0.64056396484375;-0.1527099609375;-0.020000001415610313;0.3330000042915344;0.08400000631809235;-0.956000030040741;-0.21400001645088196;-0.0010000000474974513
700593.0;-0.9770000576972961;0.11800000816583633;0.08300000429153442;48.875;14.875;2.5;-266.0;212.0;286.0;334.5;-77.5;91.0625;-0.68829345703125;0.30145263671875;-0.6412353515625;-0.1553955078125;-0.02500000037252903;0.37400001287460327;0.10300000756978989;-0.9570000171661377;-0.2110000103712082;-0.004000000189989805
700597.0;-0.9770000576972961;0.11800000816583633;0.08300000429153442;48.875;14.875;2.5;-266.0;212.0;286.0;334.5;-77.5;91.0625;-0.68829345703125;0.30145263671875;-0.6412353515625;-0.1553955078125;-0.02500000037252903;0.37400001287460327;0.10300000756978989;-0.9570000171661377;-0.2110000103712082;-0.004000000189989805
700607.0;-0.9820000529289246;0.16300000250339508;0.0990000069141388;50.0;14.1875;3.75;28.0;266.0;333.0;334.375;-77.75;91.6875;-0.68731689453125;0.2996826171875;-0.64300537109375;-0.15618896484375;-0.029000001028180122;0.4130000174045563;0.12200000882148743;-0.9580000638961792;-0.2070000171661377;-0.006000000052154064
700617.0;-0.9880000352859497;0.20600001513957977;0.11500000208616257;50.0;14.1875;3.75;286.0;197.0;423.0;334.3125;-78.0;92.125;-0.68670654296875;0.29736328125;-0.64459228515625;-0.15643310546875;-0.03400000184774399;0.46800002455711365;0.1380000114440918;-0.9590000510215759;-0.20200000703334808;-0.007000000216066837
700627.0;-0.9940000176429749;0.26600000262260437;0.13100001215934753;50.0;14.1875;3.75;286.0;207.0;365.0;334.25;-78.25;92.625;-0.6861572265625;0.29522705078125;-0.64617919921875;-0.15643310546875;-0.06300000101327896;0.5190000534057617;0.13900001347064972;-0.9600000381469727;-0.1990000158548355;-0.009000000543892384
700631.0;-1.0230000019073486;0.320000022649765;0.1290000081062317;50.0;14.1875;3.75;178.0;165.0;392.0;334.1875;-78.5;93.0625;-0.685546875;0.29339599609375;-0.64752197265625;-0.156982421875;-0.07400000095367432;0.5540000200271606;0.14300000667572021;-0.9610000252723694;-0.19500000774860382;-0.010000000707805157
700641.0;-1.0350000858306885;0.359000027179718;0.13199999928474426;50.0;14.1875;3.75;178.0;165.0;392.0;334.1875;-78.5;93.0625;-0.685546875;0.29339599609375;-0.64752197265625;-0.156982421875;-0.07400000095367432;0.5540000200271606;0.14300000667572021;-0.9610000252723694;-0.1900000125169754;-0.01100000087171793
700651.0;-1.0430001020431519;0.40700000524520874;0.12400000542402267;50.6875;13.0;5.375;-32.0;97.0;448.0;333.375;-78.75;93.4375;-0.68408203125;0.29486083984375;-0.64727783203125;-0.16156005859375;-0.08100000023841858;0.5980000495910645;0.13500000536441803;-0.9620000720024109;-0.1850000023841858;-0.012000000104308128
700661.0;-1.059000015258789;0.4650000333786011;0.11400000751018524;50.6875;13.0;5.375;-313.0;7.0;510.0;332.1875;-79.4375;93.9375;-0.68206787109375;0.29412841796875;-0.64794921875;-0.1685791015625;-0.11700000613927841;0.6770000457763672;0.14000000059604645;-0.9640000462532043;-0.17900000512599945;-0.012000000104308128
700665.0;-1.059000015258789;0.4650000333786011;0.11400000751018524;50.6875;13.0;5.375;-313.0;7.0;510.0;332.1875;-79.4375;93.9375;-0.68206787109375;0.29412841796875;-0.64794921875;-0.1685791015625;-0.11700000613927841;0.6770000457763672;0.14000000059604645;-0.9640000462532043;-0.17900000512599945;-0.012000000104308128
700675.0;-1.0810000896453857;0.4970000088214874;0.12700000405311584;50.6875;13.0;5.375;-547.0;-74.0;595.0;331.25;-79.875;94.0625;-0.68072509765625;0.29449462890625;-0.647705078125;-0.17431640625;-0.14600001275539398;0.7090000510215759;0.13900001347064972;-0.9650000333786011;-0.17100000381469727;-0.012000000104308128
700685.0;-1.1110000610351562;0.5370000004768372;0.12700000405311584;50.6875;13.0;5.375;-838.0;-175.0;718.0;330.25;-80.3125;94.0625;-0.67938232421875;0.2947998046875;-0.64739990234375;-0.1800537109375;-0.16700001060962677;0.734000027179718;0.1290000081062317;-0.9660000205039978;-0.164000004529953;-0.01100000087171793
700695.0;-1.1340000629425049;0.5690000057220459;0.11700000613927841;50.6875;13.0;5.375;-826.0;-184.0;730.0;330.25;-80.3125;94.0625;-0.67938232421875;0.2947998046875;-0.64739990234375;-0.1800537109375;-0.16700001060962677;0.734000027179718;0.1290000081062317;-0.9660000205039978;-0.164000004529953;-0.01100000087171793
700699.0;-1.1340000629425049;0.5690000057220459;0.11700000613927841;50.6875;13.0;5.375;-826.0;-184.0;730.0;330.25;-80.3125;94.0625;-0.67938232421875;0.2947998046875;-0.64739990234375;-0.1800537109375;-0.16700001060962677;0.734000027179718;0.1290000081062317;-0.9660000205039978;-0.164000004529953;-0.01100000087171793
700709.0;-1.1700000762939453;0.6320000290870667;0.15200001001358032;50.6875;12.6875;5.0;-722.0;-198.0;745.0;329.0625;-80.75;94.0;-0.677734375;0.29632568359375;-0.6463623046875;-0.187255859375;-0.20100000500679016;0.7880000472068787;0.16300000250339508;-0.968000054359436;-0.15600000321865082;-0.01100000087171793
700719.0;-1.1740000247955322;0.656000018119812;0.1730000078678131;50.6875;12.6875;5.0;-614.0;-213.0;791.0;328.1875;-81.25;93.75;-0.67572021484375;0.29437255859375;-0.646240234375;-0.19793701171875;-0.1940000057220459;0.8180000185966492;0.17900000512599945;-0.9700000286102295;-0.13900001347064972;-0.00800000037997961
700729.0;-1.165000081062317;0.6780000329017639;0.17100000381469727;50.6875;12.6875;5.0;-553.0;-227.0;884.0;327.3125;-81.8125;93.375;-0.6744384765625;0.2928466796875;-0.6463623046875;-0.2039794921875;-0.1810000091791153;0.8200000524520874;0.18200001120567322;-0.9720000624656677;-0.12800000607967377;-0.006000000052154064
700733.0;-1.152999997138977;0.6910000443458557;0.17500001192092896;50.6875;12.6875;5.0;-614.0;-218.0;1011.0;326.3125;-82.4375;93.0625;-0.6724853515625;0.29156494140625;-0.6466064453125;-0.211181640625;-0.22600001096725464;0.8200000524520874;0.19100001454353333;-0.9730000495910645;-0.11600000411272049;-0.006000000052154064
700743.0;-1.1990000009536743;0.703000009059906;0.1850000023841858;50.6875;12.6875;5.0;-813.0;-177.0;1166.0;325.125;-83.125;93.0;-0.6724853515625;0.29156494140625;-0.6466064453125;-0.211181640625;-0.22600001096725464;0.8200000524520874;0.19100001454353333;-0.9730000495910645;-0.11600000411272049;-0.006000000052154064
700753.0;-1.2440000772476196;0.6970000267028809;0.18000000715255737;51.375;10.5;5.375;-1129.0;-140.0;1288.0;323.25;-83.875;173.9375;-0.6690673828125;0.2930908203125;-0.6458740234375;-0.22198486328125;-0.26900002360343933;0.8010000586509705;0.1860000044107437;-0.9750000238418579;-0.10300000756978989;-0.006000000052154064
700763.0;-1.284000039100647;0.6890000104904175;0.17400000989437103;51.375;10.5;5.375;-1532.0;-151.0;1323.0;321.5;-84.6875;174.75;-0.66558837890625;0.2938232421875;-0.64556884765625;-0.23211669921875;-0.34200000762939453;0.7290000319480896;0.164000004529953;-0.9770000576972961;-0.07500000298023224;-0.005000000353902578
700767.0;-1.284000039100647;0.6890000104904175;0.17400000989437103;51.375;10.5;5.375;-1532.0;-151.0;1323.0;321.5;-84.6875;174.75;-0.66558837890625;0.2938232421875;-0.64556884765625;-0.23211669921875;-0.34200000762939453;0.7290000319480896;0.164000004529953;-0.9770000576972961;-0.07500000298023224;-0.005000000353902578
700777.0;-1.319000005722046;0.6530000567436218;0.15800000727176666;51.375;10.5;5.375;-1929.0;-202.0;1337.0;319.5625;-85.5;175.5625;-0.66162109375;0.2957763671875;-0.64453125;-0.24365234375;-0.3500000238418579;0.7000000476837158;0.1810000091791153;-0.9780000448226929;-0.06100000441074371;-0.004000000189989805
700787.0;-1.3290001153945923;0.6390000581741333;0.17600001394748688;51.375;10.5;5.375;-2304.0;-236.0;1391.0;317.3125;-86.375;176.375;-0.656982421875;0.29876708984375;-0.642822265625;-0.2567138671875;-0.35600000619888306;0.6790000200271606;0.19700001180171967;-0.9790000319480896;-0.04500000178813934;-0.003000000026077032
700797.0;-1.3350000381469727;0.6340000033378601;0.19300000369548798;51.375;10.5;5.375;-2646.0;-253.0;1510.0;314.75;-87.3125;177.3125;-0.65155029296875;0.30242919921875;-0.64068603515625;-0.27130126953125;-0.35600000619888306;0.6790000200271606;0.19700001180171967;-0.9790000319480896;-0.04500000178813934;-0.003000000026077032
700801.0;-1.349000096321106;0.6210000514984131;0.20500001311302185;50.6875;6.75;5.375;-2946.0;-333.0;1700.0;311.9375;-88.3125;178.3125;-0.6453857421875;0.3062744140625;-0.637939453125;-0.28759765625;-0.36900001764297485;0.6490000486373901;0.2070000171661377;-0.9800000190734863;-0.027000000700354576;-0.0010000000474974513
700811.0;-1.3530000448226929;0.7910000085830688;0.19200000166893005;50.6875;6.75;5.375;-3524.0;-254.0;1912.0;308.625;-89.5;0.4375;-0.63751220703125;0.3114013671875;-0.6346435546875;-0.30633544921875;-0.3720000088214874;0.7990000247955322;0.19200000166893005;-0.9800000190734863;-0.00800000037997961;0.0
700821.0;-1.4640001058578491;0.6070000529289246;0.1980000138282776;50.6875;6.75;5.375;-4121.0;-710.0;2899.0;304.4375;-88.625;-1.25;-0.62823486328125;0.31427001953125;-0.630126953125;-0.3309326171875;-0.484000027179718;0.5850000381469727;0.1900000125169754;-0.9780000448226929;0.05400000140070915;0.020000001415610313
700831.0;-1.4920001029968262;0.3850000202655792;0.18300001323223114;50.6875;6.75;5.375;-4035.0;-1003.0;3226.0;300.0625;-86.5625;-3.1875;-0.61895751953125;0.3150634765625;-0.6248779296875;-0.3565673828125;-0.5130000114440918;0.33000001311302185;0.16300000250339508;-0.9780000448226929;0.05400000140070915;0.020000001415610313
700834.0;-1.4920001029968262;0.3850000202655792;0.18300001323223114;50.6875;6.75;5.375;-4035.0;-1003.0;3226.0;300.0625;-86.5625;-3.1875;-0.61895751953125;0.3150634765625;-0.6248779296875;-0.3565673828125;-0.5130000114440918;0.33000001311302185;0.16300000250339508;-0.9780000448226929;0.05400000140070915;0.020000001415610313
700844.0;-1.4620000123977661;0.3050000071525574;0.20200000703334808;50.6875;6.75;5.375;-3775.0;-1246.0;3261.0;295.9375;-84.4375;-5.0625;-0.6104736328125;0.31414794921875;-0.618896484375;-0.38165283203125;-0.48600003123283386;0.21700000762939453;0.16600000858306885;-0.9760000705718994;0.08700000494718552;0.03500000014901161
700854.0;-1.3270000219345093;0.4700000286102295;0.27900001406669617;51.75;2.6875;5.875;-3395.0;-1291.0;3139.0;292.1875;-82.375;-65.8125;-0.6025390625;0.3121337890625;-0.6129150390625;-0.40484619140625;-0.3540000021457672;0.35200002789497375;0.22600001096725464;-0.9720000624656677;0.11700000613927841;0.052000001072883606
700864.0;-1.290000081062317;0.5120000243186951;0.28700000047683716;51.75;2.6875;5.875;-3044.0;-1251.0;3258.0;288.5625;-80.3125;-64.875;-0.59442138671875;0.30853271484375;-0.60760498046875;-0.427001953125;-0.3230000138282776;0.3630000054836273;0.21700000762939453;-0.9660000205039978;0.14900000393390656;0.0690000057220459
700868.0;-1.290000081062317;0.5120000243186951;0.28700000047683716;51.75;2.6875;5.875;-3044.0;-1251.0;3258.0;288.5625;-80.3125;-64.875;-0.59442138671875;0.30853271484375;-0.60760498046875;-0.427001953125;-0.3230000138282776;0.3630000054836273;0.21700000762939453;-0.9660000205039978;0.14900000393390656;0.0690000057220459
700878.0;-1.3220000267028809;0.534000039100647;0.28200000524520874;51.75;2.6875;5.875;-2884.0;-1269.0;3567.0;284.9375;-78.0;-64.3125;-0.5855712890625;0.30316162109375;-0.60272216796875;-0.4493408203125;-0.3620000183582306;0.35100001096725464;0.1940000057220459;-0.9590000510215759;0.18300001323223114;0.08700000494718552
700888.0;-1.4170000553131104;0.484000027179718;0.3110000193119049;51.75;2.6875;5.875;-2727.0;-1396.0;3900.0;281.3125;-75.5;-63.8125;-0.576171875;0.2957763671875;-0.59796142578125;-0.47216796875;-0.46700000762939453;0.26500001549720764;0.203000009059906;-0.9490000605583191;0.21900001168251038;0.10700000822544098
700898.0;-1.4190000295639038;0.49500003457069397;0.37400001287460327;51.75;2.6875;5.875;-2563.0;-1558.0;4034.0;277.75;-72.9375;-63.125;-0.56683349609375;0.286865234375;-0.59295654296875;-0.49481201171875;-0.48100003600120544;0.23900000751018524;0.24400001764297485;-0.937000036239624;0.25600001215934753;0.1290000081062317
700902.0;-1.412000060081482;0.5320000052452087;0.42900002002716064;50.6875;-6.5625;2.5;-2515.0;-1723.0;4095.0;274.25;-70.25;-62.25;-0.55755615234375;0.2769775390625;-0.58721923828125;-0.517333984375;-0.48900002241134644;0.23900000751018524;0.2750000059604645;-0.9230000376701355;0.29200002551078796;0.15300001204013824
700912.0;-1.3880000114440918;0.562000036239624;0.45000001788139343;50.6875;-6.5625;2.5;-2545.0;-1878.0;4273.0;270.75;-67.4375;-61.25;-0.5477294921875;0.2659912109375;-0.58074951171875;-0.54034423828125;-0.4830000102519989;0.23200000822544098;0.27000001072883606;-0.9050000309944153;0.3290000259876251;0.18000000715255737
700922.0;-1.3300000429153442;0.5200000405311584;0.531000018119812;50.6875;-6.5625;2.5;-2570.0;-2052.0;4415.0;267.25;-64.5;-60.1875;-0.53759765625;0.25390625;-0.57342529296875;-0.56365966796875;-0.445000022649765;0.15400001406669617;0.32100000977516174;-0.8850000500679016;0.3660000264644623;0.20900000631809235
700932.0;-1.246000051498413;0.5360000133514404;0.6130000352859497;50.6875;-6.5625;2.5;-2611.0;-2190.0;4242.0;263.9375;-61.625;-58.9375;-0.52789306640625;0.24188232421875;-0.56488037109375;-0.5863037109375;-0.3830000162124634;0.13700000941753387;0.37300002574920654;-0.862000048160553;0.39900001883506775;0.24000000953674316
700936.0;-1.246000051498413;0.5360000133514404;0.6130000352859497;50.6875;-6.5625;2.5;-2611.0;-2190.0;4242.0;263.9375;-61.625;-58.9375;-0.52789306640625;0.24188232421875;-0.56488037109375;-0.5863037109375;-0.3830000162124634;0.13700000941753387;0.37300002574920654;-0.862000048160553;0.39900001883506775;0.24000000953674316
700946.0;-1.1890000104904175;0.5790000557899475;0.6580000519752502;50.6875;-6.5625;2.5;-2609.0;-2174.0;3761.0;261.0625;-59.0;-57.5;-0.51922607421875;0.2310791015625;-0.55535888671875;-0.60711669921875;-0.34800001978874207;0.15300001204013824;0.38700002431869507;-0.8400000333786011;0.42500001192092896;0.27000001072883606
700956.0;-1.1759999990463257;0.6150000095367432;0.6620000600814819;47.75;-18.0625;-2.75;-2579.0;-2189.0;3638.0;258.25;-56.4375;-56.125;-0.51068115234375;0.22039794921875;-0.54534912109375;-0.6270751953125;-0.3580000102519989;0.16500000655651093;0.36000001430511475;-0.8170000314712524;0.4490000307559967;0.3020000159740448
700966.0;-1.1759999990463257;0.6150000095367432;0.6620000600814819;47.75;-18.0625;-2.75;-2464.0;-2331.0;3686.0;255.625;-53.8125;-54.75;-0.50213623046875;0.20867919921875;-0.5350341796875;-0.6466064453125;-0.40800002217292786;0.11500000208616257;0.3570000231266022;-0.7910000085830688;0.47300001978874207;0.3330000042915344
700971.0;-1.1990000009536743;0.5879999995231628;0.6910000443458557;47.75;-18.0625;-2.75;-2278.0;-2459.0;3573.0;253.1875;-51.1875;-53.4375;-0.49420166015625;0.1961669921875;-0.52447509765625;-0.6650390625;-0.41600000858306885;0.0990000069141388;0.3290000259876251;-0.7640000581741333;0.4930000305175781;0.36500000953674316
700981.0;-1.1800000667572021;0.593000054359436;0.6940000057220459;47.75;-18.0625;-2.75;-2145.0;-2566.0;3487.0;250.9375;-48.5625;-52.1875;-0.4866943359375;0.1829833984375;-0.513671875;-0.6824951171875;-0.3960000276565552;0.10700000822544098;0.30100002884864807;-0.7350000143051147;0.5120000243186951;0.3970000147819519
700991.0;-1.13100004196167;0.6200000047683716;0.6980000138282776;47.75;-18.0625;-2.75;-2225.0;-2667.0;3473.0;248.75;-45.875;-50.875;-0.47906494140625;0.16961669921875;-0.50201416015625;-0.69976806640625;-0.37300002574920654;0.15200001001358032;0.28600001335144043;-0.7040000557899475;0.5290000438690186;0.42900002002716064
701001.0;-1.0780000686645508;0.6810000538825989;0.7160000205039978;47.75;-18.0625;-2.75;-2225.0;-2667.0;3473.0;246.5625;-43.25;-49.4375;-0.4710693359375;0.15673828125;-0.48876953125;-0.7174072265625;-0.3410000205039978;0.2540000081062317;0.33900001645088196;-0.6720000505447388;0.5420000553131104;0.46300002932548523
701004.0;-1.0780000686645508;0.6810000538825989;0.7160000205039978;47.75;-18.0625;-2.75;-2225.0;-2667.0;3473.0;246.5625;-43.25;-49.4375;-0.4710693359375;0.15673828125;-0.48876953125;-0.7174072265625;-0.3410000205039978;0.2540000081062317;0.33900001645088196;-0.6720000505447388;0.5420000553131104;0.46300002932548523
701014.0;-1.0130000114440918;0.7970000505447388;0.8030000329017639;41.0625;-25.5;-12.25;-2519.0;-2718.0;3470.0;244.3125;-40.5625;-47.8125;-0.46246337890625;0.14447021484375;-0.4735107421875;-0.73553466796875;-0.37700000405311584;0.25300002098083496;0.3230000138282776;-0.6370000243186951;0.5520000457763672;0.49900001287460327
701024.0;-1.0150001049041748;0.8050000667572021;0.8230000138282776;41.0625;-25.5;-12.25;-3203.0;-2848.0;3465.0;242.0;-37.8125;-46.0;-0.4534912109375;0.13250732421875;-0.45660400390625;-0.75384521484375;-0.4320000112056732;0.2330000102519989;0.27800002694129944;-0.6020000576972961;0.5570000410079956;0.5370000004768372
701034.0;-1.0350000858306885;0.7900000214576721;0.8160000443458557;41.0625;-25.5;-12.25;-3277.0;-2975.0;3486.0;239.8125;-35.0625;-44.1875;-0.4443359375;0.12005615234375;-0.43865966796875;-0.7718505859375;-0.47700002789497375;0.15000000596046448;0.2460000067949295;-0.5640000104904175;0.5590000152587891;0.5740000009536743
701038.0;-1.0350000858306885;0.7900000214576721;0.8160000443458557;41.0625;-25.5;-12.25;-3277.0;-2975.0;3486.0;239.8125;-35.0625;-44.1875;-0.4443359375;0.12005615234375;-0.43865966796875;-0.7718505859375;-0.47700002789497375;0.15000000596046448;0.2460000067949295;-0.5640000104904175;0.5590000152587891;0.5740000009536743
701048.0;-1.0410000085830688;0.7090000510215759;0.8210000395774841;41.0625;-25.5;-12.25;-3148.0;-3115.0;3546.0;237.6875;-32.25;-42.4375;-0.43487548828125;0.1064453125;-0.42059326171875;-0.7890625;-0.4820000231266022;0.10700000822544098;0.21700000762939453;-0.5230000019073486;0.5600000023841858;0.6110000014305115
701058.0;-1.0049999952316284;0.6670000553131104;0.8290000557899475;41.0625;-25.5;-12.25;-3148.0;-3115.0;3546.0;237.6875;-32.25;-42.4375;-0.43487548828125;0.1064453125;-0.42059326171875;-0.7890625;-0.48500001430511475;0.0990000069141388;0.1860000044107437;-0.48000001907348633;0.5600000023841858;0.6450000405311584
701068.0;-0.9650000333786011;0.659000039100647;0.8320000171661377;34.0625;-31.5;-19.6875;-2908.0;-3244.0;3637.0;235.625;-29.3125;-40.875;-0.42510986328125;0.09149169921875;-0.40289306640625;-0.80535888671875;-0.492000013589859;0.1210000067949295;0.17000000178813934;-0.4350000321865082;0.5590000152587891;0.6770000457763672
701072.0;-0.9270000457763672;0.6800000071525574;0.8480000495910645;34.0625;-31.5;-19.6875;-2668.0;-3337.0;3703.0;231.75;-23.3125;-38.1875;-0.4049072265625;0.05859375;-0.36871337890625;-0.83465576171875;-0.48600003123283386;0.19100001454353333;0.10400000214576721;-0.3880000114440918;0.5570000410079956;0.7070000171661377
701082.0;-0.8750000596046448;0.7480000257492065;0.8110000491142273;34.0625;-31.5;-19.6875;-2483.0;-3413.0;3664.0;230.0;-20.375;-36.9375;-0.39532470703125;0.04144287109375;-0.351806640625;-0.8475341796875;-0.5020000338554382;0.21300001442432404;0.06300000101327896;-0.3410000205039978;0.5520000457763672;0.734000027179718
701092.0;-0.8440000414848328;0.7660000324249268;0.7970000505447388;34.0625;-31.5;-19.6875;-2370.0;-3481.0;3514.0;228.375;-17.4375;-35.625;-0.38616943359375;0.0244140625;-0.3345947265625;-0.8592529296875;-0.49400001764297485;0.21400001645088196;0.02800000086426735;-0.2939999997615814;0.5450000166893005;0.7590000629425049
701102.0;-0.7890000343322754;0.7600000500679016;0.7880000472068787;34.0625;-31.5;-19.6875;-2340.0;-3504.0;3344.0;228.375;-17.4375;-35.625;-0.38616943359375;0.0244140625;-0.3345947265625;-0.8592529296875;-0.49400001764297485;0.21400001645088196;0.02800000086426735;-0.2939999997615814;0.5450000166893005;0.7590000629425049
701106.0;-0.7890000343322754;0.7600000500679016;0.7880000472068787;34.0625;-31.5;-19.6875;-2340.0;-3504.0;3344.0;228.375;-17.4375;-35.625;-0.38616943359375;0.0244140625;-0.3345947265625;-0.8592529296875;-0.49400001764297485;0.21400001645088196;0.02800000086426735;-0.2939999997615814;0.5450000166893005;0.7590000629425049
701116.0;-0.7310000061988831;0.7260000109672546;0.7830000519752502;22.5625;-32.25;-29.5;-2354.0;-3531.0;3212.0;226.875;-14.5625;-34.3125;-0.37738037109375;0.00750732421875;-0.3170166015625;-0.87005615234375;-0.484000027179718;0.1900000125169754;0.0;-0.24700000882148743;0.5350000262260437;0.7830000519752502
701126.0;-0.6180000305175781;0.6430000066757202;0.7930000424385071;22.5625;-32.25;-29.5;-2363.0;-3543.0;3106.0;225.4375;-11.75;-33.0;-0.3603515625;-0.02587890625;-0.281005859375;-0.88909912109375;-0.40300002694129944;0.10600000619888306;-0.03200000151991844;-0.15300001204013824;0.5080000162124634;0.8240000605583191
701136.0;-0.5560000538825989;0.6140000224113464;0.7920000553131104;22.5625;-32.25;-29.5;-2353.0;-3542.0;3014.0;224.125;-9.0;-31.625;-0.3519287109375;-0.04229736328125;-0.26287841796875;-0.8973388671875;-0.3890000283718109;0.09800000488758087;-0.018000001087784767;-0.10600000619888306;0.4910000264644623;0.8410000205039978
701141.0;-0.4960000216960907;0.5890000462532043;0.8230000138282776;22.5625;-32.25;-29.5;-2335.0;-3524.0;2948.0;222.8125;-6.25;-30.25;-0.343505859375;-0.05865478515625;-0.24456787109375;-0.90484619140625;-0.3580000102519989;0.0860000029206276;-0.06000000238418579;-0.06000000238418579;0.47300001978874207;0.8560000658035278
701151.0;-0.4180000126361847;0.5600000023841858;0.7950000166893005;22.5625;-32.25;-29.5;-2326.0;-3520.0;2895.0;221.5625;-3.5;-28.875;-0.343505859375;-0.05865478515625;-0.24456787109375;-0.90484619140625;-0.3580000102519989;0.0860000029206276;-0.06000000238418579;-0.06000000238418579;0.47300001978874207;0.8560000658035278
701161.0;-0.3700000047683716;0.5260000228881836;0.8030000329017639;10.6875;-30.375;-35.6875;-2290.0;-3500.0;2836.0;220.3125;-0.8125;-27.5625;-0.3350830078125;-0.07489013671875;-0.226318359375;-0.91156005859375;-0.35500001907348633;0.07200000435113907;-0.0650000050663948;-0.014000000432133675;0.453000009059906;0.8690000176429749
701171.0;-0.32200002670288086;0.49800002574920654;0.8400000333786011;10.6875;-30.375;-35.6875;-2248.0;-3509.0;2812.0;219.125;1.75;-26.1875;-0.318115234375;-0.107666015625;-0.190185546875;-0.92254638671875;-0.39900001883506775;0.08800000697374344;-0.04800000041723251;0.07600000500679016;0.41100001335144043;0.8870000243186951
701175.0;-0.32200002670288086;0.49800002574920654;0.8400000333786011;10.6875;-30.375;-35.6875;-2248.0;-3509.0;2812.0;219.125;1.75;-26.1875;-0.318115234375;-0.107666015625;-0.190185546875;-0.92254638671875;-0.39900001883506775;0.08800000697374344;-0.04800000041723251;0.07600000500679016;0.41100001335144043;0.8870000243186951
701185.0;-0.3230000138282776;0.49900001287460327;0.8380000591278076;10.6875;-30.375;-35.6875;-2146.0;-3564.0;2731.0;218.0;4.4375;-24.875;-0.318115234375;-0.107666015625;-0.190185546875;-0.92254638671875;-0.40800002217292786;0.1340000033378601;-0.06000000238418579;0.12000000476837158;0.39000001549720764;0.8910000324249268
701195.0;-0.28700000047683716;0.5250000357627869;0.8300000429153442;10.6875;-30.375;-35.6875;-1940.0;-3601.0;2591.0;217.0;7.0625;-23.625;-0.31011962890625;-0.12445068359375;-0.17315673828125;-0.92645263671875;-0.4270000159740448;0.14100000262260437;-0.06400000303983688;0.164000004529953;0.3700000047683716;0.8920000195503235
701205.0;-0.2630000114440918;0.5120000243186951;0.8280000686645508;10.6875;-30.375;-35.6875;-1664.0;-3610.0;2482.0;216.0;9.625;-22.5625;-0.30230712890625;-0.14166259765625;-0.15740966796875;-0.92938232421875;-0.4270000159740448;0.14100000262260437;-0.06400000303983688;0.164000004529953;0.3700000047683716;0.8920000195503235
701212.0;-0.25600001215934753;0.48600003123283386;0.8190000653266907;-0.875;-27.75;-41.5625;-1352.0;-3624.0;2443.0;215.0;12.25;-21.625;-0.29425048828125;-0.15924072265625;-0.14312744140625;-0.93145751953125;-0.46400001645088196;0.13199999928474426;-0.07000000029802322;0.20800000429153442;0.3530000150203705;0.89000004529953
701222.0;-0.24500000476837158;0.4650000333786011;0.7880000472068787;-0.875;-27.75;-41.5625;-1021.0;-3638.0;2422.0;214.0625;14.8125;-20.875;-0.28582763671875;-0.17730712890625;-0.13037109375;-0.93267822265625;-0.4970000088214874;0.12700000405311584;-0.09700000286102295;0.2930000126361847;0.3240000009536743;0.8770000338554382
701232.0;-0.164000004529953;0.45000001788139343;0.7160000205039978;-0.875;-27.75;-41.5625;-753.0;-3653.0;2392.0;213.0625;17.375;-20.25;-0.2772216796875;-0.19580078125;-0.118896484375;-0.93310546875;-0.4580000340938568;0.12600000202655792;-0.16100001335144043;0.33500000834465027;0.3100000023841858;0.8670000433921814
701242.0;-0.13600000739097595;0.4610000252723694;0.6950000524520874;-0.875;-27.75;-41.5625;-643.0;-3654.0;2390.0;212.0625;19.9375;-19.625;-0.268310546875;-0.21429443359375;-0.10784912109375;-0.9329833984375;-0.4710000157356262;0.15000000596046448;-0.1720000058412552;0.33500000834465027;0.3100000023841858;0.8670000433921814
701246.0;-0.13600000739097595;0.4610000252723694;0.6950000524520874;-0.875;-27.75;-41.5625;-643.0;-3654.0;2390.0;212.0625;19.9375;-19.625;-0.268310546875;-0.21429443359375;-0.10784912109375;-0.9329833984375;-0.4710000157356262;0.15000000596046448;-0.1720000058412552;0.33500000834465027;0.3100000023841858;0.8670000433921814
701256.0;-0.13600000739097595;0.45500001311302185;0.6620000600814819;-0.875;-27.75;-41.5625;-682.0;-3631.0;2464.0;211.0;22.5;-18.9375;-0.25897216796875;-0.2325439453125;-0.0965576171875;-0.9324951171875;-0.5120000243186951;0.16100001335144043;-0.1940000057220459;0.3760000169277191;0.2939999997615814;0.8560000658035278
701266.0;-0.11800000816583633;0.43700000643730164;0.609000027179718;-12.375;-23.375;-39.875;-829.0;-3587.0;2534.0;209.9375;25.0625;-18.125;-0.249267578125;-0.25030517578125;-0.08441162109375;-0.93170166015625;-0.534000039100647;0.1600000113248825;-0.23400001227855682;0.41600000858306885;0.2760000228881836;0.843000054359436
701276.0;-0.027000000700354576;0.3630000054836273;0.5480000376701355;-12.375;-23.375;-39.875;-999.0;-3515.0;2547.0;208.8125;27.5625;-17.125;-0.23956298828125;-0.267333984375;-0.071533203125;-0.93060302734375;-0.4820000231266022;0.10700000822544098;-0.281000018119812;0.4540000259876251;0.25600001215934753;0.8300000429153442
701281.0;-0.003000000026077032;0.32500001788139343;0.527999997138977;-12.375;-23.375;-39.875;-1152.0;-3463.0;2554.0;207.75;30.0;-15.9375;-0.2298583984375;-0.28375244140625;-0.057861328125;-0.92913818359375;-0.49400001764297485;0.09200000762939453;-0.28700000047683716;0.4910000264644623;0.2330000102519989;0.8160000443458557
701291.0;0.015000000596046448;0.2880000174045563;0.4970000088214874;-12.375;-23.375;-39.875;-1268.0;-3414.0;2552.0;206.6875;32.4375;-14.5625;-0.22021484375;-0.2996826171875;-0.04364013671875;-0.92724609375;-0.5100000500679016;0.07900000363588333;-0.30300000309944153;0.5260000228881836;0.20800000429153442;0.800000011920929
701301.0;0.10400000214576721;0.20900000631809235;0.45000001788139343;-12.375;-23.375;-39.875;-1365.0;-3338.0;2549.0;205.625;34.75;-13.0625;-0.21063232421875;-0.31494140625;-0.029052734375;-0.92498779296875;-0.45500001311302185;0.026000000536441803;-0.33400002121925354;0.5590000152587891;0.18200001120567322;0.784000039100647
701311.0;0.13500000536441803;0.17100000381469727;0.44700002670288086;-23.5;-19.5625;-40.375;-1460.0;-3270.0;2547.0;204.5625;37.0;-11.4375;-0.2010498046875;-0.32958984375;-0.0140380859375;-0.92236328125;-0.4540000259876251;0.01600000075995922;-0.3190000057220459;0.5900000333786011;0.1550000011920929;0.7670000195503235
701314.0;0.13500000536441803;0.17100000381469727;0.44700002670288086;-23.5;-19.5625;-40.375;-1460.0;-3270.0;2547.0;204.5625;37.0;-11.4375;-0.2010498046875;-0.32958984375;-0.0140380859375;-0.92236328125;-0.4540000259876251;0.01600000075995922;-0.3190000057220459;0.5900000333786011;0.1550000011920929;0.7670000195503235
701324.0;0.1340000033378601;0.15000000596046448;0.45100003480911255;-23.5;-19.5625;-40.375;-1597.0;-3223.0;2548.0;203.5;39.1875;-9.5625;-0.19158935546875;-0.34368896484375;0.0015869140625;-0.9193115234375;-0.48500001430511475;0.024000000208616257;-0.2970000207424164;0.6200000047683716;0.12600000202655792;0.7490000128746033
701334.0;0.12600000202655792;0.13300000131130219;0.44300001859664917;-23.5;-19.5625;-40.375;-1759.0;-3179.0;2547.0;202.5;41.3125;-7.4375;-0.182373046875;-0.357177734375;0.0179443359375;-0.9158935546875;-0.5210000276565552;0.03700000047683716;-0.28600001335144043;0.6480000019073486;0.0950000062584877;0.7290000319480896
701344.0;0.15300001204013824;0.07000000029802322;0.43700000643730164;-23.5;-19.5625;-40.375;-1963.0;-3132.0;2571.0;201.5;43.375;-5.0;-0.17327880859375;-0.3701171875;0.03533935546875;-0.9119873046875;-0.5200000405311584;0.007000000216066837;-0.2710000276565552;0.6740000247955322;0.06200000271201134;0.7090000510215759
701348.0;0.15300001204013824;0.07000000029802322;0.43700000643730164;-23.5;-19.5625;-40.375;-1963.0;-3132.0;2571.0;201.5;43.375;-5.0;-0.17327880859375;-0.3701171875;0.03533935546875;-0.9119873046875;-0.5200000405311584;0.007000000216066837;-0.2710000276565552;0.6740000247955322;0.06200000271201134;0.7090000510215759
701358.0;0.16700001060962677;0.04000000283122063;0.4240000247955322;-23.5;-19.5625;-40.375;-2194.0;-3094.0;2607.0;200.5;45.375;-2.25;-0.16436767578125;-0.38238525390625;0.05377197265625;-0.90765380859375;-0.5300000309944153;0.013000000268220901;-0.2630000114440918;0.6980000138282776;0.027000000700354576;0.6880000233650208
701368.0;0.17600001394748688;0.004000000189989805;0.40800002217292786;-30.875;-13.375;-36.25;-2413.0;-3048.0;2632.0;199.5625;47.25;0.75;-0.15576171875;-0.39404296875;0.07330322265625;-0.90283203125;-0.5430000424385071;0.014000000432133675;-0.25699999928474426;0.7200000286102295;-0.009000000543892384;0.6650000214576721
701378.0;0.17100000381469727;-0.03200000151991844;0.3890000283718109;-30.875;-13.375;-36.25;-2584.0;-3028.0;2628.0;198.625;49.0;4.1875;-0.1473388671875;-0.40521240234375;0.09356689453125;-0.89739990234375;-0.5690000057220459;0.015000000596046448;-0.2510000169277191;0.7400000095367432;-0.04700000211596489;0.6410000324249268
701382.0;0.17100000381469727;-0.03200000151991844;0.3890000283718109;-30.875;-13.375;-36.25;-2684.0;-3026.0;2597.0;197.75;50.625;7.9375;-0.1392822265625;-0.416015625;0.1141357421875;-0.891357421875;-0.6380000114440918;0.00800000037997961;-0.2990000247955322;0.7580000162124634;-0.08500000089406967;0.6150000095367432
701392.0;0.11900000274181366;-0.07700000703334808;0.3160000145435333;-30.875;-13.375;-36.25;-2688.0;-3033.0;2589.0;196.8125;52.1875;11.875;-0.131103515625;-0.4266357421875;0.1346435546875;-0.88470458984375;-0.6720000505447388;0.03100000135600567;-0.31700000166893005;0.7740000486373901;-0.12300000339746475;0.5879999995231628
701402.0;0.10200000554323196;-0.09200000762939453;0.27000001072883606;-30.875;-13.375;-36.25;-2575.0;-3057.0;2613.0;195.875;53.5625;16.0625;-0.12249755859375;-0.4371337890625;0.15460205078125;-0.87750244140625;-0.6790000200271606;0.05100000277161598;-0.3370000123977661;0.7890000343322754;-0.16100001335144043;0.5580000281333923
701412.0;0.11000000685453415;-0.10900000482797623;0.22100001573562622;-30.875;-13.375;-36.25;-2575.0;-3057.0;2613.0;194.8125;54.875;20.375;-0.1131591796875;-0.4476318359375;0.1734619140625;-0.869873046875;-0.7040000557899475;0.07400000095367432;-0.34800001978874207;0.8020000457763672;-0.19600000977516174;0.527999997138977
701416.0;0.11000000685453415;-0.10900000482797623;0.22100001573562622;-30.875;-13.375;-36.25;-2575.0;-3057.0;2613.0;194.8125;54.875;20.375;-0.1131591796875;-0.4476318359375;0.1734619140625;-0.869873046875;-0.7040000557899475;0.07400000095367432;-0.34800001978874207;0.8020000457763672;-0.19600000977516174;0.527999997138977
701426.0;0.09700000286102295;-0.12200000882148743;0.18000000715255737;-38.375;-5.5625;-32.5625;-2335.0;-3088.0;2622.0;193.5625;56.0;24.8125;-0.10272216796875;-0.45819091796875;0.190673828125;-0.862060546875;-0.7580000162124634;0.07100000232458115;-0.4020000100135803;0.8130000233650208;-0.23000000417232513;0.4970000088214874
701436.0;0.05400000140070915;-0.15800000727176666;0.09400000423192978;-38.375;-5.5625;-32.5625;-1488.0;-3157.0;2758.0;192.0625;56.9375;29.25;-0.090576171875;-0.4688720703125;0.20574951171875;-0.85418701171875;-0.7880000472068787;0.07700000703334808;-0.4140000343322754;0.8220000267028809;-0.26100000739097595;0.4660000205039978
701446.0;0.032999999821186066;-0.18400001525878906;0.05100000277161598;-38.375;-5.5625;-32.5625;-876.0;-3209.0;2895.0;190.25;57.6875;33.6875;-0.076171875;-0.4796142578125;0.2183837890625;-0.846435546875;-0.8060000538825989;0.0560000017285347;-0.4140000343322754;0.8280000686645508;-0.2900000214576721;0.4350000321865082
701451.0;0.02200000174343586;-0.23400001227855682;0.021000001579523087;-38.375;-5.5625;-32.5625;-208.0;-3285.0;3028.0;188.0625;58.1875;38.0625;-0.059326171875;-0.4906005859375;0.22821044921875;-0.8388671875;-0.8260000348091125;-0.06700000166893005;-0.5020000338554382;0.8330000638961792;-0.31800001859664917;0.406000018119812
701461.0;0.006000000052154064;-0.3850000202655792;-0.0950000062584877;-38.375;-5.5625;-32.5625;-208.0;-3285.0;3028.0;188.0625;58.1875;38.0625;-0.059326171875;-0.4906005859375;0.22821044921875;-0.8388671875;-0.7480000257492065;-0.15600000321865082;-0.5920000076293945;0.8360000252723694;-0.34300002455711365;0.37800002098083496
701471.0;0.08700000494718552;-0.5;-0.21400001645088196;-43.5;4.75;-26.25;431.0;-3345.0;3096.0;185.5625;58.5625;42.25;-0.04046630859375;-0.50164794921875;0.23529052734375;-0.83148193359375;-0.6170000433921814;-0.22300000488758087;-0.6600000262260437;0.8370000123977661;-0.367000013589859;0.35200002789497375
701481.0;0.2200000137090683;-0.5910000205039978;-0.3070000112056732;-43.5;4.75;-26.25;979.0;-3310.0;3089.0;179.8125;58.5625;49.75;0.00103759765625;-0.5224609375;0.24261474609375;-0.81744384765625;-0.49000000953674316;-0.26200002431869507;-0.6940000057220459;0.8370000123977661;-0.3890000283718109;0.3290000259876251
701487.0;0.2200000137090683;-0.5910000205039978;-0.3070000112056732;-43.5;4.75;-26.25;979.0;-3310.0;3089.0;179.8125;58.5625;49.75;0.00103759765625;-0.5224609375;0.24261474609375;-0.81744384765625;-0.49000000953674316;-0.26200002431869507;-0.6940000057220459;0.8370000123977661;-0.3890000283718109;0.3290000259876251
701497.0;0.3460000157356262;-0.6520000100135803;-0.36400002241134644;-43.5;4.75;-26.25;1355.0;-3211.0;3104.0;176.8125;58.25;53.125;0.0223388671875;-0.531494140625;0.24468994140625;-0.8106689453125;-0.3840000033378601;-0.22600001096725464;-0.6220000386238098;0.8340000510215759;-0.41200003027915955;0.30900001525878906
701507.0;0.4490000307559967;-0.6380000114440918;-0.31300002336502075;-43.5;4.75;-26.25;1472.0;-3051.0;3094.0;173.9375;57.8125;56.25;0.04241943359375;-0.53961181640625;0.24688720703125;-0.80377197265625;-0.3700000047683716;-0.18900001049041748;-0.5550000071525574;0.8300000429153442;-0.43400001525878906;0.2900000214576721
701517.0;0.45900002121925354;-0.6230000257492065;-0.26500001549720764;-43.5;4.75;-26.25;1324.0;-2855.0;2956.0;173.9375;57.8125;56.25;0.04241943359375;-0.53961181640625;0.24688720703125;-0.80377197265625;-0.3700000047683716;-0.18900001049041748;-0.5550000071525574;0.8300000429153442;-0.43400001525878906;0.2900000214576721
701521.0;0.4440000355243683;-0.6610000133514404;-0.26500001549720764;-46.0;10.75;-18.875;1018.0;-2622.0;2659.0;171.375;57.3125;59.0625;0.05999755859375;-0.54693603515625;0.24951171875;-0.796875;-0.3800000250339508;-0.20600001513957977;-0.5370000004768372;0.8250000476837158;-0.4540000259876251;0.2710000276565552
701531.0;0.4520000219345093;-0.7640000581741333;-0.2770000100135803;-46.0;10.75;-18.875;662.0;-2402.0;2407.0;167.0625;56.0625;64.25;0.088623046875;-0.55926513671875;0.25750732421875;-0.782958984375;-0.4020000100135803;-0.3880000114440918;-0.5480000376701355;0.8140000104904175;-0.492000013589859;0.2370000183582306
701541.0;0.41100001335144043;-0.8810000419616699;-0.3110000193119049;-46.0;10.75;-18.875;307.0;-2165.0;2319.0;167.0625;56.0625;64.25;0.1014404296875;-0.56378173828125;0.2642822265625;-0.77587890625;-0.2990000247955322;-0.3630000054836273;-0.5320000052452087;0.8050000667572021;-0.5139999985694885;0.2200000137090683
701551.0;0.5049999952316284;-0.8770000338554382;-0.31200000643730164;-46.0;10.75;-18.875;-76.0;-1929.0;2523.0;165.0625;55.1875;66.8125;0.1121826171875;-0.5679931640625;0.2711181640625;-0.76898193359375;-0.26900002360343933;-0.39400002360343933;-0.49900001287460327;0.796000063419342;-0.5330000519752502;0.203000009059906
701555.0;0.5049999952316284;-0.8770000338554382;-0.31200000643730164;-46.0;10.75;-18.875;-76.0;-1929.0;2523.0;165.0625;55.1875;66.8125;0.1121826171875;-0.5679931640625;0.2711181640625;-0.76898193359375;-0.26900002360343933;-0.39400002360343933;-0.49900001287460327;0.796000063419342;-0.5330000519752502;0.203000009059906
701565.0;0.5260000228881836;-0.9280000329017639;-0.29500001668930054;-46.0;10.75;-18.875;-283.0;-1759.0;2226.0;163.375;54.3125;69.0625;0.1121826171875;-0.5679931640625;0.2711181640625;-0.76898193359375;-0.26900002360343933;-0.39400002360343933;-0.49900001287460327;0.796000063419342;-0.5330000519752502;0.203000009059906
701575.0;0.39100003242492676;-0.9190000295639038;-0.31700000166893005;-45.25;18.5;-15.5625;-277.0;-1613.0;1877.0;161.875;53.5625;71.0625;0.12127685546875;-0.57196044921875;0.27691650390625;-0.7625732421875;-0.3970000147819519;-0.36900001764297485;-0.5060000419616699;0.7890000343322754;-0.550000011920929;0.18800000846385956
701585.0;0.3720000088214874;-0.8600000143051147;-0.31800001859664917;-45.25;18.5;-15.5625;-131.0;-1523.0;1725.0;160.4375;52.875;72.75;0.1387939453125;-0.578857421875;0.28570556640625;-0.75103759765625;-0.43400001525878906;-0.2120000123977661;-0.49800002574920654;0.7740000486373901;-0.578000009059906;0.16300000250339508
701591.0;0.3400000035762787;-0.7910000085830688;-0.33500000834465027;-45.25;18.5;-15.5625;0.0;-1445.0;1667.0;159.0;52.1875;74.1875;0.1387939453125;-0.578857421875;0.28570556640625;-0.75103759765625;-0.5180000066757202;-0.06000000238418579;-0.5049999952316284;0.7660000324249268;-0.5920000076293945;0.1510000079870224
701601.0;0.24800001084804535;-0.6530000567436218;-0.3530000150203705;-45.25;18.5;-15.5625;-73.0;-1406.0;1763.0;157.5625;51.375;75.625;0.147705078125;-0.581787109375;0.29034423828125;-0.7452392578125;-0.2600000202655792;-0.07600000500679016;-0.4140000343322754;0.7510000467300415;-0.6140000224113464;0.13600000739097595
701611.0;0.4910000264644623;-0.690000057220459;-0.27800002694129944;-45.25;18.5;-15.5625;-609.0;-1379.0;2575.0;155.8125;50.0625;77.4375;0.1580810546875;-0.58367919921875;0.29949951171875;-0.73797607421875;-0.2600000202655792;-0.07600000500679016;-0.4140000343322754;0.7510000467300415;-0.6140000224113464;0.13600000739097595
701621.0;0.20400001108646393;-0.8480000495910645;-0.2540000081062317;-44.875;23.375;-10.1875;-768.0;-1230.0;1683.0;154.6875;49.1875;79.0;0.1641845703125;-0.58642578125;0.306640625;-0.73150634765625;-0.5370000004768372;-0.2200000137090683;-0.3750000298023224;0.7420000433921814;-0.628000020980835;0.1210000067949295
701626.0;0.20400001108646393;-0.8480000495910645;-0.2540000081062317;-44.875;23.375;-10.1875;-768.0;-1230.0;1683.0;154.6875;49.1875;79.0;0.1641845703125;-0.58642578125;0.306640625;-0.73150634765625;-0.5370000004768372;-0.2200000137090683;-0.3750000298023224;0.7420000433921814;-0.628000020980835;0.1210000067949295
701636.0;0.07800000160932541;-0.8210000395774841;-0.2750000059604645;-44.875;23.375;-10.1875;-514.0;-1276.0;1673.0;153.4375;48.3125;80.375;0.17108154296875;-0.58905029296875;0.31268310546875;-0.7252197265625;-0.6540000438690186;-0.17800000309944153;-0.3830000162124634;0.7220000624656677;-0.6550000309944153;0.09600000083446503
701646.0;0.1380000114440918;-0.7600000500679016;-0.25200000405311584;-44.875;23.375;-10.1875;-154.0;-1353.0;1737.0;151.9375;47.4375;81.5625;0.17950439453125;-0.5914306640625;0.31744384765625;-0.71917724609375;-0.5830000042915344;-0.10400000214576721;-0.3490000069141388;0.7100000381469727;-0.6690000295639038;0.0860000029206276
701656.0;0.15700000524520874;-0.7640000581741333;-0.31700000166893005;-44.875;23.375;-10.1875;21.0;-1372.0;1833.0;150.3125;46.4375;82.5625;0.18878173828125;-0.593505859375;0.32177734375;-0.713134765625;-0.5530000329017639;-0.09400000423192978;-0.40400001406669617;0.7100000381469727;-0.6690000295639038;0.0860000029206276
701661.0;0.22700001299381256;-0.8240000605583191;-0.35500001907348633;-44.875;23.375;-10.1875;-219.0;-1334.0;2031.0;148.625;45.3125;83.6875;0.197998046875;-0.59527587890625;0.32757568359375;-0.70648193359375;-0.4690000116825104;-0.13900001347064972;-0.4300000071525574;0.6970000267028809;-0.6850000619888306;0.07500000298023224
701671.0;0.2590000033378601;-0.9590000510215759;-0.3880000114440918;-42.1875;27.875;-7.0;-547.0;-1226.0;2016.0;147.1875;44.1875;84.875;0.2059326171875;-0.59686279296875;0.33465576171875;-0.69952392578125;-0.4240000247955322;-0.2580000162124634;-0.45000001788139343;0.6830000281333923;-0.7000000476837158;0.06200000271201134
701681.0;0.26900002360343933;-1.065000057220459;-0.4130000174045563;-42.1875;27.875;-7.0;-785.0;-1092.0;1896.0;145.875;43.0625;86.0625;0.21234130859375;-0.598388671875;0.34234619140625;-0.69256591796875;-0.4000000059604645;-0.35100001096725464;-0.4610000252723694;0.6700000166893005;-0.7140000462532043;0.04800000041723251
701691.0;0.2670000195503235;-1.059000015258789;-0.42000001668930054;-42.1875;27.875;-7.0;-905.0;-967.0;1711.0;144.8125;42.0625;87.1875;0.21746826171875;-0.59979248046875;0.34991455078125;-0.6859130859375;-0.3890000283718109;-0.3330000042915344;-0.45500001311302185;0.6570000052452087;-0.7260000109672546;0.03400000184774399
701697.0;0.2670000195503235;-1.059000015258789;-0.42000001668930054;-42.1875;27.875;-7.0;-905.0;-967.0;1711.0;144.8125;42.0625;87.1875;0.21746826171875;-0.59979248046875;0.34991455078125;-0.6859130859375;-0.3890000283718109;-0.3330000042915344;-0.45500001311302185;0.6570000052452087;-0.7260000109672546;0.03400000184774399
701707.0;0.2600000202655792;-1.061000108718872;-0.4150000214576721;-42.1875;27.875;-7.0;-913.0;-840.0;1452.0;143.875;41.25;88.25;0.221435546875;-0.60113525390625;0.35687255859375;-0.67987060546875;-0.38600000739097595;-0.3240000009536743;-0.43700000643730164;0.6460000276565552;-0.7360000610351562;0.02200000174343586
701717.0;0.2510000169277191;-1.0550000667572021;-0.42100003361701965;-42.1875;27.875;-7.0;-792.0;-728.0;1213.0;143.125;40.5;89.125;0.224609375;-0.6024169921875;0.3626708984375;-0.67462158203125;-0.38600000739097595;-0.3100000023841858;-0.4320000112056732;0.6370000243186951;-0.7450000643730164;0.010000000707805157
701727.0;0.2540000081062317;-1.1030000448226929;-0.4650000333786011;-40.0;30.875;-3.5625;-576.0;-640.0;1090.0;142.4375;39.8125;89.8125;0.2279052734375;-0.603271484375;0.367431640625;-0.670166015625;-0.37400001287460327;-0.35100001096725464;-0.46700000762939453;0.628000020980835;-0.7520000338554382;0.0020000000949949026
701731.0;0.26500001549720764;-1.0980000495910645;-0.46400001645088196;-40.0;30.875;-3.5625;-339.0;-554.0;1047.0;141.625;39.1875;90.3125;0.2315673828125;-0.60357666015625;0.37127685546875;-0.66650390625;-0.35500001907348633;-0.33900001645088196;-0.46000000834465027;0.6200000047683716;-0.7590000629425049;-0.004000000189989805
701741.0;0.2630000114440918;-1.1060000658035278;-0.46400001645088196;-40.0;30.875;-3.5625;-157.0;-479.0;971.0;140.875;38.625;90.625;0.23541259765625;-0.60357666015625;0.3743896484375;-0.6634521484375;-0.34800001978874207;-0.3400000035762787;-0.45500001311302185;0.612000048160553;-0.76500004529953;-0.00800000037997961
701751.0;0.2760000228881836;-1.1410000324249268;-0.4410000145435333;-40.0;30.875;-3.5625;-51.0;-402.0;819.0;140.25;38.125;90.8125;0.23895263671875;-0.6033935546875;0.37664794921875;-0.6610107421875;-0.3290000259876251;-0.3700000047683716;-0.4300000071525574;0.6050000190734863;-0.7710000276565552;-0.01100000087171793
701761.0;0.25699999928474426;-1.162000060081482;-0.41200003027915955;-40.0;30.875;-3.5625;29.0;-319.0;635.0;139.6875;37.75;90.9375;0.24188232421875;-0.60321044921875;0.378173828125;-0.65924072265625;-0.34300002455711365;-0.38700002431869507;-0.39900001883506775;0.6000000238418579;-0.7750000357627869;-0.013000000268220901
701764.0;0.25699999928474426;-1.162000060081482;-0.41200003027915955;-40.0;30.875;-3.5625;29.0;-319.0;635.0;139.6875;37.75;90.9375;0.24188232421875;-0.60321044921875;0.378173828125;-0.65924072265625;-0.34300002455711365;-0.38700002431869507;-0.39900001883506775;0.6000000238418579;-0.7750000357627869;-0.013000000268220901
701774.0;0.2330000102519989;-1.1260000467300415;-0.39500001072883606;-37.75;34.1875;0.0625;113.0;-232.0;487.0;139.25;37.4375;91.0;0.244384765625;-0.6029052734375;0.3790283203125;-0.65814208984375;-0.3630000054836273;-0.34800001978874207;-0.38100001215934753;0.5960000157356262;-0.7780000567436218;-0.014000000432133675
701784.0;0.21300001442432404;-1.0770000219345093;-0.3700000047683716;-37.75;34.1875;0.0625;160.0;-174.0;370.0;138.875;37.1875;91.0;0.24652099609375;-0.6025390625;0.37939453125;-0.65740966796875;-0.3790000081062317;-0.29600000381469727;-0.35600000619888306;0.593000054359436;-0.7800000309944153;-0.013000000268220901
701794.0;0.21300001442432404;-1.0770000219345093;-0.3700000047683716;-37.75;34.1875;0.0625;138.0;-129.0;305.0;138.5625;37.0;90.9375;0.248291015625;-0.60223388671875;0.3797607421875;-0.6568603515625;-0.39100003242492676;-0.24800001084804535;-0.3360000252723694;0.5900000333786011;-0.7820000648498535;-0.013000000268220901
701798.0;0.21300001442432404;-1.0770000219345093;-0.3700000047683716;-37.75;34.1875;0.0625;138.0;-129.0;305.0;138.5625;37.0;90.9375;0.248291015625;-0.60223388671875;0.3797607421875;-0.6568603515625;-0.39100003242492676;-0.24800001084804535;-0.3360000252723694;0.5900000333786011;-0.7820000648498535;-0.013000000268220901
701808.0;0.1980000138282776;-1.031000018119812;-0.3490000069141388;-37.75;34.1875;0.0625;56.0;-98.0;303.0;138.3125;36.8125;90.9375;0.249755859375;-0.60186767578125;0.38037109375;-0.65625;-0.3930000066757202;-0.20200000703334808;-0.2990000247955322;0.5879999995231628;-0.784000039100647;-0.013000000268220901
701818.0;0.19500000774860382;-0.9860000610351562;-0.31200000643730164;-37.75;34.1875;0.0625;-33.0;-60.0;305.0;138.125;36.625;91.0;0.25079345703125;-0.60150146484375;0.38140869140625;-0.6556396484375;-0.37400001287460327;-0.21800000965595245;-0.28200000524520874;0.5850000381469727;-0.7860000133514404;-0.014000000432133675
701828.0;0.2110000103712082;-1.0049999952316284;-0.29600000381469727;-37.75;34.1875;0.0625;-56.0;-26.0;249.0;137.9375;36.5;91.0625;0.25152587890625;-0.6011962890625;0.38232421875;-0.65509033203125;-0.3540000021457672;-0.2330000102519989;-0.27300000190734863;0.5830000042915344;-0.7870000600814819;-0.014000000432133675
701834.0;0.2290000170469284;-1.0210000276565552;-0.2880000174045563;-36.5625;34.875;-2.0;-56.0;-26.0;249.0;137.875;36.4375;91.0625;0.25177001953125;-0.60101318359375;0.3829345703125;-0.65478515625;-0.3330000042915344;-0.27400001883506775;-0.26100000739097595;0.5820000171661377;-0.7880000472068787;-0.015000000596046448
701844.0;0.24900001287460327;-1.0630000829696655;-0.2760000228881836;-36.5625;34.875;-2.0;-53.0;52.0;-7.0;137.9375;36.4375;91.0625;0.25152587890625;-0.60089111328125;0.3831787109375;-0.65484619140625;-0.33500000834465027;-0.2330000102519989;-0.26500001549720764;0.5820000171661377;-0.7880000472068787;-0.015000000596046448
701854.0;0.24700000882148743;-1.0210000276565552;-0.281000018119812;-36.5625;34.875;-2.0;-123.0;86.0;-127.0;138.125;36.5;91.125;0.25048828125;-0.60101318359375;0.38330078125;-0.65509033203125;-0.34300002455711365;-0.1990000158548355;-0.25;0.5830000042915344;-0.7870000600814819;-0.015000000596046448
701864.0;0.24000000953674316;-0.987000048160553;-0.26600000262260437;-36.5625;34.875;-2.0;-227.0;141.0;-158.0;138.375;36.625;91.1875;0.24896240234375;-0.60113525390625;0.3837890625;-0.6552734375;-0.35500001907348633;-0.2240000069141388;-0.2580000162124634;0.5850000381469727;-0.7860000133514404;-0.01600000075995922
701874.0;0.23000000417232513;-1.0099999904632568;-0.2750000059604645;-36.5625;34.875;-2.0;-227.0;141.0;-158.0;138.375;36.625;91.1875;0.24896240234375;-0.60113525390625;0.3837890625;-0.6552734375;-0.33800002932548523;-0.18300001323223114;-0.26500001549720764;0.5860000252723694;-0.7850000262260437;-0.018000001087784767
701884.0;0.24700000882148743;-0.9690000414848328;-0.28300002217292786;-35.0625;35.25;-0.25;-305.0;159.0;-193.0;138.6875;36.75;91.3125;0.24700927734375;-0.60137939453125;0.38446044921875;-0.6553955078125;-0.34200000762939453;-0.21000000834465027;-0.2670000195503235;0.5890000462532043;-0.7830000519752502;-0.020000001415610313
701888.0;0.24700000882148743;-0.9690000414848328;-0.28300002217292786;-35.0625;35.25;-0.25;-305.0;159.0;-193.0;138.6875;36.75;91.3125;0.24700927734375;-0.60137939453125;0.38446044921875;-0.6553955078125;-0.34200000762939453;-0.21000000834465027;-0.2670000195503235;0.5890000462532043;-0.7830000519752502;-0.020000001415610313
701898.0;0.2460000067949295;-0.9940000176429749;-0.28700000047683716;-35.0625;35.25;-0.25;-314.0;181.0;-364.0;139.5;37.125;91.5625;0.241943359375;-0.602294921875;0.38507080078125;-0.65606689453125;-0.3450000286102295;-0.2370000183582306;-0.27300000190734863;0.5920000076293945;-0.781000018119812;-0.021000001579523087
701908.0;0.2460000067949295;-1.0180000066757202;-0.29500001668930054;-35.0625;35.25;-0.25;-314.0;181.0;-364.0;139.9375;37.375;91.6875;0.2391357421875;-0.60296630859375;0.38494873046875;-0.6566162109375;-0.3490000069141388;-0.24700000882148743;-0.28300002217292786;0.5950000286102295;-0.7780000567436218;-0.02200000174343586
701918.0;0.2460000067949295;-1.0250000953674316;-0.3060000240802765;-35.0625;35.25;-0.25;-295.0;177.0;-435.0;140.5;37.6875;91.75;0.2359619140625;-0.60382080078125;0.384521484375;-0.6572265625;-0.33000001311302185;-0.30800002813339233;-0.289000004529953;0.6000000238418579;-0.7750000357627869;-0.024000000208616257
701922.0;0.26900002360343933;-1.0830000638961792;-0.31300002336502075;-35.0625;35.25;-0.25;-305.0;177.0;-536.0;140.5;37.6875;91.75;0.2359619140625;-0.60382080078125;0.384521484375;-0.6572265625;-0.33000001311302185;-0.30800002813339233;-0.289000004529953;0.6050000190734863;-0.7700000405311584;-0.026000000536441803
701932.0;0.25200000405311584;-1.0720000267028809;-0.31800001859664917;-36.1875;34.875;-0.25;-368.0;201.0;-652.0;141.125;38.125;91.875;0.2320556640625;-0.6048583984375;0.38397216796875;-0.65789794921875;-0.3530000150203705;-0.30100002884864807;-0.29200002551078796;0.6050000190734863;-0.7700000405311584;-0.026000000536441803
701942.0;0.23600001633167267;-1.061000108718872;-0.320000022649765;-36.1875;34.875;-0.25;-457.0;242.0;-782.0;142.75;39.125;92.25;0.22198486328125;-0.60760498046875;0.382568359375;-0.65966796875;-0.39000001549720764;-0.31700000166893005;-0.31300002336502075;0.6190000176429749;-0.7590000629425049;-0.030000001192092896
701952.0;0.2290000170469284;-1.0760000944137573;-0.34300002455711365;-36.1875;34.875;-0.25;-518.0;288.0;-906.0;142.75;39.125;92.25;0.216064453125;-0.609130859375;0.38140869140625;-0.660888671875;-0.40300002694129944;-0.30900001525878906;-0.30100002884864807;0.6270000338554382;-0.7520000338554382;-0.03200000151991844
701956.0;0.2290000170469284;-1.0760000944137573;-0.34300002455711365;-36.1875;34.875;-0.25;-518.0;288.0;-906.0;142.75;39.125;92.25;0.216064453125;-0.609130859375;0.38140869140625;-0.660888671875;-0.40300002694129944;-0.30900001525878906;-0.30100002884864807;0.6270000338554382;-0.7520000338554382;-0.03200000151991844
701966.0;0.2240000069141388;-1.062000036239624;-0.3330000042915344;-36.1875;34.875;-0.25;-514.0;332.0;-1032.0;143.75;39.8125;92.4375;0.20965576171875;-0.61065673828125;0.37982177734375;-0.66253662109375;-0.4010000228881836;-0.30300000309944153;-0.29500001668930054;0.6370000243186951;-0.7440000176429749;-0.032999999821186066
701976.0;0.23500001430511475;-1.0470000505447388;-0.3290000259876251;-36.1875;34.875;-0.25;-484.0;400.0;-1165.0;144.875;40.5;92.5625;0.20965576171875;-0.61065673828125;0.37982177734375;-0.66253662109375;-0.4010000228881836;-0.30300000309944153;-0.29500001668930054;0.6370000243186951;-0.7440000176429749;-0.032999999821186066
701986.0;0.2370000183582306;-1.027000069618225;-0.32100000977516174;-36.5625;34.1875;-1.5625;-427.0;467.0;-1306.0;146.0625;41.3125;92.625;0.2027587890625;-0.612060546875;0.37762451171875;-0.66461181640625;-0.4090000092983246;-0.29100000858306885;-0.28700000047683716;0.6470000147819519;-0.7350000143051147;-0.032999999821186066
701991.0;0.2630000114440918;-1.0130000114440918;-0.31300002336502075;-36.5625;34.1875;-1.5625;-328.0;503.0;-1395.0;147.25;42.1875;92.5625;0.18890380859375;-0.6146240234375;0.37109375;-0.669921875;-0.39500001072883606;-0.2680000066757202;-0.281000018119812;0.6700000166893005;-0.7150000333786011;-0.030000001192092896
702001.0;0.2750000059604645;-0.9830000400543213;-0.3110000193119049;-36.5625;34.1875;-1.5625;-174.0;533.0;-1493.0;148.5;43.0625;92.375;0.18890380859375;-0.6146240234375;0.37109375;-0.669921875;-0.3840000033378601;-0.29200002551078796;-0.29500001668930054;0.6810000538825989;-0.7040000557899475;-0.026000000536441803
702011.0;0.2970000207424164;-0.9970000386238098;-0.32200002670288086;-36.5625;34.1875;-1.5625;27.0;526.0;-1517.0;149.625;44.0;92.125;0.1826171875;-0.61572265625;0.3665771484375;-0.67315673828125;-0.37300002574920654;-0.2900000214576721;-0.3460000157356262;0.6930000185966492;-0.6930000185966492;-0.020000001415610313
702021.0;0.3190000057220459;-0.9830000400543213;-0.367000013589859;-36.5625;34.1875;-1.5625;278.0;500.0;-1523.0;150.625;44.9375;91.6875;0.1771240234375;-0.6165771484375;0.36114501953125;-0.67681884765625;-0.37300002574920654;-0.2900000214576721;-0.3460000157356262;0.6930000185966492;-0.6930000185966492;-0.020000001415610313
702024.0;0.3190000057220459;-0.9830000400543213;-0.367000013589859;-36.5625;34.1875;-1.5625;278.0;500.0;-1523.0;150.625;44.9375;91.6875;0.1771240234375;-0.6165771484375;0.36114501953125;-0.67681884765625;-0.37300002574920654;-0.2900000214576721;-0.3460000157356262;0.6930000185966492;-0.6930000185966492;-0.020000001415610313
702034.0;0.4020000100135803;-1.0049999952316284;-0.4750000238418579;-38.6875;32.375;-0.25;573.0;429.0;-1575.0;151.5;45.875;91.125;0.17254638671875;-0.61749267578125;0.35430908203125;-0.68072509765625;-0.3020000159740448;-0.3230000138282776;-0.4610000252723694;0.7040000557899475;-0.6820000410079956;-0.013000000268220901
702044.0;0.4580000340938568;-0.9200000166893005;-0.5830000042915344;-38.6875;32.375;-0.25;986.0;434.0;-1623.0;152.25;46.875;90.25;0.1690673828125;-0.6180419921875;0.34588623046875;-0.6854248046875;-0.25699999928474426;-0.25;-0.5800000429153442;0.7260000109672546;-0.659000039100647;0.01100000087171793
702054.0;0.484000027179718;-0.9830000400543213;-0.687000036239624;-38.6875;32.375;-0.25;1523.0;483.0;-1405.0;152.625;47.75;89.0;0.1680908203125;-0.617431640625;0.336181640625;-0.69097900390625;-0.2410000115633011;-0.3240000009536743;-0.6980000138282776;0.7350000143051147;-0.6480000019073486;0.029000001028180122
702058.0;0.484000027179718;-0.9830000400543213;-0.687000036239624;-38.6875;32.375;-0.25;1523.0;483.0;-1405.0;152.625;47.75;89.0;0.1680908203125;-0.617431640625;0.336181640625;-0.69097900390625;-0.2410000115633011;-0.3240000009536743;-0.6980000138282776;0.7350000143051147;-0.6480000019073486;0.029000001028180122
702068.0;0.4520000219345093;-1.0890001058578491;-0.6860000491142273;-38.6875;32.375;-0.25;2009.0;556.0;-1369.0;152.8125;48.5625;87.375;0.16864013671875;-0.61602783203125;0.3248291015625;-0.697509765625;-0.28200000524520874;-0.4410000145435333;-0.7150000333786011;0.7350000143051147;-0.6480000019073486;0.029000001028180122
702078.0;0.3680000305175781;-0.9460000395774841;-0.5910000205039978;-38.6875;32.375;-0.25;2191.0;578.0;-1796.0;153.125;49.625;85.5625;0.16815185546875;-0.61492919921875;0.3114013671875;-0.7047119140625;-0.37800002098083496;-0.31300002336502075;-0.64000004529953;0.7470000386238098;-0.6330000162124634;0.04800000041723251
702088.0;0.3500000238418579;-0.8650000691413879;-0.5180000066757202;-41.0;28.1875;-2.375;2205.0;603.0;-2134.0;153.6875;50.875;83.625;0.166259765625;-0.6141357421875;0.296875;-0.71209716796875;-0.4100000262260437;-0.25;-0.5860000252723694;0.7600000500679016;-0.6140000224113464;0.06800000369548798
702096.0;0.3540000021457672;-0.8370000123977661;-0.4610000252723694;-41.0;28.1875;-2.375;2185.0;713.0;-2446.0;154.4375;52.25;81.5625;0.16302490234375;-0.61328125;0.28125;-0.7198486328125;-0.42100003361701965;-0.24400001764297485;-0.5490000247955322;0.7750000357627869;-0.593000054359436;0.08700000494718552
702106.0;0.33800002932548523;-0.7560000419616699;-0.4180000126361847;-41.0;28.1875;-2.375;2101.0;882.0;-2722.0;155.4375;53.8125;79.1875;0.15814208984375;-0.612060546875;0.26519775390625;-0.72802734375;-0.453000009059906;-0.18800000846385956;-0.5260000228881836;0.7910000085830688;-0.5680000185966492;0.1080000028014183
702116.0;0.36000001430511475;-0.7110000252723694;-0.4620000123977661;-41.0;28.1875;-2.375;1919.0;998.0;-2832.0;156.625;55.375;76.6875;0.15203857421875;-0.6104736328125;0.24945068359375;-0.7362060546875;-0.44600000977516174;-0.16900001466274261;-0.5900000333786011;0.8070000410079956;-0.5420000553131104;0.12700000405311584
702126.0;0.41600000858306885;-0.690000057220459;-0.5540000200271606;-41.0;28.1875;-2.375;1735.0;1205.0;-2801.0;157.9375;56.8125;74.0;0.1451416015625;-0.60797119140625;0.234619140625;-0.7445068359375;-0.40400001406669617;-0.17500001192092896;-0.7020000219345093;0.8200000524520874;-0.51500004529953;0.1469999998807907
702136.0;0.4410000145435333;-0.6670000553131104;-0.6130000352859497;-45.375;23.375;-7.1875;1681.0;1442.0;-2726.0;159.1875;58.125;70.875;0.13800048828125;-0.60430908203125;0.2203369140625;-0.753173828125;-0.39100003242492676;-0.17900000512599945;-0.7830000519752502;0.8330000638961792;-0.4880000352859497;0.16900001466274261
702146.0;0.4690000116825104;-0.5540000200271606;-0.562000036239624;-45.375;23.375;-7.1875;1711.0;1713.0;-2681.0;160.5;59.25;67.3125;0.1307373046875;-0.5992431640625;0.2061767578125;-0.762451171875;-0.37400001287460327;-0.09200000762939453;-0.7550000548362732;0.843000054359436;-0.4610000252723694;0.19300000369548798
702151.0;0.45500001311302185;-0.5040000081062317;-0.5020000338554382;-45.375;23.375;-7.1875;1769.0;1967.0;-2707.0;161.8125;60.25;63.1875;0.123291015625;-0.5928955078125;0.19183349609375;-0.77227783203125;-0.3960000276565552;-0.07000000029802322;-0.7210000157356262;0.8510000109672546;-0.43300002813339233;0.21800000965595245
702161.0;0.4350000321865082;-0.49500003457069397;-0.42900002002716064;-45.375;23.375;-7.1875;1844.0;2217.0;-2727.0;163.125;61.0625;58.5625;0.11566162109375;-0.5853271484375;0.1771240234375;-0.78271484375;-0.4230000078678131;-0.09000000357627869;-0.6760000586509705;0.8580000400543213;-0.40400001406669617;0.24700000882148743
702171.0;0.3970000147819519;-0.45600003004074097;-0.32200002670288086;-45.375;23.375;-7.1875;1821.0;2501.0;-2645.0;164.4375;61.5;53.5;0.1080322265625;-0.57623291015625;0.1629638671875;-0.7935791015625;-0.4650000333786011;-0.08000000566244125;-0.5990000367164612;0.862000048160553;-0.3750000298023224;0.2770000100135803
702181.0;0.3970000147819519;-0.45600003004074097;-0.32200002670288086;-47.25;17.25;-10.5625;1633.0;2554.0;-2396.0;165.6875;61.6875;48.625;0.1007080078125;-0.5665283203125;0.15020751953125;-0.803955078125;-0.5820000171661377;-0.052000001072883606;-0.5250000357627869;0.8630000352859497;-0.34800001978874207;0.3060000240802765
702187.0;0.3970000147819519;-0.45600003004074097;-0.32200002670288086;-47.25;17.25;-10.5625;1633.0;2554.0;-2396.0;165.6875;61.6875;48.625;0.1007080078125;-0.5665283203125;0.15020751953125;-0.803955078125;-0.5820000171661377;-0.052000001072883606;-0.5250000357627869;0.8630000352859497;-0.34800001978874207;0.3060000240802765
702197.0;0.2800000011920929;-0.4010000228881836;-0.21800000965595245;-47.25;17.25;-10.5625;1359.0;2573.0;-2234.0;166.875;61.5625;44.0;0.09326171875;-0.5565185546875;0.13909912109375;-0.81378173828125;-0.5700000524520874;-0.08100000023841858;-0.5590000152587891;0.862000048160553;-0.3230000138282776;0.33500000834465027
702207.0;0.29100000858306885;-0.4050000309944153;-0.2240000069141388;-47.25;17.25;-10.5625;1014.0;2561.0;-2195.0;168.1875;61.3125;39.625;0.08489990234375;-0.54656982421875;0.12957763671875;-0.822998046875;-0.5440000295639038;-0.1300000101327896;-0.5640000104904175;0.8600000143051147;-0.30000001192092896;0.36100003123283386
702217.0;0.3160000145435333;-0.4300000071525574;-0.20200000703334808;-47.25;17.25;-10.5625;641.0;2548.0;-2196.0;169.625;60.9375;35.625;0.075439453125;-0.53662109375;0.12158203125;-0.83160400390625;-0.5120000243186951;-0.13199999928474426;-0.4750000238418579;0.8570000529289246;-0.2770000100135803;0.38600000739097595
702221.0;0.3450000286102295;-0.4090000092983246;-0.08800000697374344;-47.25;17.25;-10.5625;341.0;2614.0;-2189.0;171.125;60.3125;31.875;0.06512451171875;-0.52630615234375;0.1148681640625;-0.8399658203125;-0.5100000500679016;-0.16900001466274261;-0.4700000286102295;0.8520000576972961;-0.25600001215934753;0.41100001335144043
702231.0;0.34200000762939453;-0.42500001192092896;-0.05900000408291817;-47.25;17.25;-10.5625;341.0;2614.0;-2189.0;172.625;59.5625;28.3125;0.05426025390625;-0.51531982421875;0.1087646484375;-0.84832763671875;-0.5040000081062317;-0.22300000488758087;-0.46400001645088196;0.8450000286102295;-0.23500001430511475;0.4360000193119049
702241.0;0.3410000205039978;-0.45900002121925354;-0.02800000086426735;-47.25;9.0625;-17.5625;209.0;2747.0;-2196.0;174.3125;58.6875;24.6875;0.04217529296875;-0.5037841796875;0.10174560546875;-0.8568115234375;-0.5470000505447388;-0.23600001633167267;-0.44700002670288086;0.8380000591278076;-0.2120000123977661;0.4620000123977661
702251.0;0.2900000214576721;-0.4490000307559967;0.015000000596046448;-47.25;9.0625;-17.5625;351.0;2948.0;-2732.0;176.125;57.6875;20.875;0.0291748046875;-0.49169921875;0.09356689453125;-0.865234375;-0.7150000333786011;-0.23100000619888306;-0.46300002932548523;0.8290000557899475;-0.1860000044107437;0.48900002241134644
702255.0;0.2900000214576721;-0.4490000307559967;0.015000000596046448;-47.25;9.0625;-17.5625;351.0;2948.0;-2732.0;176.125;57.6875;20.875;0.0291748046875;-0.49169921875;0.09356689453125;-0.865234375;-0.7150000333786011;-0.23100000619888306;-0.46300002932548523;0.8290000557899475;-0.1860000044107437;0.48900002241134644
702265.0;0.11300000548362732;-0.4180000126361847;0.02500000037252903;-47.25;9.0625;-17.5625;441.0;2721.0;-2447.0;177.625;56.625;17.625;0.017822265625;-0.4803466796875;0.0855712890625;-0.87274169921875;-0.7380000352859497;-0.2160000056028366;-0.4180000126361847;0.8190000653266907;-0.16300000250339508;0.5130000114440918
702275.0;0.08000000566244125;-0.3800000250339508;0.0950000062584877;-47.25;9.0625;-17.5625;549.0;2285.0;-2488.0;179.125;55.6875;14.5;0.0067138671875;-0.4708251953125;0.07696533203125;-0.87884521484375;-0.7250000238418579;-0.20900000631809235;-0.3660000264644623;0.8100000619888306;-0.1380000114440918;0.534000039100647
702285.0;0.08500000089406967;-0.34800001978874207;0.16700001060962677;-47.25;9.0625;-17.5625;549.0;2285.0;-2488.0;179.125;55.6875;14.5;-0.00531005859375;-0.46221923828125;0.06573486328125;-0.88433837890625;-0.6770000457763672;-0.24500000476837158;-0.35500001907348633;0.8020000457763672;-0.10900000482797623;0.5530000329017639
702292.0;0.12400000542402267;-0.3540000021457672;0.19700001180171967;-44.6875;3.5;-25.0;886.0;2077.0;-2875.0;180.625;54.875;11.125;-0.00531005859375;-0.46221923828125;0.06573486328125;-0.88433837890625;-0.675000011920929;-0.33000001311302185;-0.3500000238418579;0.7930000424385071;-0.07300000637769699;0.5710000395774841
702302.0;0.11800000816583633;-0.40400001406669617;0.2200000137090683;-44.6875;3.5;-25.0;1440.0;1975.0;-3182.0;183.6875;53.125;3.125;-0.02880859375;-0.44659423828125;0.03277587890625;-0.8936767578125;-0.6840000152587891;-0.3370000123977661;-0.3580000102519989;0.784000039100647;-0.03200000151991844;0.5870000123977661
702312.0;0.10000000149011612;-0.36900001764297485;0.22800001502037048;-44.6875;3.5;-25.0;2134.0;1792.0;-3437.0;185.0;52.1875;-1.5;-0.0394287109375;-0.44024658203125;0.01019287109375;-0.89697265625;-0.6730000376701355;-0.3160000145435333;-0.35200002789497375;0.7750000357627869;0.01600000075995922;0.6000000238418579
702322.0;0.10100000351667404;-0.30000001192092896;0.24700000882148743;-44.6875;3.5;-25.0;2914.0;1542.0;-3647.0;186.1875;51.3125;-6.625;-0.04876708984375;-0.43511962890625;-0.0166015625;-0.89886474609375;-0.6890000104904175;-0.16900001466274261;-0.33400002121925354;0.76500004529953;0.07000000029802322;0.6080000400543213
702326.0;0.10100000351667404;-0.30000001192092896;0.24700000882148743;-44.6875;3.5;-25.0;2914.0;1542.0;-3647.0;186.1875;51.3125;-6.625;-0.04876708984375;-0.43511962890625;-0.0166015625;-0.89886474609375;-0.6890000104904175;-0.16900001466274261;-0.33400002121925354;0.76500004529953;0.07000000029802322;0.6080000400543213
702336.0;0.07600000500679016;-0.09800000488758087;0.27400001883506775;-44.6875;3.5;-25.0;3732.0;1251.0;-3796.0;186.1875;51.3125;-6.625;-0.04876708984375;-0.43511962890625;-0.0166015625;-0.89886474609375;-0.6890000104904175;-0.16900001466274261;-0.33400002121925354;0.76500004529953;0.07000000029802322;0.6080000400543213
702346.0;0.0560000017285347;0.03100000135600567;0.23200000822544098;-41.6875;-3.875;-28.25;4526.0;955.0;-3941.0;187.1875;50.3125;-12.125;-0.05694580078125;-0.43121337890625;-0.04736328125;-0.89923095703125;-0.6980000138282776;-0.10000000149011612;-0.3790000081062317;0.7550000548362732;0.13100001215934753;0.6110000014305115
702356.0;0.07500000298023224;0.1600000113248825;0.16600000858306885;-41.6875;-3.875;-28.25;5244.0;801.0;-4107.0;189.0;47.8125;-24.0625;-0.07086181640625;-0.42364501953125;-0.1195068359375;-0.89508056640625;-0.6070000529289246;0.02500000037252903;-0.49500003457069397;0.7270000576972961;0.2680000066757202;0.6000000238418579
702361.0;0.11900000274181366;0.2930000126361847;0.10400000214576721;-41.6875;-3.875;-28.25;5881.0;814.0;-4281.0;189.0;47.8125;-24.0625;-0.076416015625;-0.41876220703125;-0.15924072265625;-0.8907470703125;-0.5210000276565552;0.24800001084804535;-0.49800002574920654;0.7070000171661377;0.3400000035762787;0.5860000252723694
702371.0;0.1860000044107437;0.5890000462532043;0.08800000697374344;-41.6875;-3.875;-28.25;6325.0;886.0;-4303.0;189.75;46.1875;-30.125;-0.08099365234375;-0.41302490234375;-0.19873046875;-0.88507080078125;-0.4700000286102295;0.3660000264644623;-0.45600003004074097;0.6850000619888306;0.4100000262260437;0.5680000185966492
702381.0;0.21400001645088196;0.7760000228881836;0.1120000034570694;-41.6875;-3.875;-28.25;6393.0;956.0;-4162.0;190.4375;44.3125;-35.8125;-0.08099365234375;-0.41302490234375;-0.19873046875;-0.88507080078125;-0.4700000286102295;0.3660000264644623;-0.45600003004074097;0.6850000619888306;0.4100000262260437;0.5680000185966492
702391.0;0.2110000103712082;0.956000030040741;0.18000000715255737;-37.25;-18.0;-27.5;5934.0;972.0;-3994.0;191.125;42.375;-40.8125;-0.08563232421875;-0.406494140625;-0.23541259765625;-0.878662109375;-0.4490000307559967;0.4820000231266022;-0.367000013589859;0.6610000133514404;0.47300001978874207;0.5470000505447388
702395.0;0.2110000103712082;0.956000030040741;0.18000000715255737;-37.25;-18.0;-27.5;5934.0;972.0;-3994.0;191.125;42.375;-40.8125;-0.08563232421875;-0.406494140625;-0.23541259765625;-0.878662109375;-0.4490000307559967;0.4820000231266022;-0.367000013589859;0.6610000133514404;0.47300001978874207;0.5470000505447388
702405.0;0.23100000619888306;1.058000087738037;0.2410000115633011;-37.25;-18.0;-27.5;4958.0;1022.0;-3844.0;191.9375;40.3125;-44.9375;-0.0986328125;-0.38922119140625;-0.29107666015625;-0.86834716796875;-0.4710000157356262;0.37700000405311584;-0.2110000103712082;0.6060000061988831;0.5710000395774841;0.5170000195503235
702415.0;0.1340000033378601;0.9480000734329224;0.3060000240802765;-37.25;-18.0;-27.5;3490.0;1365.0;-3564.0;192.9375;38.1875;-47.8125;-0.0986328125;-0.38922119140625;-0.29107666015625;-0.86834716796875;-0.43300002813339233;0.2290000170469284;-0.17800000309944153;0.5700000524520874;0.6030000448226929;0.5210000276565552
702425.0;0.13700000941753387;0.8320000171661377;0.34200000762939453;-37.25;-18.0;-27.5;1546.0;2202.0;-3858.0;194.375;35.5625;-49.125;-0.1097412109375;-0.3739013671875;-0.30712890625;-0.86822509765625;-0.44200003147125244;0.052000001072883606;-0.12800000607967377;0.527999997138977;0.625;0.5380000472068787
702429.0;0.13700000941753387;0.8320000171661377;0.34200000762939453;-37.25;-18.0;-27.5;1546.0;2202.0;-3858.0;194.375;35.5625;-49.125;-0.1097412109375;-0.3739013671875;-0.30712890625;-0.86822509765625;-0.44200003147125244;0.052000001072883606;-0.12800000607967377;0.527999997138977;0.625;0.5380000472068787
702439.0;0.0860000029206276;0.6780000329017639;0.4100000262260437;-37.25;-18.0;-27.5;-182.0;2816.0;-4045.0;196.1875;32.5625;-49.25;-0.1240234375;-0.354248046875;-0.3157958984375;-0.8714599609375;-0.44200003147125244;0.052000001072883606;-0.12800000607967377;0.527999997138977;0.625;0.5380000472068787
702449.0;0.01900000125169754;0.5320000052452087;0.43300002813339233;-30.5;-31.75;-21.375;-1419.0;3233.0;-4024.0;198.0625;29.4375;-48.4375;-0.13970947265625;-0.33160400390625;-0.31878662109375;-0.87689208984375;-0.46300002932548523;-0.10600000619888306;-0.13199999928474426;0.4820000231266022;0.6390000581741333;0.5649999976158142
702459.0;-0.1510000079870224;0.37300002574920654;0.5160000324249268;-30.5;-31.75;-21.375;-2188.0;3306.0;-3951.0;200.0625;26.375;-47.1875;-0.15625;-0.307861328125;-0.31787109375;-0.883056640625;-0.5860000252723694;-0.2710000276565552;-0.08000000566244125;0.3890000283718109;0.6450000405311584;0.6270000338554382
702463.0;-0.22800001502037048;0.31700000166893005;0.5320000052452087;-30.5;-31.75;-21.375;-2473.0;3122.0;-3859.0;202.0;23.375;-45.8125;-0.17291259765625;-0.28466796875;-0.3150634765625;-0.888671875;-0.6170000433921814;-0.3270000219345093;-0.09400000423192978;0.34200000762939453;0.6440000534057617;0.6540000438690186
702473.0;-0.29100000858306885;0.29600000381469727;0.4970000088214874;-30.5;-31.75;-21.375;-2388.0;3010.0;-3828.0;203.875;20.4375;-44.5;-0.18939208984375;-0.26190185546875;-0.312255859375;-0.893310546875;-0.6340000033378601;-0.34700000286102295;-0.15700000524520874;0.34200000762939453;0.6440000534057617;0.6540000438690186
702483.0;-0.4540000259876251;0.28300002217292786;0.453000009059906;-30.5;-31.75;-21.375;-2066.0;2996.0;-3918.0;205.8125;17.5;-43.4375;-0.2056884765625;-0.2391357421875;-0.310791015625;-0.8966064453125;-0.7490000128746033;-0.359000027179718;-0.22500000894069672;0.29500001668930054;0.6430000066757202;0.6790000200271606
702493.0;-0.48600003123283386;0.28700000047683716;0.5020000338554382;-19.0;-36.6875;-25.25;-1590.0;2950.0;-4128.0;207.75;14.5;-42.625;-0.2222900390625;-0.21661376953125;-0.31158447265625;-0.89813232421875;-0.7320000529289246;-0.35500001907348633;-0.19500000774860382;0.24500000476837158;0.6430000066757202;0.6980000138282776
702497.0;-0.48600003123283386;0.28700000047683716;0.5020000338554382;-19.0;-36.6875;-25.25;-1590.0;2950.0;-4128.0;207.75;14.5;-42.625;-0.2222900390625;-0.21661376953125;-0.31158447265625;-0.89813232421875;-0.7320000529289246;-0.35500001907348633;-0.19500000774860382;0.24500000476837158;0.6430000066757202;0.6980000138282776
702507.0;-0.453000009059906;0.31800001859664917;0.5540000200271606;-19.0;-36.6875;-25.25;-1036.0;2866.0;-4359.0;209.8125;11.4375;-42.1875;-0.2393798828125;-0.19451904296875;-0.31488037109375;-0.89764404296875;-0.6470000147819519;-0.3270000219345093;-0.15700000524520874;0.1940000057220459;0.6450000405311584;0.7110000252723694
702517.0;-0.4100000262260437;0.359000027179718;0.6170000433921814;-19.0;-36.6875;-25.25;-416.0;2852.0;-4527.0;211.9375;8.3125;-42.0625;-0.25640869140625;-0.17291259765625;-0.321044921875;-0.8951416015625;-0.5520000457763672;-0.29100000858306885;-0.10200000554323196;0.1420000046491623;0.6500000357627869;0.7190000414848328
702527.0;-0.4480000138282776;0.37400001287460327;0.7850000262260437;-19.0;-36.6875;-25.25;221.0;2917.0;-4671.0;214.0625;5.125;-42.3125;-0.273193359375;-0.15142822265625;-0.33013916015625;-0.8907470703125;-0.5360000133514404;-0.28300002217292786;0.06300000101327896;0.08700000494718552;0.6570000052452087;0.7210000157356262
702531.0;-0.5380000472068787;0.3530000150203705;0.8130000233650208;-19.0;-36.6875;-25.25;741.0;2968.0;-4843.0;216.3125;1.8125;-42.8125;-0.29010009765625;-0.13006591796875;-0.34161376953125;-0.88446044921875;-0.5700000524520874;-0.31300002336502075;0.0950000062584877;0.03100000135600567;0.6660000085830688;0.718000054359436
702541.0;-0.6720000505447388;0.30000001192092896;0.7630000114440918;-7.5;-36.25;-30.6875;1146.0;3031.0;-5044.0;218.625;-1.5625;-43.5;-0.3072509765625;-0.1085205078125;-0.35491943359375;-0.87628173828125;-0.6450000405311584;-0.3750000298023224;0.052000001072883606;-0.027000000700354576;0.675000011920929;0.7100000381469727
702551.0;-0.8260000348091125;0.27000001072883606;0.6820000410079956;-7.5;-36.25;-30.6875;1499.0;3062.0;-5248.0;221.0625;-5.125;-44.375;-0.32470703125;-0.0869140625;-0.36962890625;-0.86627197265625;-0.7380000352859497;-0.4130000174045563;-0.015000000596046448;-0.08700000494718552;0.6830000281333923;0.6970000267028809
702561.0;-1.0460000038146973;0.36500000953674316;0.527999997138977;-7.5;-36.25;-30.6875;1822.0;3067.0;-5327.0;223.625;-8.6875;-45.375;-0.34210205078125;-0.0655517578125;-0.38543701171875;-0.8544921875;-0.8970000147819519;-0.3240000009536743;-0.15200001001358032;-0.14800000190734863;0.6890000104904175;0.6800000071525574
702565.0;-1.0460000038146973;0.36500000953674316;0.527999997138977;-7.5;-36.25;-30.6875;1822.0;3067.0;-5327.0;223.625;-8.6875;-45.375;-0.34210205078125;-0.0655517578125;-0.38543701171875;-0.8544921875;-0.8970000147819519;-0.3240000009536743;-0.15200001001358032;-0.14800000190734863;0.6890000104904175;0.6800000071525574
702575.0;-0.8800000548362732;0.4870000183582306;0.5350000262260437;-7.5;-36.25;-30.6875;2133.0;3069.0;-5014.0;226.0;-12.1875;-46.5;-0.3575439453125;-0.04534912109375;-0.402099609375;-0.8416748046875;-0.6730000376701355;-0.20800000429153442;-0.12300000339746475;-0.2070000171661377;0.6950000524520874;0.659000039100647
702585.0;-0.9110000729560852;0.5470000505447388;0.593000054359436;-7.5;-36.25;-30.6875;2365.0;3125.0;-4578.0;228.1875;-15.5;-47.8125;-0.3704833984375;-0.02618408203125;-0.41937255859375;-0.828369140625;-0.6490000486373901;-0.15300001204013824;-0.04000000283122063;-0.26200002431869507;0.7000000476837158;0.6340000033378601
702595.0;-0.9960000514984131;0.6570000052452087;0.5740000009536743;8.375;-38.1875;-27.0;2177.0;3053.0;-5236.0;230.75;-19.0625;-48.875;-0.3861083984375;-0.0054931640625;-0.43536376953125;-0.813232421875;-0.675000011920929;-0.04100000113248825;-0.03400000184774399;-0.320000022649765;0.6980000138282776;0.6080000400543213
702601.0;-1.0830000638961792;0.7950000166893005;0.6200000047683716;8.375;-38.1875;-27.0;1837.0;3063.0;-5173.0;233.3125;-22.625;-49.75;-0.4010009765625;0.01580810546875;-0.44940185546875;-0.798095703125;-0.7050000429153442;0.10400000214576721;0.036000002175569534;-0.37800002098083496;0.6910000443458557;0.5840000510215759
702611.0;-1.0830000638961792;0.7950000166893005;0.6200000047683716;8.375;-38.1875;-27.0;1297.0;3089.0;-4709.0;235.5625;-26.0625;-50.375;-0.41339111328125;0.0372314453125;-0.4608154296875;-0.78448486328125;-0.7450000643730164;0.12300000339746475;-0.01600000075995922;-0.4300000071525574;0.6780000329017639;0.5610000491142273
702621.0;-1.1759999990463257;0.8020000457763672;0.5440000295639038;8.375;-38.1875;-27.0;638.0;3157.0;-4837.0;237.75;-29.5;-50.5625;-0.42572021484375;0.0606689453125;-0.46917724609375;-0.7713623046875;-0.8340000510215759;0.1720000058412552;-0.006000000052154064;-0.4830000102519989;0.659000039100647;0.5410000085830688
702631.0;-1.3170000314712524;0.831000030040741;0.534000039100647;8.375;-38.1875;-27.0;72.0;3303.0;-5267.0;240.125;-33.25;-50.3125;-0.438720703125;0.0869140625;-0.47491455078125;-0.75787353515625;-0.9490000605583191;0.018000001087784767;0.0650000050663948;-0.5370000004768372;0.6310000419616699;0.5230000019073486
702634.0;-1.3170000314712524;0.831000030040741;0.534000039100647;8.375;-38.1875;-27.0;72.0;3303.0;-5267.0;240.125;-33.25;-50.3125;-0.438720703125;0.0869140625;-0.47491455078125;-0.75787353515625;-0.9490000605583191;0.018000001087784767;0.0650000050663948;-0.5370000004768372;0.6310000419616699;0.5230000019073486
702644.0;-1.4870001077651978;0.6490000486373901;0.5890000462532043;8.375;-38.1875;-27.0;72.0;3303.0;-5267.0;242.4375;-36.9375;-49.9375;-0.45135498046875;0.1134033203125;-0.479736328125;-0.74383544921875;-0.9430000185966492;-0.09200000762939453;0.055000003427267075;-0.5900000333786011;0.5990000367164612;0.5040000081062317
702654.0;-1.533000111579895;0.5070000290870667;0.5590000152587891;21.5;-37.5;-21.25;-43.0;3295.0;-5276.0;244.8125;-40.625;-49.5;-0.4632568359375;0.13897705078125;-0.48419189453125;-0.72918701171875;-0.9140000343322754;-0.1080000028014183;0.0650000050663948;-0.6380000114440918;0.5660000443458557;0.4830000102519989
702664.0;-1.5530000925064087;0.4570000171661377;0.5480000376701355;21.5;-37.5;-21.25;-67.0;3117.0;-5117.0;247.1875;-44.1875;-48.9375;-0.47467041015625;0.16412353515625;-0.487548828125;-0.71417236328125;-0.8760000467300415;-0.03100000135600567;0.14000000059604645;-0.6830000281333923;0.5300000309944153;0.4610000252723694
702668.0;-1.5530000925064087;0.4570000171661377;0.5480000376701355;21.5;-37.5;-21.25;-67.0;3117.0;-5117.0;247.1875;-44.1875;-48.9375;-0.47467041015625;0.16412353515625;-0.487548828125;-0.71417236328125;-0.8760000467300415;-0.03100000135600567;0.14000000059604645;-0.6830000281333923;0.5300000309944153;0.4610000252723694
702678.0;-1.5600000619888306;0.49800002574920654;0.6010000109672546;21.5;-37.5;-21.25;-191.0;3029.0;-5358.0;249.75;-47.8125;-48.0;-0.4866943359375;0.18975830078125;-0.489501953125;-0.6982421875;-0.7870000600814819;0.08000000566244125;0.3020000159740448;-0.7270000576972961;0.48900002241134644;0.4400000274181366
702688.0;-1.5140000581741333;0.5690000057220459;0.7420000433921814;21.5;-37.5;-21.25;6.0;3052.0;-5920.0;252.6875;-51.6875;-46.75;-0.50030517578125;0.21612548828125;-0.4910888671875;-0.6795654296875;-0.7140000462532043;0.13600000739097595;0.3370000123977661;-0.7690000534057617;0.44200003147125244;0.4150000214576721
702698.0;-1.4840000867843628;0.5790000557899475;0.753000020980835;21.5;-37.5;-21.25;6.0;3052.0;-5920.0;252.6875;-51.6875;-46.75;-0.51556396484375;0.241455078125;-0.4945068359375;-0.65673828125;-0.6730000376701355;0.14300000667572021;0.398000031709671;-0.8110000491142273;0.3920000195503235;0.38600000739097595
702703.0;-1.4840000867843628;0.5360000133514404;0.7850000262260437;35.875;-30.5;-16.6875;784.0;3093.0;-6350.0;256.25;-55.75;-45.4375;-0.51556396484375;0.241455078125;-0.4945068359375;-0.65673828125;-0.6430000066757202;0.18000000715255737;0.453000009059906;-0.8460000157356262;0.34700000286102295;0.35200002789497375
702713.0;-1.4900001287460327;0.5270000100135803;0.8050000667572021;35.875;-30.5;-16.6875;1958.0;3040.0;-6092.0;264.0625;-63.125;-44.3125;-0.544677734375;0.27728271484375;-0.5113525390625;-0.6041259765625;-0.6780000329017639;0.43800002336502075;0.39900001883506775;-0.8740000128746033;0.30900001525878906;0.31700000166893005
702723.0;-1.5530000925064087;0.7480000257492065;0.7160000205039978;35.875;-30.5;-16.6875;2895.0;2786.0;-5244.0;267.625;-65.875;-44.375;-0.55645751953125;0.2867431640625;-0.521484375;-0.579833984375;-0.6970000267028809;0.6320000290870667;0.3850000202655792;-0.8950000405311584;0.2800000011920929;0.28600001335144043
702733.0;-1.592000126838684;0.9120000600814819;0.6710000038146973;35.875;-30.5;-16.6875;3160.0;2266.0;-4236.0;270.5625;-67.875;-44.3125;-0.56622314453125;0.29193115234375;-0.52960205078125;-0.56011962890625;-0.6710000038146973;0.7490000128746033;0.359000027179718;-0.9080000519752502;0.25699999928474426;0.2630000114440918
702743.0;-1.5790001153945923;1.0070000886917114;0.6220000386238098;35.875;-30.5;-16.6875;2825.0;1534.0;-3226.0;270.5625;-67.875;-44.3125;-0.56622314453125;0.29193115234375;-0.52960205078125;-0.56011962890625;-0.6710000038146973;0.7490000128746033;0.359000027179718;-0.9160000681877136;0.2410000115633011;0.25
702753.0;-1.3640000820159912;1.2130000591278076;0.5380000472068787;45.5;-19.0;-8.875;1970.0;824.0;-2194.0;272.6875;-69.1875;-44.0;-0.5733642578125;0.2945556640625;-0.534423828125;-0.54669189453125;-0.44700002670288086;0.971000075340271;0.2880000174045563;-0.9160000681877136;0.2410000115633011;0.25
702758.0;-1.3640000820159912;1.2130000591278076;0.5380000472068787;45.5;-19.0;-8.875;1970.0;824.0;-2194.0;272.6875;-69.1875;-44.0;-0.5733642578125;0.2945556640625;-0.534423828125;-0.54669189453125;-0.44700002670288086;0.971000075340271;0.2880000174045563;-0.9160000681877136;0.2410000115633011;0.25
702768.0;-1.2140001058578491;1.3580000400543213;0.5350000262260437;45.5;-19.0;-8.875;547.0;752.0;-1431.0;273.8125;-71.125;-42.75;-0.57440185546875;0.30889892578125;-0.53472900390625;-0.53729248046875;-0.1680000126361847;1.2020000219345093;0.2970000207424164;-0.9270000457763672;0.2150000035762787;0.23200000822544098
702778.0;-1.096000075340271;1.4180001020431519;0.5300000309944153;45.5;-19.0;-8.875;-1071.0;1173.0;-1143.0;273.8125;-71.125;-42.75;-0.569091796875;0.32403564453125;-0.53094482421875;-0.537841796875;-0.13700000941753387;1.190000057220459;0.28700000047683716;-0.9340000152587891;0.1980000138282776;0.22100001573562622
702788.0;-1.071000099182129;1.3890000581741333;0.5090000033378601;45.5;-19.0;-8.875;-2394.0;1628.0;-1149.0;273.1875;-72.3125;-41.75;-0.56072998046875;0.34356689453125;-0.52496337890625;-0.54034423828125;-0.23500001430511475;0.8850000500679016;0.27300000190734863;-0.9410000443458557;0.17800000309944153;0.20800000429153442
702792.0;-1.1770000457763672;1.0640000104904175;0.4820000231266022;45.5;-19.0;-8.875;-3484.0;2032.0;-1210.0;272.0625;-73.6875;-40.5;-0.56072998046875;0.34356689453125;-0.52496337890625;-0.54034423828125;-0.23500001430511475;0.8850000500679016;0.27300000190734863;-0.9410000443458557;0.17800000309944153;0.20800000429153442
702802.0;-1.2860000133514404;0.8700000643730164;0.453000009059906;49.1875;-13.5;-5.5625;-4203.0;2405.0;-1200.0;270.5625;-75.3125;-39.3125;-0.5496826171875;0.36602783203125;-0.5177001953125;-0.5439453125;-0.3370000123977661;0.7120000123977661;0.26100000739097595;-0.9480000734329224;0.15700000524520874;0.19200000166893005
702812.0;-1.3960000276565552;0.6660000085830688;0.39400002360343933;49.1875;-13.5;-5.5625;-4527.0;2653.0;-1095.0;268.8125;-76.9375;-38.625;-0.5223388671875;0.412353515625;-0.50341796875;-0.55108642578125;-0.527999997138977;0.281000018119812;0.20800000429153442;-0.9610000252723694;0.1210000067949295;0.15000000596046448
702822.0;-1.4900001287460327;0.4020000100135803;0.3580000102519989;49.1875;-13.5;-5.5625;-4374.0;2815.0;-871.0;266.875;-78.625;-39.0;-0.5223388671875;0.412353515625;-0.50341796875;-0.55108642578125;-0.6770000457763672;-0.36400002241134644;0.492000013589859;-0.9660000205039978;0.11100000888109207;0.125
702826.0;-1.4900001287460327;0.4020000100135803;0.3580000102519989;49.1875;-13.5;-5.5625;-4374.0;2815.0;-871.0;266.875;-78.625;-39.0;-0.5223388671875;0.412353515625;-0.50341796875;-0.55108642578125;-0.6770000457763672;-0.36400002241134644;0.492000013589859;-0.9660000205039978;0.11100000888109207;0.125
702836.0;-1.6440000534057617;-0.25300002098083496;0.6180000305175781;49.1875;-13.5;-5.5625;-3601.0;2870.0;-520.0;265.1875;-80.125;-41.5625;-0.50823974609375;0.431884765625;-0.49957275390625;-0.55279541015625;-0.7610000371932983;-0.6230000257492065;0.581000030040741;-0.9690000414848328;0.1080000028014183;0.09800000488758087
702846.0;-1.7300001382827759;-0.51500004529953;0.6800000071525574;49.1875;-13.5;-5.5625;-2187.0;2831.0;-48.0;263.8125;-81.375;-47.5;-0.495849609375;0.44610595703125;-0.5006103515625;-0.5518798828125;-0.7610000371932983;-0.6230000257492065;0.581000030040741;-0.9690000414848328;0.1080000028014183;0.09800000488758087
702856.0;-1.7810001373291016;-0.5630000233650208;0.8720000386238098;50.5;-9.6875;-1.875;-118.0;2684.0;520.0;263.3125;-82.125;-57.6875;-0.48687744140625;0.45281982421875;-0.50848388671875;-0.54718017578125;-0.8100000619888306;-0.6760000586509705;0.800000011920929;-0.971000075340271;0.11300000548362732;0.07100000232458115
702861.0;-1.7790000438690186;-0.3050000071525574;0.9530000686645508;50.5;-9.6875;-1.875;2419.0;2508.0;990.0;263.875;-82.25;-71.0625;-0.48297119140625;0.4510498046875;-0.524169921875;-0.537109375;-0.8070000410079956;-0.42900002002716064;0.9110000729560852;-0.971000075340271;0.13600000739097595;0.013000000268220901
702871.0;-1.533000111579895;0.5240000486373901;0.527999997138977;50.5;-9.6875;-1.875;4631.0;2264.0;988.0;265.8125;-81.9375;-84.5;-0.4847412109375;0.44281005859375;-0.54522705078125;-0.521240234375;-0.562000036239624;0.3880000114440918;0.51500004529953;-0.9700000286102295;0.14100000262260437;-0.01600000075995922
702881.0;-1.3560000658035278;0.921000063419342;0.43300002813339233;50.5;-9.6875;-1.875;5886.0;2000.0;484.0;268.875;-81.625;-96.4375;-0.49114990234375;0.43157958984375;-0.5673828125;-0.5006103515625;-0.3850000202655792;0.7790000438690186;0.4490000307559967;-0.9700000286102295;0.14100000262260437;-0.01600000075995922
702891.0;-1.374000072479248;0.7040000557899475;0.3930000066757202;50.5;-9.6875;-1.875;5962.0;1855.0;-468.0;272.6875;-81.6875;-107.9375;-0.5001220703125;0.4222412109375;-0.5865478515625;-0.47705078125;-0.40400001406669617;0.5700000524520874;0.4360000193119049;-0.9700000286102295;0.1340000033378601;-0.0430000014603138
702894.0;-1.374000072479248;0.7040000557899475;0.3930000066757202;50.5;-9.6875;-1.875;5962.0;1855.0;-468.0;272.6875;-81.6875;-107.9375;-0.5001220703125;0.4222412109375;-0.5865478515625;-0.47705078125;-0.40400001406669617;0.5700000524520874;0.4360000193119049;-0.9700000286102295;0.1340000033378601;-0.0430000014603138
702904.0;-0.987000048160553;0.5380000472068787;0.45100003480911255;50.875;-8.6875;4.375;5769.0;831.0;362.0;276.0;-81.3125;-114.0625;-0.50927734375;0.40777587890625;-0.603759765625;-0.45806884765625;-0.018000001087784767;0.40300002694129944;0.5110000371932983;-0.9690000414848328;0.13500000536441803;-0.06000000238418579
702914.0;-0.8400000333786011;0.7950000166893005;0.4910000264644623;50.875;-8.6875;4.375;4657.0;367.0;381.0;278.75;-81.0;-117.5;-0.51702880859375;0.394775390625;-0.61663818359375;-0.44329833984375;0.12800000607967377;0.659000039100647;0.562000036239624;-0.968000054359436;0.13500000536441803;-0.07000000029802322
702924.0;-0.815000057220459;0.6160000562667847;0.4050000309944153;50.875;-8.6875;4.375;3678.0;391.0;-682.0;281.5;-81.25;-122.375;-0.52496337890625;0.3878173828125;-0.62481689453125;-0.4285888671875;0.15400001406669617;0.49000000953674316;0.48500001430511475;-0.9690000414848328;0.125;-0.07900000363588333
702928.0;-0.815000057220459;0.6160000562667847;0.4050000309944153;50.875;-8.6875;4.375;3678.0;391.0;-682.0;281.5;-81.25;-122.375;-0.52496337890625;0.3878173828125;-0.62481689453125;-0.4285888671875;0.15400001406669617;0.49000000953674316;0.48500001430511475;-0.9690000414848328;0.125;-0.07900000363588333
702938.0;-0.8560000658035278;0.4010000228881836;0.3850000202655792;50.875;-8.6875;4.375;3555.0;329.0;-770.0;284.25;-81.5;-127.375;-0.53277587890625;0.38116455078125;-0.632080078125;-0.4139404296875;0.11300000548362732;0.28600001335144043;0.47200003266334534;-0.9690000414848328;0.11400000751018524;-0.08700000494718552
702948.0;-1.0550000667572021;0.43300002813339233;0.22800001502037048;50.875;-8.6875;4.375;3139.0;425.0;-955.0;286.875;-81.75;-133.1875;-0.5396728515625;0.37640380859375;-0.63812255859375;-0.39990234375;-0.08400000631809235;0.33100003004074097;0.3240000009536743;-0.9700000286102295;0.10200000554323196;-0.0950000062584877
702958.0;-1.0600000619888306;0.48100003600120544;0.18400001525878906;51.1875;-7.1875;8.875;2915.0;669.0;-1457.0;289.6875;-82.0625;-141.4375;-0.54620361328125;0.3743896484375;-0.6431884765625;-0.384521484375;-0.08900000154972076;0.3970000147819519;0.2900000214576721;-0.971000075340271;0.08300000429153442;-0.10500000417232513
702962.0;-0.987000048160553;0.5570000410079956;0.08700000494718552;51.1875;-7.1875;8.875;2744.0;696.0;-1639.0;292.5;-82.25;-150.8125;-0.552490234375;0.37335205078125;-0.64739990234375;-0.3690185546875;-0.015000000596046448;0.4930000305175781;0.20200000703334808;-0.971000075340271;0.06300000101327896;-0.11400000751018524
702972.0;-0.9390000700950623;0.7470000386238098;0.12300000339746475;51.1875;-7.1875;8.875;2328.0;843.0;-1965.0;295.25;-82.25;-161.8125;-0.5579833984375;0.3748779296875;-0.65045166015625;-0.3536376953125;0.03200000151991844;0.706000030040741;0.24800001084804535;-0.971000075340271;0.04000000283122063;-0.12400000542402267
702982.0;-0.8940000534057617;0.6650000214576721;0.12700000405311584;51.1875;-7.1875;8.875;1951.0;962.0;-1839.0;297.6875;-81.9375;-171.8125;-0.5618896484375;0.377197265625;-0.6531982421875;-0.339599609375;0.07600000500679016;0.6450000405311584;0.2630000114440918;-0.971000075340271;0.01900000125169754;-0.13500000536441803
702992.0;-1.0550000667572021;1.0180000066757202;2.2190001010894775;51.1875;-7.1875;8.875;1920.0;1100.0;-1491.0;299.9375;-81.375;-179.5;-0.56451416015625;0.37860107421875;-0.6568603515625;-0.3262939453125;-0.08500000089406967;1.0170000791549683;2.366000175476074;-0.9690000414848328;0.0010000000474974513;-0.14600001275539398
702997.0;-1.0550000667572021;1.0180000066757202;2.2190001010894775;51.1875;-7.1875;8.875;1920.0;1100.0;-1491.0;299.9375;-81.375;-179.5;-0.56451416015625;0.37860107421875;-0.6568603515625;-0.3262939453125;-0.08500000089406967;1.0170000791549683;2.366000175476074;-0.9690000414848328;0.0010000000474974513;-0.14600001275539398
703007.0;-1.0550000667572021;1.0180000066757202;2.2190001010894775;50.0625;-2.0;11.75;1931.0;1238.0;-1237.0;302.0625;-80.5625;174.75;-0.566162109375;0.37921142578125;-0.661376953125;-0.31341552734375;-0.46000000834465027;2.3990001678466797;2.9280002117156982;-0.9670000672340393;-0.014000000432133675;-0.15900000929832458
703017.0;-0.5610000491142273;1.3010001182556152;-0.7400000095367432;50.0625;-2.0;11.75;3379.0;1020.0;-846.0;305.0;-79.875;170.1875;-0.5706787109375;0.37371826171875;-0.66815185546875;-0.2969970703125;0.40300002694129944;1.3300000429153442;-0.5710000395774841;-0.9650000333786011;-0.029000001028180122;-0.1680000126361847
703027.0;-0.5610000491142273;1.3010001182556152;-0.7400000095367432;50.0625;-2.0;11.75;4235.0;-287.0;95.0;307.9375;-80.0625;167.75;-0.57977294921875;0.36004638671875;-0.6739501953125;-0.2828369140625;0.18800000846385956;0.815000057220459;-0.01600000075995922;-0.9660000205039978;-0.03500000014901161;-0.164000004529953
703035.0;-0.7770000100135803;0.7800000309944153;-0.18000000715255737;50.0625;-2.0;11.75;3704.0;-540.0;796.0;310.125;-80.5;167.875;-0.58740234375;0.34503173828125;-0.67919921875;-0.2730712890625;-0.014000000432133675;0.6440000534057617;0.0010000000474974513;-0.9670000672340393;-0.032999999821186066;-0.15700000524520874
703045.0;-0.9810000658035278;0.6100000143051147;-0.15600000321865082;50.0625;-2.0;11.75;2398.0;163.0;936.0;311.25;-80.5;169.875;-0.58978271484375;0.33441162109375;-0.684814453125;-0.26702880859375;-0.12700000405311584;0.3050000071525574;0.08800000697374344;-0.9670000672340393;-0.02800000086426735;-0.15800000727176666
703055.0;-1.0950000286102295;0.2770000100135803;-0.0690000057220459;50.0625;-2.0;11.75;1047.0;158.0;470.0;311.6875;-80.5;171.0625;-0.59039306640625;0.32965087890625;-0.6876220703125;-0.26446533203125;-0.14500001072883606;0.08700000494718552;-0.0860000029206276;-0.9670000672340393;-0.02500000037252903;-0.15900000929832458
703065.0;-1.1120001077651978;0.06200000271201134;-0.2460000067949295;50.0625;2.5;13.5;1047.0;158.0;470.0;311.8125;-80.25;171.0;-0.58935546875;0.330078125;-0.688720703125;-0.2633056640625;-0.06700000166893005;-0.05300000309944153;-0.40800002217292786;-0.9660000205039978;-0.02500000037252903;-0.16300000250339508
703069.0;-1.1120001077651978;0.06200000271201134;-0.2460000067949295;50.0625;2.5;13.5;1047.0;158.0;470.0;311.8125;-80.25;171.0;-0.58935546875;0.330078125;-0.688720703125;-0.2633056640625;-0.06700000166893005;-0.05300000309944153;-0.40800002217292786;-0.9660000205039978;-0.02500000037252903;-0.16300000250339508
703079.0;-1.034000039100647;-0.07900000363588333;-0.5720000267028809;50.0625;2.5;13.5;-513.0;251.0;-141.0;311.5625;-80.125;170.9375;-0.5877685546875;0.33251953125;-0.68853759765625;-0.26434326171875;0.03100000135600567;-0.17900000512599945;-0.5400000214576721;-0.9660000205039978;-0.026000000536441803;-0.16600000858306885
703089.0;-0.9340000152587891;-0.20500001311302185;-0.706000030040741;50.0625;2.5;13.5;-1122.0;185.0;-6.0;310.75;-80.0;171.75;-0.5850830078125;0.33624267578125;-0.68756103515625;-0.26806640625;0.17900000512599945;-0.20100000500679016;-0.5480000376701355;-0.9650000333786011;-0.024000000208616257;-0.1680000126361847
703099.0;-0.7860000133514404;-0.22600001096725464;-0.7170000076293945;50.0625;2.5;13.5;-1543.0;306.0;124.0;309.5625;-79.8125;173.1875;-0.5810546875;0.34100341796875;-0.6865234375;-0.27349853515625;0.06800000369548798;0.48100003600120544;0.6450000405311584;-0.9650000333786011;-0.020000001415610313;-0.17100000381469727
703103.0;-0.8970000147819519;0.4610000252723694;0.47300001978874207;50.0625;2.5;13.5;-1543.0;306.0;124.0;309.5625;-79.8125;173.1875;-0.5810546875;0.34100341796875;-0.6865234375;-0.27349853515625;0.04400000348687172;0.718000054359436;0.6430000066757202;-0.9650000333786011;-0.018000001087784767;-0.1720000058412552
703113.0;-0.9200000166893005;0.7000000476837158;0.4710000157356262;50.375;2.875;12.5;-927.0;70.0;61.0;308.875;-79.75;174.0;-0.57904052734375;0.34368896484375;-0.68548583984375;-0.27691650390625;0.09400000423192978;0.5649999976158142;0.359000027179718;-0.9650000333786011;-0.015000000596046448;-0.1730000078678131
703123.0;-0.8700000643730164;0.550000011920929;0.1860000044107437;50.375;2.875;12.5;-851.0;-248.0;-24.0;307.5625;-79.875;175.125;-0.57635498046875;0.3487548828125;-0.682373046875;-0.2838134765625;0.11700000613927841;0.28300002217292786;0.17400000989437103;-0.9650000333786011;-0.014000000432133675;-0.17100000381469727
703133.0;-0.8480000495910645;0.26900002360343933;0.003000000026077032;50.375;2.875;12.5;-851.0;-248.0;-24.0;307.0;-80.0;175.5;-0.57562255859375;0.35089111328125;-0.6806640625;-0.28680419921875;0.0010000000474974513;-0.03700000047683716;0.25300002098083496;-0.9650000333786011;-0.013000000268220901;-0.16900001466274261
703137.0;-0.8480000495910645;0.26900002360343933;0.003000000026077032;50.375;2.875;12.5;-851.0;-248.0;-24.0;307.0;-80.0;175.5;-0.57562255859375;0.35089111328125;-0.6806640625;-0.28680419921875;0.0010000000474974513;-0.03700000047683716;0.25300002098083496;-0.9650000333786011;-0.013000000268220901;-0.16900001466274261
703147.0;-0.9640000462532043;-0.05100000277161598;0.08300000429153442;50.375;2.875;12.5;-765.0;-180.0;-26.0;307.3125;-79.875;174.75;-0.57586669921875;0.35101318359375;-0.68109130859375;-0.28509521484375;-0.020000001415610313;-0.0820000022649765;0.2800000011920929;-0.9650000333786011;-0.015000000596046448;-0.17000000178813934
703157.0;-0.9860000610351562;-0.09700000286102295;0.10900000482797623;50.375;2.875;12.5;242.0;138.0;-188.0;307.3125;-79.875;174.75;-0.57586669921875;0.35101318359375;-0.68109130859375;-0.28509521484375;-0.020000001415610313;-0.0820000022649765;0.2800000011920929;-0.9650000333786011;-0.015000000596046448;-0.17000000178813934
703167.0;-0.9630000591278076;-0.11600000411272049;0.049000002443790436;51.375;1.5625;13.375;667.0;93.0;-343.0;308.0;-79.8125;173.1875;-0.5772705078125;0.35040283203125;-0.68170166015625;-0.281494140625;0.0010000000474974513;-0.09600000083446503;0.22100001573562622;-0.9650000333786011;-0.020000001415610313;-0.17100000381469727
703174.0;-0.9550000429153442;-0.02500000037252903;-0.017000000923871994;51.375;1.5625;13.375;742.0;137.0;-457.0;308.8125;-79.6875;171.3125;-0.579833984375;0.3499755859375;-0.68316650390625;-0.2730712890625;-0.02200000174343586;0.11800000816583633;0.125;-0.9640000462532043;-0.03200000151991844;-0.17400000989437103
703184.0;-0.987000048160553;0.0860000029206276;-0.049000002443790436;51.375;1.5625;13.375;631.0;221.0;-453.0;309.5625;-79.5;169.5625;-0.58050537109375;0.34979248046875;-0.6839599609375;-0.26995849609375;-0.05100000277161598;0.1850000023841858;0.11400000751018524;-0.9630000591278076;-0.036000002175569534;-0.17600001394748688
703194.0;-1.0150001049041748;0.14900000393390656;-0.06200000271201134;51.375;1.5625;13.375;505.0;204.0;-297.0;310.0625;-79.375;168.4375;-0.5809326171875;0.34893798828125;-0.68475341796875;-0.2681884765625;-0.052000001072883606;0.21900001168251038;0.11400000751018524;-0.9630000591278076;-0.03700000047683716;-0.1770000010728836
703204.0;-1.0160000324249268;0.18200001120567322;-0.06300000101327896;51.375;1.5625;13.375;398.0;102.0;-52.0;310.4375;-79.3125;168.0625;-0.5809326171875;0.34893798828125;-0.68475341796875;-0.2681884765625;-0.052000001072883606;0.21900001168251038;0.11400000751018524;-0.9630000591278076;-0.03700000047683716;-0.1770000010728836
703214.0;-0.9640000462532043;0.16500000655651093;-0.06700000166893005;49.5625;2.6875;12.5;387.0;3.0;173.0;310.5625;-79.3125;168.375;-0.58135986328125;0.34710693359375;-0.68560791015625;-0.267333984375;0.0;0.20100000500679016;0.11000000685453415;-0.9630000591278076;-0.036000002175569534;-0.1770000010728836
703222.0;-0.9240000247955322;0.15200001001358032;-0.05100000277161598;49.5625;2.6875;12.5;479.0;-33.0;221.0;310.8125;-79.375;168.8125;-0.58306884765625;0.34246826171875;-0.6876220703125;-0.2642822265625;0.07200000435113907;0.18400001525878906;0.13100001215934753;-0.9630000591278076;-0.03500000014901161;-0.17600001394748688
703232.0;-0.8910000324249268;0.14900000393390656;-0.04400000348687172;49.5625;2.6875;12.5;634.0;-8.0;96.0;311.1875;-79.375;168.6875;-0.58306884765625;0.34246826171875;-0.6876220703125;-0.2642822265625;0.08500000089406967;0.2120000123977661;0.14100000262260437;-0.9630000591278076;-0.03700000047683716;-0.1770000010728836
703242.0;-0.8770000338554382;0.17500001192092896;-0.03500000014901161;49.5625;2.6875;12.5;757.0;56.0;-72.0;311.8125;-79.3125;168.0625;-0.5843505859375;0.34051513671875;-0.688720703125;-0.26123046875;0.046000003814697266;0.26600000262260437;0.12400000542402267;-0.9630000591278076;-0.04000000283122063;-0.17800000309944153
703252.0;-0.9170000553131104;0.22500000894069672;-0.05300000309944153;49.5625;2.6875;12.5;740.0;126.0;-188.0;312.4375;-79.25;167.125;-0.58544921875;0.33905029296875;-0.6898193359375;-0.25775146484375;0.046000003814697266;0.26600000262260437;0.12400000542402267;-0.9630000591278076;-0.04000000283122063;-0.17800000309944153
703262.0;-0.9420000314712524;0.21800000965595245;-0.06100000441074371;50.0;3.375;12.875;623.0;147.0;-222.0;313.0625;-79.125;166.125;-0.58636474609375;0.338134765625;-0.69073486328125;-0.2545166015625;0.020000001415610313;0.26200002431869507;0.11700000613927841;-0.9630000591278076;-0.04400000348687172;-0.17900000512599945
703272.0;-0.956000030040741;0.18400001525878906;-0.06599999964237213;50.0;3.375;12.875;472.0;126.0;-207.0;313.5;-79.0;165.3125;-0.5870361328125;0.33758544921875;-0.69134521484375;-0.25189208984375;0.006000000052154064;0.23100000619888306;0.11300000548362732;-0.9620000720024109;-0.04700000211596489;-0.18000000715255737
703277.0;-0.956000030040741;0.18400001525878906;-0.06599999964237213;50.0;3.375;12.875;472.0;126.0;-207.0;313.5;-79.0;165.3125;-0.5870361328125;0.33758544921875;-0.69134521484375;-0.25189208984375;0.006000000052154064;0.23100000619888306;0.11300000548362732;-0.9620000720024109;-0.04700000211596489;-0.18000000715255737
703287.0;-0.9550000429153442;0.12400000542402267;-0.06800000369548798;50.0;3.375;12.875;373.0;83.0;-157.0;313.875;-78.9375;164.6875;-0.58758544921875;0.337158203125;-0.69183349609375;-0.24993896484375;0.007000000216066837;0.1730000078678131;0.1120000034570694;-0.9620000720024109;-0.049000002443790436;-0.1810000091791153
703297.0;-0.9500000476837158;0.1080000028014183;-0.07000000029802322;50.0;3.375;12.875;394.0;31.0;-92.0;314.25;-78.875;164.1875;-0.58831787109375;0.3363037109375;-0.6922607421875;-0.24810791015625;0.01100000087171793;0.15900000929832458;0.11000000685453415;-0.9620000720024109;-0.05100000277161598;-0.1810000091791153
703307.0;-0.9430000185966492;0.09700000286102295;-0.08300000429153442;50.0;3.375;12.875;456.0;-14.0;-30.0;314.5625;-78.9375;163.8125;-0.58917236328125;0.3349609375;-0.69281005859375;-0.24639892578125;0.018000001087784767;0.14900000393390656;0.09700000286102295;-0.9620000720024109;-0.052000001072883606;-0.18000000715255737
703317.0;-0.9470000267028809;0.10200000554323196;-0.07600000500679016;51.0625;3.75;13.25;483.0;-42.0;12.0;314.9375;-78.9375;163.5625;-0.5902099609375;0.3333740234375;-0.69329833984375;-0.2447509765625;0.015000000596046448;0.1550000011920929;0.10300000756978989;-0.9620000720024109;-0.05300000309944153;-0.18000000715255737
703327.0;-0.9330000281333923;0.14000000059604645;-0.039000000804662704;51.0625;3.75;13.25;431.0;-76.0;27.0;315.1875;-79.0;163.3125;-0.5911865234375;0.331787109375;-0.69366455078125;-0.24334716796875;0.029000001028180122;0.19300000369548798;0.13900001347064972;-0.9620000720024109;-0.05300000309944153;-0.17900000512599945
703332.0;-0.9240000247955322;0.15600000321865082;-0.039000000804662704;51.0625;3.75;13.25;315.0;-104.0;18.0;315.4375;-79.0625;163.0625;-0.59210205078125;0.33062744140625;-0.69378662109375;-0.242431640625;0.03800000250339508;0.21000000834465027;0.1380000114440918;-0.9620000720024109;-0.05400000140070915;-0.1770000010728836
703342.0;-0.9200000166893005;0.1720000058412552;-0.04000000283122063;51.0625;3.75;13.25;176.0;-106.0;-21.0;315.5625;-79.125;162.8125;-0.59283447265625;0.33001708984375;-0.693603515625;-0.241943359375;0.0430000014603138;0.22700001299381256;0.13500000536441803;-0.9630000591278076;-0.05400000140070915;-0.17600001394748688
703352.0;-0.9180000424385071;0.17800000309944153;-0.03800000250339508;51.0625;3.75;13.25;104.0;-94.0;-79.0;315.6875;-79.125;162.375;-0.59344482421875;0.329833984375;-0.69329833984375;-0.241455078125;0.04400000348687172;0.2330000102519989;0.13600000739097595;-0.9630000591278076;-0.055000003427267075;-0.17500001192092896
703362.0;-0.9350000619888306;0.1850000023841858;-0.021000001579523087;49.5625;4.5625;13.6875;110.0;-84.0;-142.0;315.875;-79.1875;161.8125;-0.5941162109375;0.32989501953125;-0.69293212890625;-0.24078369140625;0.027000000700354576;0.24300001561641693;0.15200001001358032;-0.9630000591278076;-0.05700000375509262;-0.17400000989437103
703372.0;-0.9450000524520874;0.18900001049041748;-0.005000000353902578;49.5625;4.5625;13.6875;167.0;-98.0;-188.0;316.0625;-79.1875;161.0625;-0.59503173828125;0.3299560546875;-0.6925048828125;-0.23974609375;0.017000000923871994;0.24900001287460327;0.1680000126361847;-0.9630000591278076;-0.05900000408291817;-0.1730000078678131
703382.0;-0.9290000200271606;0.20500001311302185;0.0010000000474974513;49.5625;4.5625;13.6875;207.0;-107.0;-248.0;316.375;-79.1875;160.0625;-0.59613037109375;0.330078125;-0.6920166015625;-0.23834228515625;0.03400000184774399;0.2670000195503235;0.17400000989437103;-0.9630000591278076;-0.06200000271201134;-0.1720000058412552
703387.0;-0.9290000200271606;0.20500001311302185;0.0010000000474974513;49.5625;4.5625;13.6875;207.0;-107.0;-248.0;316.375;-79.1875;160.0625;-0.59613037109375;0.330078125;-0.6920166015625;-0.23834228515625;0.03400000184774399;0.2670000195503235;0.17400000989437103;-0.9630000591278076;-0.06200000271201134;-0.1720000058412552
703397.0;-0.9760000705718994;0.1850000023841858;0.029000001028180122;49.5625;4.5625;13.6875;258.0;-144.0;-254.0;316.6875;-79.25;159.0;-0.597412109375;0.33001708984375;-0.69146728515625;-0.23687744140625;-0.013000000268220901;0.25;0.20000000298023224;-0.9630000591278076;-0.0650000050663948;-0.17000000178813934
703407.0;-0.9850000739097595;0.18800000846385956;0.020000001415610313;49.5625;4.5625;13.6875;334.0;-246.0;-66.0;317.0;-79.375;158.3125;-0.59893798828125;0.32891845703125;-0.69097900390625;-0.23590087890625;-0.021000001579523087;0.2550000250339508;0.18800000846385956;-0.9630000591278076;-0.06599999964237213;-0.16700001060962677
703417.0;-0.9760000705718994;0.20200000703334808;0.04400000348687172;49.5625;5.375;12.5;401.0;-385.0;7.0;317.25;-79.5625;157.5625;-0.60107421875;0.3271484375;-0.69024658203125;-0.235107421875;-0.012000000104308128;0.26900002360343933;0.20800000429153442;-0.9640000462532043;-0.06700000166893005;-0.16300000250339508
703427.0;-0.9760000705718994;0.20200000703334808;0.04400000348687172;49.5625;5.375;12.5;517.0;-402.0;-28.0;317.625;-79.8125;156.6875;-0.60345458984375;0.3250732421875;-0.6895751953125;-0.23382568359375;0.03500000014901161;0.2850000262260437;0.20100000500679016;-0.9650000333786011;-0.06800000369548798;-0.15900000929832458
703437.0;-0.9300000667572021;0.2160000056028366;0.04200000315904617;49.5625;5.375;12.5;325.0;-414.0;31.0;317.8125;-80.0;156.0;-0.60546875;0.32342529296875;-0.68865966796875;-0.2333984375;0.05300000309944153;0.42100003361701965;0.17500001192092896;-0.9650000333786011;-0.06800000369548798;-0.15400001406669617
703441.0;-0.9120000600814819;0.35200002789497375;0.020000001415610313;49.5625;5.375;12.5;-3.0;-435.0;71.0;317.75;-80.3125;155.625;-0.60699462890625;0.3226318359375;-0.68743896484375;-0.234375;0.046000003814697266;0.4580000340938568;0.20200000703334808;-0.9660000205039978;-0.06800000369548798;-0.15000000596046448
703451.0;-0.9200000166893005;0.39000001549720764;0.05100000277161598;49.5625;5.375;12.5;-364.0;-480.0;88.0;317.375;-80.5625;155.375;-0.60797119140625;0.3228759765625;-0.685546875;-0.23681640625;0.07700000703334808;0.4490000307559967;0.1850000023841858;-0.9670000672340393;-0.06599999964237213;-0.14500001072883606
703461.0;-0.89000004529953;0.38200002908706665;0.04000000283122063;49.5625;5.375;12.5;-364.0;-480.0;88.0;316.375;-80.875;155.4375;-0.60760498046875;0.32672119140625;-0.681884765625;-0.2431640625;0.08500000089406967;0.4790000319480896;0.2240000069141388;-0.968000054359436;-0.06400000303983688;-0.14000000059604645
703471.0;-0.8830000162124634;0.4150000214576721;0.08400000631809235;49.25;5.0;13.6875;-804.0;-543.0;121.0;315.4375;-81.25;155.75;-0.607421875;0.3291015625;-0.678955078125;-0.24859619140625;0.09400000423192978;0.406000018119812;0.25;-0.9690000414848328;-0.06100000441074371;-0.13500000536441803
703481.0;-0.8750000596046448;0.3450000286102295;0.11400000751018524;49.25;5.0;13.6875;-1287.0;-542.0;152.0;314.4375;-81.5625;156.1875;-0.60693359375;0.33197021484375;-0.67572021484375;-0.254638671875;0.05300000309944153;0.39900001883506775;0.26200002431869507;-0.9700000286102295;-0.05700000375509262;-0.13100001215934753
703487.0;-0.8750000596046448;0.3450000286102295;0.11400000751018524;49.25;5.0;13.6875;-1287.0;-542.0;152.0;314.4375;-81.5625;156.1875;-0.60693359375;0.33197021484375;-0.67572021484375;-0.254638671875;0.05300000309944153;0.39900001883506775;0.26200002431869507;-0.9700000286102295;-0.05700000375509262;-0.13100001215934753
703497.0;-0.9160000681877136;0.3410000205039978;0.13100001215934753;49.25;5.0;13.6875;-1339.0;-522.0;133.0;313.4375;-81.875;156.6875;-0.60626220703125;0.3350830078125;-0.6724853515625;-0.2607421875;0.01100000087171793;0.40400001406669617;0.29200002551078796;-0.9700000286102295;-0.05400000140070915;-0.12600000202655792
703507.0;-0.9590000510215759;0.3490000069141388;0.16500000655651093;49.25;5.0;13.6875;-1377.0;-560.0;128.0;312.375;-82.25;157.0625;-0.6055908203125;0.33819580078125;-0.66900634765625;-0.26702880859375;-0.01600000075995922;0.4090000092983246;0.2840000092983246;-0.971000075340271;-0.05100000277161598;-0.1210000067949295
703517.0;-0.9880000352859497;0.3580000102519989;0.16200000047683716;49.25;5.0;13.6875;-1377.0;-560.0;128.0;312.375;-82.25;157.0625;-0.6055908203125;0.33819580078125;-0.66900634765625;-0.26702880859375;-0.01600000075995922;0.5;0.24800001084804535;-0.9720000624656677;-0.04700000211596489;-0.11500000208616257
703527.0;-0.9890000224113464;0.4520000219345093;0.13199999928474426;50.25;5.375;10.375;-1480.0;-659.0;179.0;311.25;-82.625;157.5625;-0.60498046875;0.34136962890625;-0.66510009765625;-0.27398681640625;-0.01600000075995922;0.5670000314712524;0.24400001764297485;-0.9730000495910645;-0.04200000315904617;-0.1080000028014183
703531.0;-0.9890000224113464;0.5240000486373901;0.13600000739097595;50.25;5.375;10.375;-1760.0;-777.0;288.0;308.0625;-83.6875;177.875;-0.6021728515625;0.34954833984375;-0.6551513671875;-0.293212890625;-0.02800000086426735;0.6360000371932983;0.2120000123977661;-0.9740000367164612;-0.036000002175569534;-0.10000000149011612
703541.0;-1.002000093460083;0.5990000367164612;0.1120000034570694;50.25;5.375;10.375;-2291.0;-829.0;389.0;305.75;-84.25;178.3125;-0.59869384765625;0.3564453125;-0.6484375;-0.306640625;-0.026000000536441803;0.8100000619888306;0.28200000524520874;-0.9750000238418579;-0.02800000086426735;-0.09300000220537186
703551.0;-1.002000093460083;0.7820000648498535;0.18800000846385956;50.25;5.375;10.375;-3063.0;-828.0;426.0;302.6875;-84.8125;178.75;-0.59295654296875;0.36669921875;-0.63970947265625;-0.32366943359375;-0.01900000125169754;0.8770000338554382;0.32600000500679016;-0.9760000705718994;-0.020000001415610313;-0.08500000089406967
703561.0;-0.9960000514984131;0.8570000529289246;0.2410000115633011;50.25;5.375;10.375;-4143.0;-851.0;411.0;302.6875;-84.8125;178.75;-0.59295654296875;0.36669921875;-0.63970947265625;-0.32366943359375;-0.01900000125169754;0.8770000338554382;0.32600000500679016;-0.9760000705718994;-0.020000001415610313;-0.08500000089406967
703571.0;-0.9900000691413879;0.9140000343322754;0.2370000183582306;50.25;3.5;9.5;-5555.0;-1003.0;388.0;298.8125;-85.4375;179.3125;-0.58465576171875;0.380859375;-0.62750244140625;-0.34539794921875;-0.013000000268220901;0.9250000715255737;0.31300002336502075;-0.9770000576972961;-0.01100000087171793;-0.07600000500679016
703581.0;-0.9780000448226929;0.9320000410079956;0.22100001573562622;50.25;3.5;9.5;-7072.0;-1149.0;395.0;294.0;-86.1875;179.8125;-0.55755615234375;0.4205322265625;-0.591796875;-0.402587890625;-0.017000000923871994;0.7740000486373901;0.24300001561641693;-0.9790000319480896;0.007000000216066837;-0.05300000309944153
703584.0;-0.9780000448226929;0.9320000410079956;0.22100001573562622;50.25;3.5;9.5;-7072.0;-1149.0;395.0;294.0;-86.1875;179.8125;-0.55755615234375;0.4205322265625;-0.591796875;-0.402587890625;-0.017000000923871994;0.7740000486373901;0.24300001561641693;-0.9790000319480896;0.007000000216066837;-0.05300000309944153
703594.0;-0.9960000514984131;0.781000018119812;0.1900000125169754;50.25;3.5;9.5;-8439.0;-1121.0;432.0;288.3125;-86.8125;-179.5625;-0.53790283203125;0.44439697265625;-0.5689697265625;-0.43524169921875;-0.04200000315904617;0.6050000190734863;0.20000000298023224;-0.9790000319480896;0.01600000075995922;-0.04100000113248825
703604.0;-1.0220000743865967;0.6220000386238098;0.15800000727176666;50.25;3.5;9.5;-9501.0;-981.0;460.0;282.0;-87.3125;-179.0;-0.514892578125;0.46929931640625;-0.54345703125;-0.46826171875;-0.09700000286102295;0.4140000343322754;0.21700000762939453;-0.9790000319480896;0.02500000037252903;-0.030000001192092896
703614.0;-1.0770000219345093;0.4390000104904175;0.1860000044107437;50.25;3.5;9.5;-10150.0;-853.0;419.0;275.375;-87.625;-178.5;-0.514892578125;0.46929931640625;-0.54345703125;-0.46826171875;-0.09700000286102295;0.4140000343322754;0.21700000762939453;-0.9790000319480896;0.02500000037252903;-0.030000001192092896
703624.0;-1.125;0.2770000100135803;0.24400001764297485;52.1875;0.1875;8.25;-10368.0;-759.0;338.0;268.8125;-87.8125;-178.125;-0.4898681640625;0.493896484375;-0.51580810546875;-0.50006103515625;-0.14500001072883606;0.24500000476837158;0.2630000114440918;-0.9790000319480896;0.03100000135600567;-0.01900000125169754
703631.0;-1.218000054359436;0.006000000052154064;0.3830000162124634;52.1875;0.1875;8.25;-10089.0;-803.0;260.0;262.4375;-87.8125;-177.875;-0.46435546875;0.51641845703125;-0.487060546875;-0.529541015625;-0.24700000882148743;-0.13900001347064972;0.445000022649765;-0.9790000319480896;0.03800000250339508;0.005000000353902578
703641.0;-1.227000117301941;-0.10100000351667404;0.45100003480911255;52.1875;0.1875;8.25;-9325.0;-941.0;238.0;256.6875;-87.6875;-2.1875;-0.440185546875;0.535400390625;-0.45880126953125;-0.55596923828125;-0.24400001764297485;-0.2110000103712082;0.49800002574920654;-0.9790000319480896;0.039000000804662704;0.021000001579523087
703651.0;-1.2230000495910645;-0.17100000381469727;0.5190000534057617;52.1875;0.1875;8.25;-8237.0;-1161.0;258.0;251.6875;-87.375;-2.3125;-0.41851806640625;0.54998779296875;-0.4322509765625;-0.57928466796875;-0.19200000166893005;-0.13100001215934753;0.5460000038146973;-0.9790000319480896;0.04000000283122063;0.03800000250339508
703661.0;-1.1710000038146973;-0.09000000357627869;0.5850000381469727;52.1875;0.1875;8.25;-7094.0;-1438.0;300.0;247.375;-86.6875;-2.3125;-0.4000244140625;0.56011962890625;-0.40789794921875;-0.599853515625;-0.19200000166893005;-0.13100001215934753;0.5460000038146973;-0.9790000319480896;0.04000000283122063;0.03800000250339508
703671.0;-1.1510000228881836;-0.006000000052154064;0.597000002861023;51.375;-5.0;3.75;-6092.0;-1666.0;303.0;243.6875;-85.8125;-2.3125;-0.3843994140625;0.5667724609375;-0.38580322265625;-0.61822509765625;-0.1730000078678131;-0.04700000211596489;0.5380000472068787;-0.9780000448226929;0.04000000283122063;0.058000002056360245
703681.0;-1.1500000953674316;0.0860000029206276;0.6240000128746033;51.375;-5.0;3.75;-5454.0;-1782.0;219.0;240.5625;-84.8125;-2.25;-0.370849609375;0.5712890625;-0.3648681640625;-0.63482666015625;-0.17400000989437103;0.04700000211596489;0.5450000166893005;-0.9740000367164612;0.03400000184774399;0.10000000149011612
703688.0;-1.1500000953674316;0.0860000029206276;0.6240000128746033;51.375;-5.0;3.75;-5454.0;-1782.0;219.0;240.5625;-84.8125;-2.25;-0.370849609375;0.5712890625;-0.3648681640625;-0.63482666015625;-0.17400000989437103;0.04700000211596489;0.5450000166893005;-0.9740000367164612;0.03400000184774399;0.10000000149011612
703698.0;-1.1740000247955322;0.14600001275539398;0.5980000495910645;51.375;-5.0;3.75;-5305.0;-1857.0;90.0;237.625;-83.75;-2.0;-0.35797119140625;0.57501220703125;-0.34356689453125;-0.6505126953125;-0.1990000158548355;0.11100000888109207;0.4970000088214874;-0.9720000624656677;0.027000000700354576;0.12200000882148743
703708.0;-1.1850000619888306;0.1210000067949295;0.5120000243186951;51.375;-5.0;3.75;-5494.0;-1980.0;-57.0;234.75;-82.625;-12.625;-0.34490966796875;0.57843017578125;-0.32061767578125;-0.66607666015625;-0.21300001442432404;0.09400000423192978;0.39000001549720764;-0.9720000624656677;0.027000000700354576;0.12200000882148743
703718.0;-1.128000020980835;0.009000000543892384;0.5270000100135803;51.375;-5.0;3.75;-5668.0;-1979.0;-170.0;231.875;-81.4375;-7.0;-0.33135986328125;0.581787109375;-0.29644775390625;-0.6810302734375;-0.15800000727176666;-0.00800000037997961;0.3830000162124634;-0.9690000414848328;0.017000000923871994;0.14400000870227814
703728.0;-1.0780000686645508;-0.15700000524520874;0.5960000157356262;50.25;-7.0;-0.1875;-5526.0;-1733.0;-233.0;229.1875;-80.375;-2.25;-0.31781005859375;0.5853271484375;-0.272705078125;-0.69427490234375;-0.11100000888109207;-0.16300000250339508;0.43300002813339233;-0.9670000672340393;0.006000000052154064;0.16200000047683716
703738.0;-1.0730000734329224;-0.30300000309944153;0.6640000343322754;50.25;-7.0;-0.1875;-5081.0;-1532.0;-280.0;226.75;-79.5;1.75;-0.30523681640625;0.58837890625;-0.25054931640625;-0.70556640625;-0.10900000482797623;-0.2980000078678131;0.48500001430511475;-0.9640000462532043;-0.005000000353902578;0.17800000309944153
703744.0;-1.1540000438690186;-0.4140000343322754;0.8090000152587891;50.25;-7.0;-0.1875;-4395.0;-1647.0;-377.0;224.75;-78.4375;5.25;-0.2950439453125;0.58966064453125;-0.23028564453125;-0.7156982421875;-0.19300000369548798;-0.3960000276565552;0.6150000095367432;-0.9600000381469727;-0.018000001087784767;0.1940000057220459
703754.0;-1.190000057220459;-0.3790000081062317;0.8950000405311584;50.25;-7.0;-0.1875;-3594.0;-1934.0;-510.0;223.3125;-77.25;8.1875;-0.2880859375;0.58843994140625;-0.2120361328125;-0.72509765625;-0.2330000102519989;-0.34800001978874207;0.6820000410079956;-0.956000030040741;-0.030000001192092896;0.21300001442432404
703764.0;-1.2200000286102295;-0.31700000166893005;0.9420000314712524;50.25;-7.0;-0.1875;-2842.0;-2204.0;-622.0;222.25;-75.875;10.5625;-0.2840576171875;0.58489990234375;-0.19580078125;-0.73406982421875;-0.26900002360343933;-0.27400001883506775;0.7080000042915344;-0.9510000348091125;-0.0430000014603138;0.23400001227855682
703774.0;-1.2510000467300415;-0.2630000114440918;0.9520000219345093;50.25;-6.5;-8.5;-2231.0;-2402.0;-703.0;221.625;-74.375;12.375;-0.2823486328125;0.57958984375;-0.181396484375;-0.74261474609375;-0.3070000112056732;-0.20600001513957977;0.6950000524520874;-0.9440000653266907;-0.0560000017285347;0.25699999928474426
703784.0;-1.2720000743865967;-0.24300001561641693;0.8850000500679016;50.25;-6.5;-8.5;-1713.0;-2540.0;-732.0;221.1875;-72.8125;13.75;-0.2823486328125;0.57281494140625;-0.1685791015625;-0.7508544921875;-0.3360000252723694;-0.17400000989437103;0.6040000319480896;-0.9360000491142273;-0.06800000369548798;0.281000018119812
703789.0;-1.2720000743865967;-0.24300001561641693;0.8850000500679016;50.25;-6.5;-8.5;-1713.0;-2540.0;-732.0;221.1875;-72.8125;13.75;-0.2823486328125;0.57281494140625;-0.1685791015625;-0.7508544921875;-0.3360000252723694;-0.17400000989437103;0.6040000319480896;-0.9360000491142273;-0.06800000369548798;0.281000018119812
703799.0;-1.2720000743865967;-0.2150000035762787;0.8500000238418579;50.25;-6.5;-8.5;-1283.0;-2714.0;-702.0;220.9375;-71.0625;14.5625;-0.28363037109375;0.56451416015625;-0.1573486328125;-0.759033203125;-0.3440000116825104;-0.13600000739097595;0.5430000424385071;-0.9270000457763672;-0.07900000363588333;0.3070000112056732
703809.0;-1.2670000791549683;-0.15200001001358032;0.8370000123977661;50.25;-6.5;-8.5;-931.0;-2917.0;-606.0;220.8125;-69.3125;14.8125;-0.28564453125;0.55462646484375;-0.14739990234375;-0.76751708984375;-0.3490000069141388;-0.06300000101327896;0.5020000338554382;-0.9170000553131104;-0.08800000697374344;0.33400002121925354
703819.0;-1.2620000839233398;-0.0560000017285347;0.8520000576972961;50.25;-6.5;-8.5;-662.0;-3073.0;-539.0;220.75;-67.4375;14.8125;-0.28826904296875;0.54351806640625;-0.13848876953125;-0.77606201171875;-0.3570000231266022;0.039000000804662704;0.4880000352859497;-0.9050000309944153;-0.09600000083446503;0.3630000054836273
703829.0;-1.2620000839233398;-0.09700000286102295;0.8340000510215759;48.0625;-3.6875;-14.5625;-547.0;-3148.0;-538.0;220.6875;-65.5;14.75;-0.2911376953125;0.53179931640625;-0.1298828125;-0.78460693359375;-0.3700000047683716;0.006000000052154064;0.4410000145435333;-0.8920000195503235;-0.10300000756978989;0.3920000195503235
703831.0;-1.2600001096725464;-0.1340000033378601;0.8250000476837158;48.0625;-3.6875;-14.5625;-606.0;-3231.0;-478.0;220.5625;-63.5;14.6875;-0.2935791015625;0.51959228515625;-0.12103271484375;-0.793212890625;-0.38200002908706665;-0.023000001907348633;0.40300002694129944;-0.878000020980835;-0.11000000685453415;0.4220000207424164
703841.0;-1.2600001096725464;-0.1340000033378601;0.8250000476837158;48.0625;-3.6875;-14.5625;-688.0;-3354.0;-430.0;220.4375;-61.5;14.5625;-0.29559326171875;0.50677490234375;-0.11175537109375;-0.80206298828125;-0.3830000162124634;-0.04800000041723251;0.3760000169277191;-0.862000048160553;-0.11800000816583633;0.4520000219345093
703851.0;-1.2450000047683716;-0.16600000858306885;0.8280000686645508;48.0625;-3.6875;-14.5625;-707.0;-3448.0;-432.0;220.25;-59.4375;14.5625;-0.29754638671875;0.49346923828125;-0.10223388671875;-0.8109130859375;-0.3370000123977661;-0.08000000566244125;0.39000001549720764;-0.8440000414848328;-0.125;0.4820000231266022
703861.0;-1.1820000410079956;-0.20500001311302185;0.8720000386238098;48.0625;-3.6875;-14.5625;-680.0;-3487.0;-496.0;220.125;-57.3125;14.5625;-0.29974365234375;0.47979736328125;-0.092529296875;-0.81939697265625;-0.3160000145435333;-0.09100000560283661;0.37400001287460327;-0.8250000476837158;-0.13300000131130219;0.5120000243186951
703871.0;-1.1410000324249268;-0.2240000069141388;0.8860000371932983;48.0625;-3.6875;-14.5625;-610.0;-3533.0;-539.0;220.0625;-55.125;14.5625;-0.30218505859375;0.46563720703125;-0.0828857421875;-0.82763671875;-0.3140000104904175;-0.0950000062584877;0.36900001764297485;-0.8040000200271606;-0.14100000262260437;0.5410000085830688
703881.0;-1.1190000772476196;-0.23600001633167267;0.9110000729560852;45.75;-2.1875;-20.6875;-610.0;-3533.0;-539.0;220.0625;-53.0;14.5;-0.30474853515625;0.45074462890625;-0.07421875;-0.835693359375;-0.3240000009536743;-0.11500000208616257;0.3540000021457672;-0.7830000519752502;-0.1469999998807907;0.5710000395774841
703887.0;-1.1190000772476196;-0.23600001633167267;0.9110000729560852;45.75;-2.1875;-20.6875;-610.0;-3533.0;-539.0;220.0625;-53.0;14.5;-0.30474853515625;0.45074462890625;-0.07421875;-0.835693359375;-0.3240000009536743;-0.11500000208616257;0.3540000021457672;-0.7830000519752502;-0.1469999998807907;0.5710000395774841
703897.0;-1.1069999933242798;-0.26200002431869507;0.9260000586509705;45.75;-2.1875;-20.6875;-47.0;-3622.0;-284.0;220.0;-50.8125;14.0;-0.3072509765625;0.43487548828125;-0.0675048828125;-0.84375;-0.35200002789497375;-0.16100001335144043;0.3680000305175781;-0.7600000500679016;-0.15000000596046448;0.6000000238418579
703907.0;-1.1130000352859497;-0.3110000193119049;0.9690000414848328;45.75;-2.1875;-20.6875;374.0;-3683.0;-12.0;219.875;-48.625;13.1875;-0.3094482421875;0.41778564453125;-0.06317138671875;-0.85186767578125;-0.37700000405311584;-0.14500001072883606;0.35100001096725464;-0.7360000610351562;-0.14800000190734863;0.6300000548362732
703917.0;-1.1130000352859497;-0.2930000126361847;0.9810000658035278;45.75;-2.1875;-20.6875;731.0;-3738.0;227.0;219.75;-46.4375;12.0625;-0.31121826171875;0.399658203125;-0.06085205078125;-0.860107421875;-0.3840000033378601;-0.11900000274181366;0.31800001859664917;-0.7110000252723694;-0.14100000262260437;0.6600000262260437
703927.0;-1.0950000286102295;-0.2600000202655792;0.9780000448226929;45.75;-2.1875;-20.6875;731.0;-3738.0;227.0;219.75;-46.4375;12.0625;-0.31268310546875;0.380615234375;-0.0596923828125;-0.86822509765625;-0.33400002121925354;-0.04800000041723251;0.28600001335144043;-0.6840000152587891;-0.13100001215934753;0.6890000104904175
703936.0;-1.0190000534057617;-0.18000000715255737;0.9760000705718994;39.75;0.75;-29.6875;958.0;-3802.0;378.0;219.5625;-44.25;10.8125;-0.31268310546875;0.380615234375;-0.0596923828125;-0.86822509765625;-0.33400002121925354;-0.007000000216066837;0.26900002360343933;-0.656000018119812;-0.12000000476837158;0.718000054359436
703946.0;-0.9900000691413879;-0.12800000607967377;0.987000048160553;39.75;0.75;-29.6875;995.0;-3857.0;495.0;219.0;-39.75;8.375;-0.3135986328125;0.34136962890625;-0.057373046875;-0.88421630859375;-0.3440000116825104;0.029000001028180122;0.2460000067949295;-0.6270000338554382;-0.11000000685453415;0.7450000643730164
703956.0;-0.9720000624656677;-0.08000000566244125;0.9920000433921814;39.75;0.75;-29.6875;829.0;-3892.0;572.0;218.625;-37.4375;7.5625;-0.3128662109375;0.32208251953125;-0.05419921875;-0.891845703125;-0.3620000183582306;0.06300000101327896;0.22700001299381256;-0.5960000157356262;-0.10200000554323196;0.7710000276565552
703966.0;-0.9580000638961792;-0.039000000804662704;0.999000072479248;39.75;0.75;-29.6875;489.0;-3911.0;583.0;218.1875;-35.125;7.0625;-0.3114013671875;0.30328369140625;-0.04901123046875;-0.89923095703125;-0.3490000069141388;0.08800000697374344;0.21400001645088196;-0.5640000104904175;-0.09800000488758087;0.7950000166893005
703976.0;-0.9130000472068787;-0.010000000707805157;1.0090000629425049;39.75;0.75;-29.6875;69.0;-3926.0;562.0;218.1875;-35.125;7.0625;-0.3114013671875;0.30328369140625;-0.04901123046875;-0.89923095703125;-0.3490000069141388;0.08800000697374344;0.21400001645088196;-0.531000018119812;-0.09800000488758087;0.8170000314712524
703978.0;-0.9130000472068787;-0.010000000707805157;1.0090000629425049;39.75;0.75;-29.6875;69.0;-3926.0;562.0;218.1875;-35.125;7.0625;-0.3114013671875;0.30328369140625;-0.04901123046875;-0.89923095703125;-0.3490000069141388;0.08800000697374344;0.21400001645088196;-0.531000018119812;-0.09800000488758087;0.8170000314712524
703988.0;-0.8800000548362732;-0.03500000014901161;1.0150001049041748;33.5625;-1.0;-36.6875;-326.0;-3918.0;549.0;217.625;-32.8125;6.8125;-0.3092041015625;0.28497314453125;-0.0418701171875;-0.90631103515625;-0.34800001978874207;0.06200000271201134;0.19700001180171967;-0.531000018119812;-0.09800000488758087;0.8170000314712524
703998.0;-0.8400000333786011;-0.08800000697374344;1.0190000534057617;33.5625;-1.0;-36.6875;-598.0;-3889.0;552.0;216.5;-28.25;6.875;-0.303466796875;0.24957275390625;-0.02459716796875;-0.91925048828125;-0.33800002932548523;-0.02500000037252903;0.16900001466274261;-0.46400001645088196;-0.10400000214576721;0.8570000529289246
704008.0;-0.8030000329017639;-0.1290000081062317;1.027000069618225;33.5625;-1.0;-36.6875;-711.0;-3864.0;544.0;216.5;-28.25;6.875;-0.30047607421875;0.2318115234375;-0.0157470703125;-0.925048828125;-0.30100002884864807;-0.05400000140070915;0.21000000834465027;-0.42900002002716064;-0.1080000028014183;0.8740000128746033
704018.0;-0.7300000190734863;-0.16200000047683716;1.0850000381469727;33.5625;-1.0;-36.6875;-688.0;-3852.0;521.0;215.9375;-26.0;7.0;-0.29754638671875;0.21392822265625;-0.0072021484375;-0.930419921875;-0.3110000193119049;-0.049000002443790436;0.2150000035762787;-0.39400002360343933;-0.11100000888109207;0.89000004529953
704028.0;-0.706000030040741;-0.1600000113248825;1.1060000658035278;33.5625;-1.0;-36.6875;-619.0;-3855.0;493.0;215.4375;-23.6875;7.125;-0.29754638671875;0.21392822265625;-0.0072021484375;-0.930419921875;-0.3110000193119049;-0.049000002443790436;0.2150000035762787;-0.39400002360343933;-0.11100000888109207;0.89000004529953
704037.0;-0.703000009059906;-0.15900000929832458;1.1140000820159912;24.25;-1.25;-41.1875;-573.0;-3858.0;450.0;214.9375;-21.4375;7.25;-0.2947998046875;0.19580078125;0.00115966796875;-0.935302734375;-0.3450000286102295;-0.04400000348687172;0.20800000429153442;-0.3580000102519989;-0.11500000208616257;0.9050000309944153
704047.0;-0.7100000381469727;-0.15000000596046448;1.121000051498413;24.25;-1.25;-41.1875;-549.0;-3907.0;396.0;214.5;-19.125;7.375;-0.28961181640625;0.15838623046875;0.01800537109375;-0.94378662109375;-0.37700000405311584;0.013000000268220901;0.1550000011920929;-0.28200000524520874;-0.12300000339746475;0.9300000667572021
704057.0;-0.6600000262260437;-0.10900000482797623;1.0860000848770142;24.25;-1.25;-41.1875;-543.0;-3977.0;360.0;214.0625;-16.75;7.5;-0.28961181640625;0.15838623046875;0.01800537109375;-0.94378662109375;-0.36500000953674316;0.03500000014901161;0.13900001347064972;-0.24300001561641693;-0.12700000405311584;0.9410000443458557
704067.0;-0.609000027179718;-0.09200000762939453;1.0800000429153442;24.25;-1.25;-41.1875;-557.0;-4042.0;347.0;213.6875;-14.375;7.6875;-0.28692626953125;0.13909912109375;0.02667236328125;-0.9473876953125;-0.3660000264644623;0.06700000166893005;0.1290000081062317;-0.203000009059906;-0.13300000131130219;0.9500000476837158
704077.0;-0.5700000524520874;-0.06599999964237213;1.0789999961853027;24.25;-1.25;-41.1875;-595.0;-4087.0;307.0;213.25;-11.9375;7.9375;-0.28436279296875;0.11962890625;0.03564453125;-0.9505615234375;-0.3660000264644623;0.06700000166893005;0.1290000081062317;-0.203000009059906;-0.13300000131130219;0.9500000476837158
704082.0;-0.534000039100647;-0.04200000315904617;1.0630000829696655;15.75;-0.875;-46.25;-660.0;-4102.0;215.0;212.9375;-9.5;8.25;-0.281982421875;0.10003662109375;0.04498291015625;-0.953125;-0.3720000088214874;0.09600000083446503;0.10600000619888306;-0.16200000047683716;-0.13900001347064972;0.9570000171661377
704092.0;-0.51500004529953;-0.046000003814697266;1.0480000972747803;15.75;-0.875;-46.25;-763.0;-4126.0;114.0;212.625;-7.0;8.625;-0.27996826171875;0.08038330078125;0.05487060546875;-0.955078125;-0.39500001072883606;0.10000000149011612;0.0860000029206276;-0.07800000160932541;-0.1550000011920929;0.9650000333786011
704102.0;-0.4870000183582306;-0.05400000140070915;1.0190000534057617;15.75;-0.875;-46.25;-885.0;-4138.0;61.0;212.375;-4.5625;9.125;-0.27801513671875;0.06085205078125;0.0654296875;-0.9564208984375;-0.4090000092983246;0.10100000351667404;0.05400000140070915;-0.036000002175569534;-0.16600000858306885;0.9650000333786011
704112.0;-0.45000001788139343;-0.07000000029802322;0.999000072479248;15.75;-0.875;-46.25;-1001.0;-4140.0;72.0;212.125;-2.125;9.75;-0.27581787109375;0.04144287109375;0.07647705078125;-0.957275390625;-0.4130000174045563;0.0950000062584877;0.03400000184774399;-0.036000002175569534;-0.16600000858306885;0.9650000333786011
704122.0;-0.3830000162124634;-0.08900000154972076;0.9570000171661377;15.75;-0.875;-46.25;-1082.0;-4126.0;100.0;211.8125;0.3125;10.375;-0.2733154296875;0.02215576171875;0.08795166015625;-0.9576416015625;-0.3890000283718109;0.08700000494718552;-0.006000000052154064;0.005000000353902578;-0.1770000010728836;0.9640000462532043
704126.0;-0.3830000162124634;-0.08900000154972076;0.9570000171661377;15.75;-0.875;-46.25;-1082.0;-4126.0;100.0;211.8125;0.3125;10.375;-0.2733154296875;0.02215576171875;0.08795166015625;-0.9576416015625;-0.3890000283718109;0.08700000494718552;-0.006000000052154064;0.005000000353902578;-0.1770000010728836;0.9640000462532043
704136.0;-0.35200002789497375;-0.10600000619888306;0.9230000376701355;5.375;0.5625;-47.5;-1106.0;-4109.0;119.0;211.5625;2.6875;11.0625;-0.2706298828125;0.0030517578125;0.09942626953125;-0.95751953125;-0.39900001883506775;0.0820000022649765;-0.03700000047683716;0.04700000211596489;-0.18800000846385956;0.9610000252723694
704146.0;-0.32200002670288086;-0.1120000034570694;0.893000066280365;5.375;0.5625;-47.5;-1070.0;-4103.0;136.0;211.25;5.125;11.75;-0.2677001953125;-0.01605224609375;0.11065673828125;-0.95697021484375;-0.41100001335144043;0.0860000029206276;-0.06200000271201134;0.08800000697374344;-0.1990000158548355;0.956000030040741
704156.0;-0.2840000092983246;-0.10700000822544098;0.8650000691413879;5.375;0.5625;-47.5;-972.0;-4090.0;193.0;210.875;7.5;12.375;-0.26434326171875;-0.0352783203125;0.121337890625;-0.95611572265625;-0.4130000174045563;0.10200000554323196;-0.08300000429153442;0.1290000081062317;-0.20900000631809235;0.9490000605583191
704166.0;-0.22300000488758087;-0.11000000685453415;0.8170000314712524;5.375;0.5625;-47.5;-852.0;-4075.0;274.0;210.5;9.875;13.0;-0.26043701171875;-0.054443359375;0.13134765625;-0.9549560546875;-0.3920000195503235;0.10700000822544098;-0.12300000339746475;0.16900001466274261;-0.21800000965595245;0.9410000443458557
704176.0;-0.17800000309944153;-0.1210000067949295;0.7920000553131104;5.375;0.5625;-47.5;-729.0;-4049.0;349.0;210.0;12.25;13.625;-0.25604248046875;-0.0736083984375;0.14068603515625;-0.95355224609375;-0.38600000739097595;0.10400000214576721;-0.13900001347064972;0.20800000429153442;-0.22600001096725464;0.9310000538825989
704181.0;-0.1300000101327896;-0.13600000739097595;0.7600000500679016;-5.25;1.6875;-47.5;-637.0;-4022.0;402.0;209.5625;14.5625;14.1875;-0.251220703125;-0.0926513671875;0.1494140625;-0.95184326171875;-0.37700000405311584;0.09700000286102295;-0.15900000929832458;0.2460000067949295;-0.2330000102519989;0.9200000166893005
704191.0;-0.04500000178813934;-0.14500001072883606;0.7140000462532043;-5.25;1.6875;-47.5;-612.0;-3971.0;460.0;209.0;16.8125;14.8125;-0.24603271484375;-0.11138916015625;0.157958984375;-0.94976806640625;-0.3290000259876251;0.0950000062584877;-0.19300000369548798;0.28300002217292786;-0.24000000953674316;0.9070000648498535
704201.0;-0.010000000707805157;-0.1510000079870224;0.6620000600814819;-5.25;1.6875;-47.5;-658.0;-3911.0;502.0;208.4375;19.0;15.5;-0.24053955078125;-0.12969970703125;0.1666259765625;-0.9473876953125;-0.33000001311302185;0.09600000083446503;-0.23000000417232513;0.3190000057220459;-0.24800001084804535;0.893000066280365
704211.0;0.007000000216066837;-0.16700001060962677;0.6370000243186951;-5.25;1.6875;-47.5;-731.0;-3844.0;475.0;207.9375;21.125;16.3125;-0.2352294921875;-0.1475830078125;0.17547607421875;-0.94451904296875;-0.3460000157356262;0.08900000154972076;-0.24000000953674316;0.3540000021457672;-0.25600001215934753;0.8770000338554382
704214.0;0.007000000216066837;-0.16700001060962677;0.6370000243186951;-5.25;1.6875;-47.5;-731.0;-3844.0;475.0;207.9375;21.125;16.3125;-0.2352294921875;-0.1475830078125;0.17547607421875;-0.94451904296875;-0.3460000157356262;0.08900000154972076;-0.24000000953674316;0.3540000021457672;-0.25600001215934753;0.8770000338554382
704224.0;0.046000003814697266;-0.18400001525878906;0.597000002861023;-5.25;1.6875;-47.5;-794.0;-3766.0;425.0;207.4375;23.25;17.125;-0.230224609375;-0.1649169921875;0.18438720703125;-0.941162109375;-0.3410000205039978;0.08100000023841858;-0.2630000114440918;0.38700002431869507;-0.26500001549720764;0.8600000143051147
704234.0;0.11500000208616257;-0.17800000309944153;0.5520000457763672;-14.1875;4.5625;-46.375;-846.0;-3690.0;390.0;207.0;25.3125;18.0625;-0.225341796875;-0.18182373046875;0.193359375;-0.93743896484375;-0.30400002002716064;0.09700000286102295;-0.2900000214576721;0.4190000295639038;-0.2750000059604645;0.8420000672340393
704244.0;0.1510000079870224;-0.17000000178813934;0.5250000357627869;-14.1875;4.5625;-46.375;-910.0;-3615.0;366.0;206.5625;27.3125;19.0625;-0.220703125;-0.1982421875;0.2025146484375;-0.93328857421875;-0.2980000078678131;0.11300000548362732;-0.2970000207424164;0.45000001788139343;-0.2840000092983246;0.8230000138282776
704249.0;0.1510000079870224;-0.17000000178813934;0.5250000357627869;-14.1875;4.5625;-46.375;-910.0;-3615.0;366.0;206.5625;27.3125;19.0625;-0.220703125;-0.1982421875;0.2025146484375;-0.93328857421875;-0.2980000078678131;0.11300000548362732;-0.2970000207424164;0.45000001788139343;-0.2840000092983246;0.8230000138282776
704259.0;0.1510000079870224;-0.17000000178813934;0.5250000357627869;-14.1875;4.5625;-46.375;-976.0;-3537.0;328.0;206.1875;29.25;20.125;-0.21630859375;-0.214111328125;0.21173095703125;-0.9287109375;-0.30400002002716064;0.11800000816583633;-0.30900001525878906;0.4790000319480896;-0.2939999997615814;0.8020000457763672
704269.0;0.17500001192092896;-0.17600001394748688;0.4930000305175781;-14.1875;4.5625;-46.375;-1034.0;-3438.0;265.0;205.875;31.125;21.25;-0.2122802734375;-0.22943115234375;0.22100830078125;-0.923828125;-0.3240000009536743;0.11500000208616257;-0.29600000381469727;0.5070000290870667;-0.30400002002716064;0.781000018119812
704279.0;0.18300001323223114;-0.18900001049041748;0.48500001430511475;-14.1875;4.5625;-46.375;-1065.0;-3378.0;172.0;205.5625;33.0;22.4375;-0.208740234375;-0.2445068359375;0.2301025390625;-0.91851806640625;-0.37400001287460327;0.10100000351667404;-0.29600000381469727;0.534000039100647;-0.3140000104904175;0.7590000629425049
704286.0;0.15900000929832458;-0.21300001442432404;0.46300002932548523;-14.1875;4.5625;-46.375;-1065.0;-3378.0;172.0;205.375;34.875;23.6875;-0.20556640625;-0.2593994140625;0.23895263671875;-0.91290283203125;-0.41200003027915955;0.09100000560283661;-0.2930000126361847;0.5600000023841858;-0.3230000138282776;0.7360000610351562
704296.0;0.14800000190734863;-0.23200000822544098;0.44300001859664917;-23.875;7.1875;-42.5625;-1045.0;-3341.0;89.0;205.125;36.6875;24.875;-0.20233154296875;-0.2742919921875;0.24725341796875;-0.90704345703125;-0.43400001525878906;0.07000000029802322;-0.28700000047683716;0.5860000252723694;-0.33000001311302185;0.7130000591278076
704306.0;0.1510000079870224;-0.2600000202655792;0.42500001192092896;-23.875;7.1875;-42.5625;-806.0;-3338.0;83.0;204.8125;38.4375;26.0625;-0.19873046875;-0.28924560546875;0.25469970703125;-0.90106201171875;-0.44600000977516174;0.05100000277161598;-0.30000001192092896;0.6100000143051147;-0.3370000123977661;0.6890000104904175
704316.0;0.16300000250339508;-0.28600001335144043;0.3880000114440918;-23.875;7.1875;-42.5625;-609.0;-3335.0;144.0;204.5;40.25;27.25;-0.1944580078125;-0.30419921875;0.26129150390625;-0.89520263671875;-0.41700002551078796;0.06200000271201134;-0.328000009059906;0.6330000162124634;-0.34200000762939453;0.6650000214576721
704326.0;0.2160000056028366;-0.2800000011920929;0.3360000252723694;-23.875;7.1875;-42.5625;-427.0;-3317.0;219.0;204.0;41.9375;28.4375;-0.18951416015625;-0.319091796875;0.26702880859375;-0.88934326171875;-0.4220000207424164;0.06400000303983688;-0.32500001788139343;0.6550000309944153;-0.34700000286102295;0.6410000324249268
704336.0;0.23200000822544098;-0.28200000524520874;0.3150000274181366;-23.875;7.1875;-42.5625;-427.0;-3317.0;219.0;204.0;41.9375;28.4375;-0.1839599609375;-0.333740234375;0.27215576171875;-0.883544921875;-0.43300002813339233;0.06800000369548798;-0.35200002789497375;0.6760000586509705;-0.35100001096725464;0.6160000562667847
704341.0;0.24300001561641693;-0.28200000524520874;0.2639999985694885;-30.5;9.75;-38.0;-296.0;-3276.0;293.0;203.5;43.5625;29.625;-0.1839599609375;-0.333740234375;0.27215576171875;-0.883544921875;-0.4310000240802765;0.09200000762939453;-0.48100003600120544;0.6950000524520874;-0.35500001907348633;0.5920000076293945
704351.0;0.2639999985694885;-0.26200002431869507;0.11100000888109207;-30.5;9.75;-38.0;-175.0;-3131.0;484.0;202.1875;46.625;32.3125;-0.17138671875;-0.36151123046875;0.281494140625;-0.8721923828125;-0.41200003027915955;0.09400000423192978;-0.5130000114440918;0.7130000591278076;-0.359000027179718;0.5680000185966492
704361.0;0.30000001192092896;-0.26500001549720764;0.055000003427267075;-30.5;9.75;-38.0;-175.0;-3131.0;484.0;201.4375;48.0;33.8125;-0.1644287109375;-0.37469482421875;0.2862548828125;-0.86639404296875;-0.41100001335144043;0.1080000028014183;-0.5200000405311584;0.7280000448226929;-0.36500000953674316;0.5440000295639038
704371.0;0.31700000166893005;-0.25699999928474426;0.024000000208616257;-30.5;9.75;-38.0;-193.0;-3089.0;587.0;200.6875;49.25;35.5625;-0.15740966796875;-0.38714599609375;0.29150390625;-0.8604736328125;-0.4270000159740448;0.14500001072883606;-0.5230000019073486;0.7430000305175781;-0.3720000088214874;0.5200000405311584
704381.0;0.3150000274181366;-0.22600001096725464;-0.003000000026077032;-30.5;9.75;-38.0;-292.0;-3009.0;662.0;200.6875;49.25;35.5625;-0.15740966796875;-0.38714599609375;0.29150390625;-0.8604736328125;-0.4270000159740448;0.14500001072883606;-0.5230000019073486;0.7560000419616699;-0.3800000250339508;0.49500003457069397
704391.0;0.281000018119812;-0.1940000057220459;-0.029000001028180122;-38.0;11.0;-31.0;-454.0;-2930.0;730.0;198.8125;50.4375;37.5;-0.14208984375;-0.40179443359375;0.29351806640625;-0.855712890625;-0.4740000367164612;0.1850000023841858;-0.5240000486373901;0.7670000195503235;-0.39000001549720764;0.4690000116825104
704394.0;0.281000018119812;-0.1940000057220459;-0.029000001028180122;-38.0;11.0;-31.0;-454.0;-2930.0;730.0;198.8125;50.4375;37.5;-0.14208984375;-0.40179443359375;0.29351806640625;-0.855712890625;-0.4740000367164612;0.1850000023841858;-0.5240000486373901;0.7670000195503235;-0.39000001549720764;0.4690000116825104
704404.0;0.2750000059604645;-0.2110000103712082;-0.049000002443790436;-38.0;11.0;-31.0;-622.0;-2878.0;802.0;197.3125;52.4375;42.125;-0.12847900390625;-0.423828125;0.30743408203125;-0.84222412109375;-0.503000020980835;0.16600000858306885;-0.5250000357627869;0.7770000100135803;-0.4010000228881836;0.44200003147125244
704414.0;0.27300000190734863;-0.23400001227855682;-0.0820000022649765;-38.0;11.0;-31.0;-755.0;-2862.0;886.0;196.5;53.25;44.75;-0.1212158203125;-0.43426513671875;0.31524658203125;-0.8350830078125;-0.5010000467300415;0.14500001072883606;-0.5190000534057617;0.7860000133514404;-0.4130000174045563;0.4150000214576721
704424.0;0.2840000092983246;-0.2670000195503235;-0.10300000756978989;-38.0;11.0;-31.0;-825.0;-2843.0;998.0;196.5;53.25;44.75;-0.11346435546875;-0.4442138671875;0.32330322265625;-0.82781982421875;-0.48000001907348633;0.0820000022649765;-0.5360000133514404;0.7930000424385071;-0.42600002884864807;0.3880000114440918
704428.0;0.2840000092983246;-0.2670000195503235;-0.10300000756978989;-38.0;11.0;-31.0;-825.0;-2843.0;998.0;196.5;53.25;44.75;-0.11346435546875;-0.4442138671875;0.32330322265625;-0.82781982421875;-0.48000001907348633;0.0820000022649765;-0.5360000133514404;0.7930000424385071;-0.42600002884864807;0.3880000114440918
704438.0;0.31200000643730164;-0.34300002455711365;-0.14800000190734863;-38.0;11.0;-31.0;-840.0;-2827.0;1129.0;195.5625;53.9375;47.625;-0.11346435546875;-0.4442138671875;0.32330322265625;-0.82781982421875;-0.48000001907348633;0.0820000022649765;-0.5360000133514404;0.7930000424385071;-0.42600002884864807;0.3880000114440918
704448.0;0.31300002336502075;-0.3920000195503235;-0.20000000298023224;-41.6875;11.6875;-26.875;-825.0;-2828.0;1228.0;194.3125;54.5;50.5625;-0.10308837890625;-0.45477294921875;0.33026123046875;-0.82061767578125;-0.48500001430511475;0.046000003814697266;-0.5610000491142273;0.7980000376701355;-0.4390000104904175;0.36100003123283386
704458.0;0.3150000274181366;-0.4620000123977661;-0.2510000169277191;-41.6875;11.6875;-26.875;-803.0;-2799.0;1225.0;193.25;54.9375;53.625;-0.08673095703125;-0.47381591796875;0.3455810546875;-0.8052978515625;-0.4710000157356262;-0.10100000351667404;-0.6640000343322754;0.8070000410079956;-0.4650000333786011;0.3060000240802765
704462.0;0.33500000834465027;-0.5660000443458557;-0.3580000102519989;-41.6875;11.6875;-26.875;-755.0;-2803.0;1139.0;192.25;55.375;56.625;-0.078369140625;-0.48345947265625;0.3525390625;-0.79736328125;-0.44300001859664917;-0.11900000274181366;-0.6620000600814819;0.8100000619888306;-0.47700002789497375;0.27800002694129944
704472.0;0.367000013589859;-0.5960000157356262;-0.3840000033378601;-41.6875;11.6875;-26.875;-676.0;-2846.0;1141.0;191.1875;55.6875;59.6875;-0.078369140625;-0.48345947265625;0.3525390625;-0.79736328125;-0.4750000238418579;-0.12200000882148743;-0.6540000438690186;0.812000036239624;-0.48900002241134644;0.25
704482.0;0.3360000252723694;-0.6110000014305115;-0.40400001406669617;-41.6875;11.6875;-26.875;-569.0;-2881.0;1248.0;190.0;55.875;62.8125;-0.0692138671875;-0.49298095703125;0.3592529296875;-0.78936767578125;-0.4750000238418579;-0.12200000882148743;-0.6540000438690186;0.812000036239624;-0.48900002241134644;0.25
704492.0;0.445000022649765;-0.5820000171661377;-0.4020000100135803;-44.1875;16.0625;-19.875;-585.0;-2841.0;1557.0;188.5625;55.75;66.0625;-0.058837890625;-0.5015869140625;0.36676025390625;-0.78131103515625;-0.36500000953674316;-0.07800000160932541;-0.625;0.8100000619888306;-0.5040000081062317;0.22300000488758087
704495.0;0.445000022649765;-0.5820000171661377;-0.4020000100135803;-44.1875;16.0625;-19.875;-585.0;-2841.0;1557.0;188.5625;55.75;66.0625;-0.058837890625;-0.5015869140625;0.36676025390625;-0.78131103515625;-0.36500000953674316;-0.07800000160932541;-0.625;0.8100000619888306;-0.5040000081062317;0.22300000488758087
704505.0;0.5120000243186951;-0.6360000371932983;-0.4140000343322754;-44.1875;16.0625;-19.875;-548.0;-2730.0;1438.0;187.25;55.5625;69.125;-0.049072265625;-0.50982666015625;0.37359619140625;-0.77337646484375;-0.29600000381469727;-0.11900000274181366;-0.6110000014305115;0.8070000410079956;-0.527999997138977;0.1720000058412552
704515.0;0.49900001287460327;-0.675000011920929;-0.4490000307559967;-44.1875;16.0625;-19.875;-418.0;-2585.0;1196.0;186.0;55.4375;71.875;-0.04022216796875;-0.517822265625;0.379150390625;-0.76580810546875;-0.30800002813339233;-0.14600001275539398;-0.6210000514984131;0.8050000667572021;-0.5380000472068787;0.15000000596046448
704525.0;0.49400001764297485;-0.734000027179718;-0.5090000033378601;-44.1875;16.0625;-19.875;-233.0;-2449.0;1125.0;184.6875;55.1875;74.375;-0.0313720703125;-0.525390625;0.3836669921875;-0.7587890625;-0.3110000193119049;-0.19500000774860382;-0.659000039100647;0.8030000329017639;-0.5470000505447388;0.1300000101327896
704529.0;0.49400001764297485;-0.734000027179718;-0.5090000033378601;-44.1875;16.0625;-19.875;-233.0;-2449.0;1125.0;184.6875;55.1875;74.375;-0.0313720703125;-0.525390625;0.3836669921875;-0.7587890625;-0.3110000193119049;-0.19500000774860382;-0.659000039100647;0.8030000329017639;-0.5470000505447388;0.1300000101327896
704539.0;0.5300000309944153;-0.7900000214576721;-0.5640000104904175;-44.1875;16.0625;-19.875;57.0;-2364.0;1003.0;183.375;54.9375;76.5;-0.02239990234375;-0.53277587890625;0.3865966796875;-0.75244140625;-0.2720000147819519;-0.242000013589859;-0.6950000524520874;0.8030000329017639;-0.5470000505447388;0.1300000101327896
704549.0;0.5700000524520874;-0.8500000238418579;-0.5940000414848328;-45.5625;20.1875;-15.0;411.0;-2300.0;856.0;182.0;54.75;78.375;-0.01318359375;-0.5401611328125;0.3875732421875;-0.74688720703125;-0.23100000619888306;-0.2970000207424164;-0.7070000171661377;0.8010000586509705;-0.5530000329017639;0.11300000548362732
704559.0;0.5660000443458557;-0.8670000433921814;-0.6430000066757202;-45.5625;20.1875;-15.0;774.0;-2155.0;776.0;180.5;54.5625;79.8125;-0.00347900390625;-0.547119140625;0.38690185546875;-0.7423095703125;-0.23200000822544098;-0.30800002813339233;-0.7430000305175781;0.7990000247955322;-0.5590000152587891;0.10000000149011612
704563.0;0.562000036239624;-0.8560000658035278;-0.6540000438690186;-45.5625;20.1875;-15.0;1084.0;-2031.0;660.0;179.0;54.375;80.9375;0.00640869140625;-0.55364990234375;0.384521484375;-0.73858642578125;-0.23400001227855682;-0.29200002551078796;-0.7430000305175781;0.7970000505447388;-0.5640000104904175;0.08900000154972076
704573.0;0.5730000138282776;-0.8340000510215759;-0.6460000276565552;-45.5625;20.1875;-15.0;1294.0;-1959.0;519.0;177.4375;54.25;81.875;0.01617431640625;-0.5601806640625;0.38092041015625;-0.73541259765625;-0.22200001776218414;-0.26600000262260437;-0.7260000109672546;0.7950000166893005;-0.5670000314712524;0.08000000566244125
704583.0;0.6010000109672546;-0.8090000152587891;-0.5640000104904175;-45.5625;20.1875;-15.0;1348.0;-1833.0;415.0;176.0;54.125;82.625;0.02545166015625;-0.5662841796875;0.376708984375;-0.73260498046875;-0.19300000369548798;-0.23900000751018524;-0.6370000243186951;0.7940000295639038;-0.5690000057220459;0.07300000637769699
704593.0;0.5830000042915344;-0.8060000538825989;-0.5139999985694885;-44.375;21.0;-8.25;1227.0;-1699.0;301.0;174.6875;54.0625;83.3125;0.03369140625;-0.57208251953125;0.37261962890625;-0.72991943359375;-0.21000000834465027;-0.23500001430511475;-0.581000030040741;0.7940000295639038;-0.5710000395774841;0.06599999964237213
704601.0;0.5580000281333923;-0.8300000429153442;-0.49400001764297485;-44.375;21.0;-8.25;1024.0;-1527.0;203.0;173.5625;54.0625;84.0;0.04058837890625;-0.57733154296875;0.3690185546875;-0.72723388671875;-0.23500001430511475;-0.2580000162124634;-0.5540000200271606;0.7940000295639038;-0.5720000267028809;0.05900000408291817
704611.0;0.5370000004768372;-0.8420000672340393;-0.5240000486373901;-44.375;21.0;-8.25;898.0;-1373.0;150.0;172.625;54.0625;84.625;0.04656982421875;-0.58209228515625;0.36572265625;-0.7247314453125;-0.25600001215934753;-0.26900002360343933;-0.578000009059906;0.7940000295639038;-0.5720000267028809;0.05300000309944153
704621.0;0.5300000309944153;-0.8210000395774841;-0.5360000133514404;-44.375;21.0;-8.25;901.0;-1230.0;116.0;171.6875;54.0625;85.125;0.0521240234375;-0.58636474609375;0.3623046875;-0.72265625;-0.2630000114440918;-0.24700000882148743;-0.5850000381469727;0.7940000295639038;-0.5730000138282776;0.04800000041723251
704631.0;0.51500004529953;-0.8030000329017639;-0.5300000309944153;-44.375;21.0;-8.25;950.0;-1075.0;69.0;170.875;54.0625;85.4375;0.05743408203125;-0.59002685546875;0.35858154296875;-0.7210693359375;-0.27800002694129944;-0.2290000170469284;-0.5760000348091125;0.7940000295639038;-0.5730000138282776;0.04500000178813934
704641.0;0.5090000033378601;-0.7920000553131104;-0.5260000228881836;-45.5;22.5;-5.75;950.0;-923.0;21.0;170.125;54.0625;85.625;0.06219482421875;-0.59320068359375;0.354736328125;-0.719970703125;-0.2840000092983246;-0.21800000965595245;-0.5700000524520874;0.7940000295639038;-0.5730000138282776;0.0430000014603138
704651.0;0.3890000283718109;-0.7130000591278076;-0.5840000510215759;-45.5;22.5;-5.75;924.0;-769.0;-23.0;169.4375;54.125;85.6875;0.06646728515625;-0.59588623046875;0.35089111328125;-0.71929931640625;-0.4050000309944153;-0.14000000059604645;-0.6270000338554382;0.7940000295639038;-0.5720000267028809;0.04200000315904617
704653.0;0.3890000283718109;-0.7130000591278076;-0.5840000510215759;-45.5;22.5;-5.75;924.0;-769.0;-23.0;169.4375;54.125;85.6875;0.06646728515625;-0.59588623046875;0.35089111328125;-0.71929931640625;-0.4050000309944153;-0.14000000059604645;-0.6270000338554382;0.7940000295639038;-0.5720000267028809;0.04200000315904617
704663.0;0.7470000386238098;-0.6720000505447388;-0.5570000410079956;-45.5;22.5;-5.75;565.0;-758.0;302.0;168.6875;54.0;86.0;0.07073974609375;-0.59796142578125;0.34942626953125;-0.71783447265625;-0.04500000178813934;-0.09700000286102295;-0.597000002861023;0.7930000424385071;-0.5740000009536743;0.039000000804662704
704673.0;0.7470000386238098;-0.6720000505447388;-0.5570000410079956;-45.5;22.5;-5.75;-8.0;-465.0;-384.0;168.8125;54.25;86.375;0.0701904296875;-0.6004638671875;0.3480224609375;-0.71649169921875;-0.09700000286102295;-0.15400001406669617;-0.5290000438690186;0.7950000166893005;-0.5710000395774841;0.03500000014901161
704683.0;0.6980000138282776;-0.7250000238418579;-0.4930000305175781;-45.5;22.5;-5.75;-156.0;62.0;-304.0;169.0625;54.375;86.375;0.06842041015625;-0.600830078125;0.34771728515625;-0.716552734375;-0.3290000259876251;-0.2939999997615814;-0.527999997138977;0.7970000505447388;-0.5690000057220459;0.03500000014901161
704693.0;0.46800002455711365;-0.8630000352859497;-0.492000013589859;-45.5;22.5;-5.75;-118.0;152.0;37.0;169.125;54.375;86.3125;0.06787109375;-0.6002197265625;0.34832763671875;-0.716796875;-0.37300002574920654;-0.18200001120567322;-0.49400001764297485;0.7970000505447388;-0.5690000057220459;0.036000002175569534
704703.0;0.4240000247955322;-0.7520000338554382;-0.4580000340938568;-45.5;22.75;-5.75;-171.0;54.0;193.0;169.125;54.25;86.4375;0.0679931640625;-0.5997314453125;0.349609375;-0.716552734375;-0.27400001883506775;-0.10000000149011612;-0.46400001645088196;0.796000063419342;-0.5710000395774841;0.03500000014901161
704706.0;0.4240000247955322;-0.7520000338554382;-0.4580000340938568;-45.5;22.75;-5.75;-171.0;54.0;193.0;169.125;54.25;86.4375;0.0679931640625;-0.5997314453125;0.349609375;-0.716552734375;-0.27400001883506775;-0.10000000149011612;-0.46400001645088196;0.796000063419342;-0.5710000395774841;0.03500000014901161
704716.0;0.5210000276565552;-0.6710000038146973;-0.4280000329017639;-45.5;22.75;-5.75;-424.0;152.0;203.0;169.25;54.125;86.5625;0.067138671875;-0.59893798828125;0.3519287109375;-0.7161865234375;-0.2580000162124634;-0.08700000494718552;-0.4400000274181366;0.7940000295639038;-0.5730000138282776;0.03400000184774399
704726.0;0.5360000133514404;-0.6600000262260437;-0.4050000309944153;-45.5;22.75;-5.75;-641.0;328.0;30.0;169.6875;54.125;86.6875;0.0645751953125;-0.59783935546875;0.35455322265625;-0.71600341796875;-0.3360000252723694;-0.15800000727176666;-0.41700002551078796;0.7940000295639038;-0.5730000138282776;0.032999999821186066
704736.0;0.4580000340938568;-0.7310000061988831;-0.3840000033378601;-45.5;22.75;-5.75;-665.0;393.0;-119.0;170.1875;54.1875;86.75;0.06134033203125;-0.5968017578125;0.3568115234375;-0.716064453125;-0.3450000286102295;-0.16100001335144043;-0.42100003361701965;0.7950000166893005;-0.5720000267028809;0.03200000151991844
704746.0;0.4490000307559967;-0.734000027179718;-0.3880000114440918;-45.5;22.75;-5.75;-665.0;393.0;-119.0;170.1875;54.1875;86.75;0.06134033203125;-0.5968017578125;0.3568115234375;-0.716064453125;-0.33100003004074097;-0.16100001335144043;-0.4180000126361847;0.7950000166893005;-0.5710000395774841;0.03200000151991844
704756.0;0.46400001645088196;-0.7330000400543213;-0.38600000739097595;-45.75;22.75;-3.25;-530.0;341.0;-136.0;170.625;54.25;86.75;0.056640625;-0.59515380859375;0.35986328125;-0.71630859375;-0.3050000071525574;-0.14000000059604645;-0.40800002217292786;0.796000063419342;-0.5710000395774841;0.03100000135600567
704756.0;0.46400001645088196;-0.7330000400543213;-0.38600000739097595;-45.75;22.75;-3.25;-530.0;341.0;-136.0;170.625;54.25;86.75;0.056640625;-0.59515380859375;0.35986328125;-0.71630859375;-0.3050000071525574;-0.14000000059604645;-0.40800002217292786;0.796000063419342;-0.5710000395774841;0.03100000135600567
704766.0;0.49000000953674316;-0.7120000123977661;-0.3760000169277191;-45.75;22.75;-3.25;-281.0;213.0;91.0;171.0625;54.1875;86.75;0.0556640625;-0.59423828125;0.36126708984375;-0.7164306640625;-0.2510000169277191;-0.12000000476837158;-0.43700000643730164;0.7950000166893005;-0.5720000267028809;0.03200000151991844
704776.0;0.5430000424385071;-0.6920000314712524;-0.4050000309944153;-45.75;22.75;-3.25;-207.0;204.0;152.0;171.1875;54.0625;86.75;0.05523681640625;-0.59326171875;0.36260986328125;-0.71661376953125;-0.20600001513957977;-0.15300001204013824;-0.4480000138282776;0.7940000295639038;-0.5730000138282776;0.03200000151991844
704786.0;0.5870000123977661;-0.7270000576972961;-0.41600000858306885;-45.75;22.75;-3.25;-207.0;204.0;152.0;171.1875;54.0;86.625;0.05487060546875;-0.5921630859375;0.3634033203125;-0.71710205078125;-0.16700001060962677;-0.1720000058412552;-0.4440000355243683;0.7930000424385071;-0.5740000009536743;0.032999999821186066
704796.0;0.6260000467300415;-0.7470000386238098;-0.4100000262260437;-45.75;22.75;-3.25;-99.0;233.0;118.0;171.1875;54.0;86.625;0.05487060546875;-0.5921630859375;0.3634033203125;-0.71710205078125;-0.16700001060962677;-0.1720000058412552;-0.4440000355243683;0.7930000424385071;-0.5740000009536743;0.032999999821186066
704806.0;0.6860000491142273;-0.7490000128746033;-0.4050000309944153;-44.25;22.75;-5.375;-34.0;268.0;21.0;171.3125;54.0;86.375;0.05438232421875;-0.59112548828125;0.36370849609375;-0.7178955078125;-0.10700000822544098;-0.17400000989437103;-0.4410000145435333;0.7930000424385071;-0.5750000476837158;0.03500000014901161
704808.0;0.6860000491142273;-0.7490000128746033;-0.4050000309944153;-44.25;22.75;-5.375;-34.0;268.0;21.0;171.3125;54.0;86.375;0.05438232421875;-0.59112548828125;0.36370849609375;-0.7178955078125;-0.10700000822544098;-0.17400000989437103;-0.4410000145435333;0.7930000424385071;-0.5750000476837158;0.03500000014901161
704818.0;0.718000054359436;-0.8570000529289246;-0.3850000202655792;-44.25;22.75;-5.375;-14.0;400.0;-203.0;172.0;54.3125;85.5;0.0504150390625;-0.58843994140625;0.362060546875;-0.72119140625;-0.11000000685453415;-0.1940000057220459;-0.4350000321865082;0.796000063419342;-0.5700000524520874;0.04400000348687172
704828.0;0.6860000491142273;-0.76500004529953;-0.39000001549720764;-44.25;22.75;-5.375;47.0;593.0;-361.0;172.4375;54.5;84.875;0.04742431640625;-0.5865478515625;0.36090087890625;-0.72344970703125;-0.1120000034570694;-0.14900000393390656;-0.4220000207424164;0.7980000376701355;-0.5660000443458557;0.05000000074505806
704838.0;0.6850000619888306;-0.7150000333786011;-0.3720000088214874;-44.25;22.75;-5.375;-6.0;700.0;-429.0;172.4375;54.5;84.875;0.04339599609375;-0.58453369140625;0.35955810546875;-0.72607421875;-0.09200000762939453;-0.17600001394748688;-0.4240000247955322;0.8010000586509705;-0.5610000491142273;0.0560000017285347
704841.0;0.7090000510215759;-0.737000048160553;-0.367000013589859;-44.25;22.75;-5.375;-65.0;834.0;-584.0;173.125;54.8125;84.1875;0.04339599609375;-0.58453369140625;0.35955810546875;-0.72607421875;-0.09200000762939453;-0.17600001394748688;-0.4240000247955322;0.8010000586509705;-0.5610000491142273;0.0560000017285347
704851.0;0.6740000247955322;-0.7680000066757202;-0.3890000283718109;-45.0625;22.5;-6.1875;-158.0;979.0;-642.0;173.875;55.125;83.375;0.03857421875;-0.58197021484375;0.3583984375;-0.72894287109375;-0.1300000101327896;-0.2120000123977661;-0.453000009059906;0.8040000200271606;-0.5560000538825989;0.06400000303983688
704861.0;0.6680000424385071;-0.7750000357627869;-0.3890000283718109;-45.0625;22.5;-6.1875;-258.0;1053.0;-506.0;174.6875;55.375;82.5625;0.029296875;-0.575439453125;0.3580322265625;-0.73468017578125;-0.12200000882148743;-0.25600001215934753;-0.49800002574920654;0.8080000281333923;-0.5490000247955322;0.07900000363588333
704871.0;0.6850000619888306;-0.8050000667572021;-0.4180000126361847;-45.0625;22.5;-6.1875;-278.0;1116.0;-415.0;175.375;55.5;81.6875;0.02471923828125;-0.57159423828125;0.35772705078125;-0.738037109375;-0.09800000488758087;-0.3140000104904175;-0.5910000205039978;0.8100000619888306;-0.5450000166893005;0.08800000697374344
704876.0;0.6850000619888306;-0.8050000667572021;-0.4180000126361847;-45.0625;22.5;-6.1875;-278.0;1116.0;-415.0;175.375;55.5;81.6875;0.02471923828125;-0.57159423828125;0.35772705078125;-0.738037109375;-0.09800000488758087;-0.3140000104904175;-0.5910000205039978;0.8100000619888306;-0.5450000166893005;0.08800000697374344
704886.0;0.7110000252723694;-0.8600000143051147;-0.5020000338554382;-45.0625;22.5;-6.1875;-202.0;1206.0;-427.0;176.125;55.6875;80.6875;0.02001953125;-0.5675048828125;0.35662841796875;-0.74188232421875;-0.09700000286102295;-0.33800002932548523;-0.609000027179718;0.8110000491142273;-0.5410000085830688;0.0990000069141388
704896.0;0.7140000462532043;-0.8790000677108765;-0.5090000033378601;-45.0625;22.5;-6.1875;-76.0;1302.0;-522.0;176.875;55.8125;79.5625;0.02001953125;-0.5675048828125;0.35662841796875;-0.74188232421875;-0.09700000286102295;-0.33800002932548523;-0.609000027179718;0.8110000491142273;-0.5410000085830688;0.0990000069141388
704906.0;0.690000057220459;-0.8520000576972961;-0.484000027179718;-46.1875;20.5625;-8.25;71.0;1410.0;-668.0;177.6875;56.0625;78.125;0.01495361328125;-0.563232421875;0.35443115234375;-0.74627685546875;-0.12300000339746475;-0.31700000166893005;-0.5960000157356262;0.8130000233650208;-0.5350000262260437;0.1120000034570694
704908.0;0.690000057220459;-0.8520000576972961;-0.484000027179718;-46.1875;20.5625;-8.25;71.0;1410.0;-668.0;177.6875;56.0625;78.125;0.01495361328125;-0.563232421875;0.35443115234375;-0.74627685546875;-0.12300000339746475;-0.31700000166893005;-0.5960000157356262;0.8130000233650208;-0.5350000262260437;0.1120000034570694
704918.0;0.6540000438690186;-0.8030000329017639;-0.47200003266334534;-46.1875;20.5625;-8.25;165.0;1542.0;-797.0;178.5625;56.3125;76.5;0.0093994140625;-0.55859375;0.3515625;-0.751220703125;-0.23600001633167267;-0.24700000882148743;-0.6040000319480896;0.8190000653266907;-0.5200000405311584;0.14100000262260437
704928.0;0.5820000171661377;-0.7670000195503235;-0.4620000123977661;-46.1875;20.5625;-8.25;174.0;1691.0;-926.0;179.5;56.625;74.6875;0.00311279296875;-0.5535888671875;0.34820556640625;-0.75653076171875;-0.2580000162124634;-0.24500000476837158;-0.612000048160553;0.8210000395774841;-0.5110000371932983;0.15800000727176666
704938.0;0.562000036239624;-0.7560000419616699;-0.453000009059906;-46.1875;20.5625;-8.25;132.0;1823.0;-1001.0;180.5625;56.875;72.75;-0.00384521484375;-0.548095703125;0.3447265625;-0.7620849609375;-0.2580000162124634;-0.24500000476837158;-0.612000048160553;0.8230000138282776;-0.5020000338554382;0.17500001192092896
704941.0;0.5630000233650208;-0.7270000576972961;-0.46000000834465027;-46.1875;20.5625;-8.25;139.0;1929.0;-998.0;181.625;57.125;70.6875;-0.010986328125;-0.5421142578125;0.34124755859375;-0.767822265625;-0.2590000033378601;-0.22500000894069672;-0.6360000371932983;0.8230000138282776;-0.5020000338554382;0.17500001192092896
704951.0;0.5390000343322754;-0.7160000205039978;-0.4400000274181366;-45.0625;19.5;-10.6875;236.0;2027.0;-916.0;182.5625;57.1875;68.4375;-0.01763916015625;-0.5355224609375;0.3375244140625;-0.77392578125;-0.2850000262260437;-0.22200001776218414;-0.6350000500679016;0.8240000605583191;-0.4930000305175781;0.1940000057220459
704961.0;0.5210000276565552;-0.7240000367164612;-0.4150000214576721;-45.0625;19.5;-10.6875;357.0;2129.0;-929.0;183.5;57.25;66.0625;-0.02423095703125;-0.52850341796875;0.33319091796875;-0.78045654296875;-0.30300000309944153;-0.24000000953674316;-0.6300000548362732;0.8240000605583191;-0.484000027179718;0.2150000035762787
704971.0;0.49800002574920654;-0.690000057220459;-0.40700000524520874;-45.0625;19.5;-10.6875;603.0;2213.0;-1132.0;184.5;57.25;63.3125;-0.0311279296875;-0.5213623046875;0.32720947265625;-0.7874755859375;-0.32600000500679016;-0.21700000762939453;-0.6450000405311584;0.8250000476837158;-0.47300001978874207;0.2370000183582306
704981.0;0.46300002932548523;-0.6420000195503235;-0.3850000202655792;-45.0625;19.5;-10.6875;811.0;2283.0;-1386.0;185.5;57.375;60.3125;-0.03857421875;-0.51434326171875;0.31964111328125;-0.79486083984375;-0.3620000183582306;-0.18200001120567322;-0.6470000147819519;0.8260000348091125;-0.45900002121925354;0.26100000739097595
704991.0;0.44300001859664917;-0.5240000486373901;-0.320000022649765;-45.0625;19.5;-10.6875;931.0;2322.0;-1499.0;186.5625;57.375;57.125;-0.0462646484375;-0.50726318359375;0.3111572265625;-0.80230712890625;-0.3830000162124634;-0.08100000023841858;-0.6060000061988831;0.8260000348091125;-0.44300001859664917;0.28600001335144043
704993.0;0.44300001859664917;-0.5240000486373901;-0.320000022649765;-45.0625;19.5;-10.6875;931.0;2322.0;-1499.0;186.5625;57.375;57.125;-0.0462646484375;-0.50726318359375;0.3111572265625;-0.80230712890625;-0.3830000162124634;-0.08100000023841858;-0.6060000061988831;0.8260000348091125;-0.44300001859664917;0.28600001335144043
705003.0;0.4440000355243683;-0.484000027179718;-0.29200002551078796;-45.0625;17.5625;-13.875;919.0;2361.0;-1531.0;187.625;57.375;53.9375;-0.05413818359375;-0.49993896484375;0.30255126953125;-0.8096923828125;-0.38100001215934753;-0.05700000375509262;-0.6030000448226929;0.8260000348091125;-0.4270000159740448;0.3100000023841858
705013.0;0.4240000247955322;-0.47700002789497375;-0.2760000228881836;-45.0625;17.5625;-13.875;893.0;2431.0;-1561.0;188.6875;57.1875;50.6875;-0.0623779296875;-0.49224853515625;0.29388427734375;-0.81695556640625;-0.39900001883506775;-0.06700000166893005;-0.612000048160553;0.8240000605583191;-0.4100000262260437;0.3360000252723694
705023.0;0.4090000092983246;-0.47200003266334534;-0.2939999997615814;-45.0625;17.5625;-13.875;949.0;2488.0;-1532.0;189.75;56.9375;47.375;-0.07037353515625;-0.484130859375;0.284912109375;-0.82427978515625;-0.41200003027915955;-0.07800000160932541;-0.656000018119812;0.8220000267028809;-0.3930000066757202;0.36100003123283386
705028.0;0.4090000092983246;-0.47200003266334534;-0.2939999997615814;-45.0625;17.5625;-13.875;949.0;2488.0;-1532.0;189.75;56.9375;47.375;-0.07037353515625;-0.484130859375;0.284912109375;-0.82427978515625;-0.41200003027915955;-0.07800000160932541;-0.656000018119812;0.8220000267028809;-0.3930000066757202;0.36100003123283386
705038.0;0.4280000329017639;-0.3720000088214874;-0.2939999997615814;-45.0625;17.5625;-13.875;1076.0;2481.0;-1520.0;190.6875;56.5625;44.125;-0.07794189453125;-0.4759521484375;0.275390625;-0.83160400390625;-0.39000001549720764;0.003000000026077032;-0.6820000410079956;0.8180000185966492;-0.3760000169277191;0.38700002431869507
705048.0;0.4580000340938568;-0.35200002789497375;-0.30300000309944153;-45.0625;17.5625;-13.875;1204.0;2425.0;-1558.0;191.5625;56.0625;40.875;-0.08526611328125;-0.468017578125;0.26513671875;-0.83868408203125;-0.35600000619888306;0.005000000353902578;-0.7160000205039978;0.8140000104904175;-0.3570000231266022;0.4130000174045563
705058.0;0.47300001978874207;-0.3500000238418579;-0.27300000190734863;-44.25;12.375;-21.375;1337.0;2450.0;-1620.0;192.4375;55.5625;37.5625;-0.092529296875;-0.4599609375;0.25408935546875;-0.84576416015625;-0.33500000834465027;-0.012000000104308128;-0.7120000123977661;0.8090000152587891;-0.3370000123977661;0.4390000104904175
705061.0;0.44300001859664917;-0.33900001645088196;-0.24700000882148743;-44.25;12.375;-21.375;1418.0;2549.0;-1646.0;193.3125;54.875;34.25;-0.099853515625;-0.451416015625;0.24249267578125;-0.8529052734375;-0.359000027179718;-0.021000001579523087;-0.7130000591278076;0.8020000457763672;-0.31700000166893005;0.4650000333786011
705071.0;0.3800000250339508;-0.2850000262260437;-0.242000013589859;-44.25;12.375;-21.375;1452.0;2653.0;-1601.0;194.125;54.0625;31.0;-0.10699462890625;-0.44219970703125;0.23065185546875;-0.860107421875;-0.4130000174045563;0.010000000707805157;-0.7350000143051147;0.7940000295639038;-0.29600000381469727;0.492000013589859
705081.0;0.3720000088214874;-0.2600000202655792;-0.23800000548362732;-44.25;12.375;-21.375;1544.0;2698.0;-1579.0;194.9375;53.125;27.8125;-0.11383056640625;-0.43267822265625;0.21844482421875;-0.86724853515625;-0.41100001335144043;0.013000000268220901;-0.7580000162124634;0.784000039100647;-0.27400001883506775;0.5190000534057617
705091.0;0.3720000088214874;-0.2600000202655792;-0.23800000548362732;-44.25;12.375;-21.375;1754.0;2706.0;-1631.0;195.625;52.0625;24.6875;-0.120361328125;-0.42315673828125;0.20501708984375;-0.87432861328125;-0.40300002694129944;-0.006000000052154064;-0.800000011920929;0.7740000486373901;-0.2510000169277191;0.5470000505447388
705092.0;0.3720000088214874;-0.2600000202655792;-0.23800000548362732;-44.25;12.375;-21.375;1754.0;2706.0;-1631.0;195.625;52.0625;24.6875;-0.120361328125;-0.42315673828125;0.20501708984375;-0.87432861328125;-0.40300002694129944;-0.006000000052154064;-0.800000011920929;0.7740000486373901;-0.2510000169277191;0.5470000505447388
705102.0;0.3700000047683716;-0.2580000162124634;-0.25300002098083496;-43.1875;7.25;-27.875;2072.0;2749.0;-1680.0;196.3125;50.9375;21.4375;-0.12646484375;-0.41351318359375;0.18988037109375;-0.8814697265625;-0.445000022649765;-0.015000000596046448;-0.8260000348091125;0.7610000371932983;-0.22500000894069672;0.5740000009536743
705112.0;0.3160000145435333;-0.2410000115633011;-0.25200000405311584;-43.1875;7.25;-27.875;2434.0;2796.0;-1694.0;196.8125;49.6875;18.0625;-0.13177490234375;-0.40374755859375;0.1729736328125;-0.888671875;-0.46700000762939453;-0.029000001028180122;-0.8560000658035278;0.7480000257492065;-0.19700001180171967;0.6020000576972961
705122.0;0.281000018119812;-0.22600001096725464;-0.2540000081062317;-43.1875;7.25;-27.875;2803.0;2840.0;-1707.0;197.25;48.375;14.6875;-0.1363525390625;-0.393798828125;0.1541748046875;-0.8958740234375;-0.4930000305175781;-0.03700000047683716;-0.8810000419616699;0.7330000400543213;-0.16500000655651093;0.6290000081062317
705127.0;0.281000018119812;-0.22600001096725464;-0.2540000081062317;-43.1875;7.25;-27.875;2803.0;2840.0;-1707.0;197.25;48.375;14.6875;-0.1363525390625;-0.393798828125;0.1541748046875;-0.8958740234375;-0.4930000305175781;-0.03700000047683716;-0.8810000419616699;0.7330000400543213;-0.16500000655651093;0.6290000081062317
705137.0;0.24000000953674316;-0.20200000703334808;-0.2510000169277191;-43.1875;7.25;-27.875;3157.0;2885.0;-1747.0;197.625;46.875;11.25;-0.140380859375;-0.38372802734375;0.13348388671875;-0.90289306640625;-0.5139999985694885;-0.05000000074505806;-0.9080000519752502;0.7160000205039978;-0.1300000101327896;0.656000018119812
705147.0;0.20100000500679016;-0.1810000091791153;-0.2510000169277191;-43.1875;7.25;-27.875;3519.0;2950.0;-1812.0;197.9375;45.3125;7.6875;-0.1439208984375;-0.3734130859375;0.11077880859375;-0.90972900390625;-0.5649999976158142;-0.06100000441074371;-0.9170000553131104;0.6970000267028809;-0.09200000762939453;0.6830000281333923
705157.0;0.13199999928474426;-0.15300001204013824;-0.23400001227855682;-43.1875;7.25;-27.875;3519.0;2950.0;-1812.0;197.9375;45.3125;7.6875;-0.14715576171875;-0.36285400390625;0.0860595703125;-0.9161376953125;-0.5700000524520874;-0.06400000303983688;-0.9100000262260437;0.6760000586509705;-0.049000002443790436;0.7070000171661377
705161.0;0.10600000619888306;-0.11400000751018524;-0.20200000703334808;-39.5;1.375;-34.0625;3882.0;3020.0;-1910.0;198.25;43.625;4.0;-0.15045166015625;-0.35174560546875;0.05963134765625;-0.9219970703125;-0.5830000042915344;-0.0560000017285347;-0.8880000710487366;0.6530000567436218;-0.004000000189989805;0.7310000061988831
705171.0;0.0690000057220459;-0.06000000238418579;-0.15700000524520874;-39.5;1.375;-34.0625;4259.0;3264.0;-2227.0;198.875;39.75;-3.375;-0.154296875;-0.33978271484375;0.03216552734375;-0.92718505859375;-0.5990000367164612;-0.04400000348687172;-0.8690000176429749;0.6270000338554382;0.04400000348687172;0.7520000338554382
705181.0;0.02800000086426735;0.0;-0.11700000613927841;-39.5;1.375;-34.0625;4191.0;3463.0;-2478.0;199.375;37.5625;-6.9375;-0.159423828125;-0.32647705078125;0.00433349609375;-0.931640625;-0.659000039100647;0.003000000026077032;-0.7770000100135803;0.597000002861023;0.09400000423192978;0.7710000276565552
705191.0;-0.06100000441074371;0.09700000286102295;-0.005000000353902578;-39.5;1.375;-34.0625;3961.0;3703.0;-2749.0;200.125;35.0625;-10.3125;-0.1661376953125;-0.3115234375;-0.02294921875;-0.935302734375;-0.7040000557899475;-0.0010000000474974513;-0.7380000352859497;0.5630000233650208;0.14300000667572021;0.7890000343322754
705201.0;-0.14000000059604645;0.1420000046491623;0.05000000074505806;-39.5;1.375;-34.0625;3961.0;3703.0;-2749.0;200.125;35.0625;-10.3125;-0.1661376953125;-0.3115234375;-0.02294921875;-0.935302734375;-0.7040000557899475;-0.0010000000474974513;-0.7380000352859497;0.5250000357627869;0.19100001454353333;0.8050000667572021
705211.0;-0.21800000965595245;0.16100001335144043;0.08900000154972076;-31.6875;-8.25;-35.75;3641.0;3926.0;-3017.0;201.0625;32.375;-13.375;-0.17449951171875;-0.2947998046875;-0.04931640625;-0.93817138671875;-0.7440000176429749;-0.029000001028180122;-0.7150000333786011;0.5250000357627869;0.19100001454353333;0.8050000667572021
705211.0;-0.21800000965595245;0.16100001335144043;0.08900000154972076;-31.6875;-8.25;-35.75;3641.0;3926.0;-3017.0;201.0625;32.375;-13.375;-0.17449951171875;-0.2947998046875;-0.04931640625;-0.93817138671875;-0.7440000176429749;-0.029000001028180122;-0.7150000333786011;0.5250000357627869;0.19100001454353333;0.8050000667572021
705221.0;-0.2900000214576721;0.15800000727176666;0.125;-31.6875;-8.25;-35.75;3305.0;4169.0;-3270.0;203.4375;26.3125;-18.5625;-0.195556640625;-0.256103515625;-0.0987548828125;-0.9415283203125;-0.8750000596046448;-0.14500001072883606;-0.6860000491142273;0.43400001525878906;0.2800000011920929;0.8320000171661377
705231.0;-0.4400000274181366;0.13500000536441803;0.14600001275539398;-31.6875;-8.25;-35.75;3005.0;4335.0;-3508.0;204.8125;23.0;-20.8125;-0.20758056640625;-0.2347412109375;-0.12225341796875;-0.94171142578125;-0.8890000581741333;-0.1990000158548355;-0.656000018119812;0.3830000162124634;0.32100000977516174;0.843000054359436
705241.0;-0.5049999952316284;0.1210000067949295;0.1860000044107437;-31.6875;-8.25;-35.75;2807.0;4461.0;-3677.0;206.3125;19.625;-22.9375;-0.22015380859375;-0.21282958984375;-0.1453857421875;-0.9407958984375;-0.8980000615119934;-0.24400001764297485;-0.6040000319480896;0.3290000259876251;0.36000001430511475;0.8500000238418579
705251.0;-0.5680000185966492;0.11500000208616257;0.24500000476837158;-31.6875;-8.25;-35.75;2727.0;4494.0;-3814.0;206.3125;19.625;-22.9375;-0.22015380859375;-0.21282958984375;-0.1453857421875;-0.9407958984375;-0.8980000615119934;-0.24400001764297485;-0.6040000319480896;0.3290000259876251;0.36000001430511475;0.8500000238418579
705261.0;-0.6910000443458557;0.18700000643730164;0.3460000157356262;-22.5;-18.6875;-39.0625;2674.0;4465.0;-3921.0;207.875;16.1875;-24.875;-0.2330322265625;-0.19061279296875;-0.16815185546875;-0.93865966796875;-0.9650000333786011;-0.20800000429153442;-0.5070000290870667;0.27400001883506775;0.3960000276565552;0.8530000448226929
705262.0;-0.6910000443458557;0.18700000643730164;0.3460000157356262;-22.5;-18.6875;-39.0625;2674.0;4465.0;-3921.0;207.875;16.1875;-24.875;-0.2330322265625;-0.19061279296875;-0.16815185546875;-0.93865966796875;-0.9650000333786011;-0.20800000429153442;-0.5070000290870667;0.27400001883506775;0.3960000276565552;0.8530000448226929
705272.0;-0.7460000514984131;0.24900001287460327;0.38200002908706665;-22.5;-18.6875;-39.0625;2588.0;4451.0;-4009.0;209.4375;12.6875;-26.6875;-0.25970458984375;-0.144775390625;-0.21185302734375;-0.93096923828125;-0.9570000171661377;-0.1550000011920929;-0.3800000250339508;0.15600000321865082;0.46000000834465027;0.8510000109672546
705282.0;-0.8010000586509705;0.3050000071525574;0.4700000286102295;-22.5;-18.6875;-39.0625;2446.0;4513.0;-4116.0;211.125;9.125;-28.375;-0.273681640625;-0.120849609375;-0.23199462890625;-0.925537109375;-0.9630000591278076;-0.11700000613927841;-0.2540000081062317;0.09400000423192978;0.48600003123283386;0.8460000157356262
705292.0;-0.8680000305175781;0.3680000305175781;0.5920000076293945;-22.5;-18.6875;-39.0625;2210.0;4495.0;-4255.0;212.9375;5.5;-29.8125;-0.28839111328125;-0.09686279296875;-0.25;-0.91925048828125;-0.9340000152587891;0.007000000216066837;-0.15000000596046448;0.032999999821186066;0.5049999952316284;0.8390000462532043
705295.0;-0.8680000305175781;0.3680000305175781;0.5920000076293945;-22.5;-18.6875;-39.0625;2210.0;4495.0;-4255.0;212.9375;5.5;-29.8125;-0.28839111328125;-0.09686279296875;-0.25;-0.91925048828125;-0.9340000152587891;0.007000000216066837;-0.15000000596046448;0.032999999821186066;0.5049999952316284;0.8390000462532043
705305.0;-0.9000000357627869;0.5120000243186951;0.6890000104904175;-22.5;-18.6875;-39.0625;1854.0;4356.0;-4369.0;214.8125;1.9375;-31.0;-0.28839111328125;-0.09686279296875;-0.25;-0.91925048828125;-0.9340000152587891;0.007000000216066837;-0.15000000596046448;0.032999999821186066;0.5049999952316284;0.8390000462532043
705315.0;-0.8830000162124634;0.5660000443458557;0.7070000171661377;-8.0;-28.6875;-37.0;1474.0;4293.0;-4404.0;216.75;-1.625;-31.9375;-0.30316162109375;-0.0723876953125;-0.2657470703125;-0.9122314453125;-0.8540000319480896;0.04800000041723251;-0.12400000542402267;-0.02800000086426735;0.5180000066757202;0.831000030040741
705325.0;-0.8650000691413879;0.5760000348091125;0.7120000123977661;-8.0;-28.6875;-37.0;1183.0;4208.0;-4288.0;218.625;-5.1875;-32.5625;-0.3172607421875;-0.0479736328125;-0.27972412109375;-0.90484619140625;-0.7100000381469727;0.012000000104308128;-0.14300000667572021;-0.14600001275539398;0.5290000438690186;0.812000036239624
705329.0;-0.8650000691413879;0.5760000348091125;0.7120000123977661;-8.0;-28.6875;-37.0;1183.0;4208.0;-4288.0;218.625;-5.1875;-32.5625;-0.3172607421875;-0.0479736328125;-0.27972412109375;-0.90484619140625;-0.7100000381469727;0.012000000104308128;-0.14300000667572021;-0.14600001275539398;0.5290000438690186;0.812000036239624
705339.0;-0.8570000529289246;0.5420000553131104;0.6690000295639038;-8.0;-28.6875;-37.0;1000.0;4080.0;-4047.0;220.375;-8.5625;-33.0625;-0.3302001953125;-0.024169921875;-0.29217529296875;-0.897216796875;-0.7250000238418579;-0.13199999928474426;-0.046000003814697266;-0.20100000500679016;0.531000018119812;0.7990000247955322
705349.0;-0.9270000457763672;0.398000031709671;0.753000020980835;-8.0;-28.6875;-37.0;957.0;3987.0;-3790.0;222.0;-11.875;-33.5625;-0.34173583984375;-0.0010986328125;-0.30401611328125;-0.8892822265625;-0.7250000238418579;-0.13199999928474426;-0.046000003814697266;-0.25300002098083496;0.531000018119812;0.784000039100647
705359.0;-1.0130000114440918;0.3840000033378601;0.8670000433921814;-8.0;-28.6875;-37.0;1020.0;3831.0;-3546.0;223.5625;-14.9375;-34.0625;-0.35205078125;0.02069091796875;-0.31561279296875;-0.88092041015625;-0.7600000500679016;-0.1469999998807907;0.08300000429153442;-0.25300002098083496;0.531000018119812;0.784000039100647
705363.0;-1.0910000801086426;0.40300002694129944;0.9350000619888306;8.375;-31.0;-34.875;1069.0;3596.0;-3304.0;225.0;-17.875;-34.5625;-0.3614501953125;0.04095458984375;-0.32684326171875;-0.87225341796875;-0.7890000343322754;-0.12600000202655792;0.16700001060962677;-0.30100002884864807;0.5300000309944153;0.7670000195503235
705373.0;-1.1350001096725464;0.44700002670288086;0.9970000386238098;8.375;-31.0;-34.875;1059.0;3481.0;-3129.0;226.375;-20.6875;-35.125;-0.36993408203125;0.060302734375;-0.33758544921875;-0.86346435546875;-0.7880000472068787;-0.08000000566244125;0.24700000882148743;-0.34700000286102295;0.5270000100135803;0.7500000596046448
705383.0;-1.162000060081482;0.6140000224113464;1.0700000524520874;8.375;-31.0;-34.875;962.0;3387.0;-3039.0;227.6875;-23.4375;-35.5625;-0.37799072265625;0.07928466796875;-0.34747314453125;-0.8544921875;-0.7720000147819519;0.09100000560283661;0.33900001645088196;-0.39000001549720764;0.5230000019073486;0.7310000061988831
705393.0;-1.1490000486373901;0.6710000038146973;1.0780000686645508;8.375;-31.0;-34.875;731.0;3312.0;-3069.0;229.0625;-26.125;-35.875;-0.38592529296875;0.098388671875;-0.35601806640625;-0.8453369140625;-0.7160000205039978;0.1550000011920929;0.36500000953674316;-0.4320000112056732;0.51500004529953;0.7130000591278076
705398.0;-1.1490000486373901;0.6710000038146973;1.0780000686645508;8.375;-31.0;-34.875;731.0;3312.0;-3069.0;229.0625;-26.125;-35.875;-0.38592529296875;0.098388671875;-0.35601806640625;-0.8453369140625;-0.7160000205039978;0.1550000011920929;0.36500000953674316;-0.4320000112056732;0.51500004529953;0.7130000591278076
705408.0;-1.1480000019073486;0.6790000200271606;1.093000054359436;8.375;-31.0;-34.875;399.0;3290.0;-3165.0;230.4375;-28.875;-35.875;-0.39398193359375;0.1181640625;-0.36273193359375;-0.83624267578125;-0.6730000376701355;0.17500001192092896;0.398000031709671;-0.4740000367164612;0.503000020980835;0.6950000524520874
705418.0;-0.9540000557899475;0.6180000305175781;1.0010000467300415;20.5625;-31.0;-30.5;-51.0;3282.0;-3104.0;231.6875;-31.5625;-35.625;-0.4012451171875;0.138671875;-0.3673095703125;-0.82757568359375;-0.4400000274181366;0.13100001215934753;0.32200002670288086;-0.5139999985694885;0.4870000183582306;0.6780000329017639
705428.0;-1.2420001029968262;0.5460000038146973;0.8600000143051147;20.5625;-31.0;-30.5;-587.0;3346.0;-3084.0;232.875;-34.3125;-35.0625;-0.40765380859375;0.16046142578125;-0.36944580078125;-0.81951904296875;-0.6890000104904175;0.08100000023841858;0.1980000138282776;-0.5530000329017639;0.4650000333786011;0.6620000600814819
705435.0;-1.2470000982284546;0.40400001406669617;0.8740000128746033;20.5625;-31.0;-30.5;-1094.0;3506.0;-4198.0;234.5625;-37.5;-33.75;-0.41790771484375;0.18609619140625;-0.3685302734375;-0.80926513671875;-0.6500000357627869;-0.02800000086426735;0.22800001502037048;-0.597000002861023;0.4320000112056732;0.6460000276565552
705445.0;-1.2540000677108765;0.34200000762939453;0.9660000205039978;20.5625;-31.0;-30.5;-1327.0;3466.0;-4519.0;236.5;-40.75;-32.0;-0.428955078125;0.2125244140625;-0.36590576171875;-0.798095703125;-0.6140000224113464;-0.05100000277161598;0.3360000252723694;-0.64000004529953;0.3930000066757202;0.6290000081062317
705455.0;-1.2950000762939453;0.2590000033378601;0.9580000638961792;20.5625;-31.0;-30.5;-1732.0;3364.0;-4409.0;238.25;-43.875;-29.8125;-0.4388427734375;0.239013671875;-0.36114501953125;-0.78729248046875;-0.6150000095367432;-0.09100000560283661;0.3450000286102295;-0.6790000200271606;0.35100001096725464;0.612000048160553
705465.0;-1.4160000085830688;0.13500000536441803;0.8920000195503235;31.5;-27.0;-26.375;-1619.0;3433.0;-4147.0;239.875;-46.875;-27.625;-0.44732666015625;0.26483154296875;-0.35693359375;-0.776123046875;-0.7000000476837158;-0.17500001192092896;0.2990000247955322;-0.7160000205039978;0.3110000193119049;0.593000054359436
705468.0;-1.4160000085830688;0.13500000536441803;0.8920000195503235;31.5;-27.0;-26.375;-1619.0;3433.0;-4147.0;239.875;-46.875;-27.625;-0.44732666015625;0.26483154296875;-0.35693359375;-0.776123046875;-0.7000000476837158;-0.17500001192092896;0.2990000247955322;-0.7160000205039978;0.3110000193119049;0.593000054359436
705478.0;-1.5470000505447388;0.13500000536441803;0.8160000443458557;31.5;-27.0;-26.375;-1135.0;3435.0;-3708.0;241.4375;-49.75;-25.75;-0.45428466796875;0.2884521484375;-0.3551025390625;-0.764404296875;-0.7980000376701355;-0.13900001347064972;0.24500000476837158;-0.7480000257492065;0.2750000059604645;0.5700000524520874
705488.0;-1.6450001001358032;0.17100000381469727;0.7320000529289246;31.5;-27.0;-26.375;-877.0;3391.0;-3606.0;243.0;-52.5;-23.8125;-0.46099853515625;0.3109130859375;-0.35406494140625;-0.751953125;-0.8660000562667847;-0.0690000057220459;0.18700000643730164;-0.7780000567436218;0.2410000115633011;0.5450000166893005
705498.0;-1.6080000400543213;-0.19500000774860382;0.7470000386238098;31.5;-27.0;-26.375;-225.0;3326.0;-3757.0;244.875;-55.25;-21.875;-0.4691162109375;0.33154296875;-0.35498046875;-0.737548828125;-0.8020000457763672;-0.40300002694129944;0.2290000170469284;-0.8060000538825989;0.20800000429153442;0.5170000195503235
705501.0;-1.5820000171661377;-0.15700000524520874;0.7950000166893005;31.5;-27.0;-26.375;1209.0;3223.0;-3407.0;247.0625;-57.8125;-20.8125;-0.47833251953125;0.347412109375;-0.361572265625;-0.720947265625;-0.7520000338554382;-0.34200000762939453;0.30800002813339233;-0.8300000429153442;0.1850000023841858;0.4870000183582306
705511.0;-1.5820000171661377;-0.15700000524520874;0.7950000166893005;40.6875;-16.5625;-21.0625;2774.0;3076.0;-2706.0;249.5;-60.1875;-21.0;-0.4876708984375;0.35711669921875;-0.37481689453125;-0.70294189453125;-0.7120000123977661;-0.1120000034570694;0.3700000047683716;-0.8500000238418579;0.17500001192092896;0.4540000259876251
705521.0;-1.5630000829696655;0.06300000101327896;0.8250000476837158;40.6875;-16.5625;-21.0625;4079.0;2908.0;-2264.0;252.125;-62.3125;-22.375;-0.497802734375;0.36175537109375;-0.39300537109375;-0.68328857421875;-0.7310000061988831;0.37700000405311584;0.4180000126361847;-0.8680000305175781;0.1730000078678131;0.42100003361701965
705531.0;-1.600000023841858;0.5509999990463257;0.8390000462532043;40.6875;-16.5625;-21.0625;4817.0;2747.0;-2176.0;255.0625;-64.375;-24.1875;-0.5089111328125;0.36334228515625;-0.41326904296875;-0.6619873046875;-0.7710000276565552;0.5600000023841858;0.445000022649765;-0.8840000629425049;0.1730000078678131;0.38600000739097595
705534.0;-1.600000023841858;0.5509999990463257;0.8390000462532043;40.6875;-16.5625;-21.0625;4817.0;2747.0;-2176.0;255.0625;-64.375;-24.1875;-0.5089111328125;0.36334228515625;-0.41326904296875;-0.6619873046875;-0.7710000276565552;0.5600000023841858;0.445000022649765;-0.8840000629425049;0.1730000078678131;0.38600000739097595
705544.0;-1.65500009059906;0.734000027179718;0.831000030040741;40.6875;-16.5625;-21.0625;4744.0;2569.0;-2251.0;258.125;-66.3125;-25.8125;-0.52001953125;0.36431884765625;-0.43218994140625;-0.640380859375;-0.7830000519752502;0.6970000267028809;0.4570000171661377;-0.8980000615119934;0.17100000381469727;0.3530000150203705
705554.0;-1.6810001134872437;0.8690000176429749;0.8110000491142273;40.6875;-16.5625;-21.0625;4041.0;2385.0;-2507.0;261.125;-68.3125;-26.5;-0.53057861328125;0.36688232421875;-0.44744873046875;-0.61944580078125;-0.7400000095367432;0.7280000448226929;0.43800002336502075;-0.9110000729560852;0.16100001335144043;0.3240000009536743
705564.0;-1.652000069618225;0.89000004529953;0.7620000243186951;40.6875;-16.5625;-21.0625;4041.0;2385.0;-2507.0;261.125;-68.3125;-26.5;-0.5372314453125;0.372802734375;-0.45477294921875;-0.60467529296875;-0.578000009059906;0.578000009059906;0.3660000264644623;-0.921000063419342;0.14600001275539398;0.3020000159740448
705569.0;-1.652000069618225;0.89000004529953;0.7620000243186951;40.6875;-16.5625;-21.0625;4041.0;2385.0;-2507.0;261.125;-68.3125;-26.5;-0.5372314453125;0.372802734375;-0.45477294921875;-0.60467529296875;-0.578000009059906;0.578000009059906;0.3660000264644623;-0.921000063419342;0.14600001275539398;0.3020000159740448
705579.0;-1.499000072479248;0.7240000367164612;0.6680000424385071;46.6875;-14.0;-12.375;1976.0;1900.0;-2251.0;263.1875;-69.9375;-25.8125;-0.54364013671875;0.37860107421875;-0.46197509765625;-0.58966064453125;-0.484000027179718;0.5100000500679016;0.3630000054836273;-0.9300000667572021;0.1300000101327896;0.2800000011920929
705589.0;-1.4140000343322754;0.6410000324249268;0.6440000534057617;46.6875;-14.0;-12.375;1190.0;1830.0;-2172.0;267.0625;-73.125;-23.25;-0.5482177734375;0.3861083984375;-0.466552734375;-0.5767822265625;-0.40700000524520874;0.45500001311302185;0.3540000021457672;-0.9380000233650208;0.1120000034570694;0.26100000739097595
705599.0;-1.3450000286102295;0.5680000185966492;0.6150000095367432;46.6875;-14.0;-12.375;912.0;1769.0;-2175.0;268.6875;-74.5625;-21.0;-0.55230712890625;0.3941650390625;-0.46990966796875;-0.5645751953125;-0.35200002789497375;0.36500000953674316;0.36000001430511475;-0.9450000524520874;0.09300000220537186;0.242000013589859
705606.0;-1.2980000972747803;0.45900002121925354;0.6030000448226929;46.6875;-14.0;-12.375;979.0;1804.0;-2261.0;270.4375;-76.0625;-18.0625;-0.5565185546875;0.40228271484375;-0.47332763671875;-0.5517578125;-0.38100001215934753;0.2880000174045563;0.36900001764297485;-0.9510000348091125;0.07300000637769699;0.22300000488758087
705616.0;-1.3330000638961792;0.36100003123283386;0.593000054359436;46.6875;-14.0;-12.375;979.0;1804.0;-2261.0;270.4375;-76.0625;-18.0625;-0.5565185546875;0.40228271484375;-0.47332763671875;-0.5517578125;-0.5130000114440918;0.1900000125169754;0.3710000216960907;-0.9570000171661377;0.058000002056360245;0.20100000500679016
705626.0;-1.471000075340271;0.24800001084804535;0.5730000138282776;49.875;-8.0625;-6.6875;1935.0;2052.0;-1898.0;272.5;-77.625;-16.125;-0.5609130859375;0.4072265625;-0.48089599609375;-0.536865234375;-0.5130000114440918;0.1900000125169754;0.3710000216960907;-0.9610000252723694;0.06100000441074371;0.18200001120567322
705636.0;-1.4890000820159912;0.06700000166893005;0.4790000319480896;49.875;-8.0625;-6.6875;3065.0;1726.0;-274.0;275.875;-79.6875;-24.0;-0.5660400390625;0.39697265625;-0.51104736328125;-0.5107421875;-0.6890000104904175;0.35100001096725464;0.29600000381469727;-0.9650000333786011;0.07100000232458115;0.15900000929832458
705641.0;-1.6540000438690186;0.4220000207424164;0.45500001311302185;49.875;-8.0625;-6.6875;3857.0;1998.0;235.0;276.6875;-79.75;-36.0;-0.56494140625;0.38104248046875;-0.53204345703125;-0.5025634765625;-0.5570000410079956;0.23100000619888306;0.23800000548362732;-0.9650000333786011;0.10200000554323196;0.14000000059604645
705651.0;-1.5220000743865967;0.3330000042915344;0.3790000081062317;49.875;-8.0625;-6.6875;4458.0;1434.0;2359.0;277.9375;-79.5625;-47.1875;-0.5653076171875;0.36395263671875;-0.55328369140625;-0.49169921875;-0.5080000162124634;0.34700000286102295;0.23800000548362732;-0.9640000462532043;0.1300000101327896;0.12000000476837158
705661.0;-1.4720001220703125;0.47700002789497375;0.3580000102519989;49.875;-8.0625;-6.6875;4973.0;1392.0;2053.0;277.9375;-79.5625;-47.1875;-0.5653076171875;0.36395263671875;-0.55328369140625;-0.49169921875;-0.5080000162124634;0.34700000286102295;0.23800000548362732;-0.9640000462532043;0.1300000101327896;0.12000000476837158
705671.0;-1.312000036239624;0.6210000514984131;0.2510000169277191;51.6875;-3.6875;-1.25;5502.0;1976.0;628.0;280.375;-80.0;-57.0625;-0.5682373046875;0.3507080078125;-0.57440185546875;-0.47344970703125;-0.3460000157356262;0.4780000150203705;0.15900000929832458;-0.9650000333786011;0.1420000046491623;0.09200000762939453
705675.0;-1.312000036239624;0.6210000514984131;0.2510000169277191;51.6875;-3.6875;-1.25;5502.0;1976.0;628.0;280.375;-80.0;-57.0625;-0.5682373046875;0.3507080078125;-0.57440185546875;-0.47344970703125;-0.3460000157356262;0.4780000150203705;0.15900000929832458;-0.9650000333786011;0.1420000046491623;0.09200000762939453
705685.0;-1.2370001077651978;0.7760000228881836;0.125;51.6875;-3.6875;-1.25;5283.0;2452.0;90.0;283.0;-80.625;-68.125;-0.5699462890625;0.33160400390625;-0.6151123046875;-0.43218994140625;-0.3400000035762787;0.5680000185966492;0.036000002175569534;-0.968000054359436;0.15000000596046448;0.02200000174343586
705695.0;-1.309000015258789;0.7190000414848328;0.05900000408291817;51.6875;-3.6875;-1.25;5039.0;2774.0;80.0;285.625;-81.0;-81.3125;-0.56829833984375;0.3232421875;-0.63507080078125;-0.411376953125;-0.39000001549720764;0.5220000147819519;0.10900000482797623;-0.968000054359436;0.15200001001358032;-0.015000000596046448
705705.0;-1.3590000867843628;0.6740000247955322;0.09400000423192978;51.6875;-3.6875;-1.25;4855.0;2967.0;116.0;288.1875;-81.0;-95.6875;-0.5660400390625;0.3175048828125;-0.65283203125;-0.39068603515625;-0.406000018119812;0.5710000395774841;0.21000000834465027;-0.968000054359436;0.1469999998807907;-0.052000001072883606
705708.0;-1.3590000867843628;0.6740000247955322;0.09400000423192978;51.6875;-3.6875;-1.25;4855.0;2967.0;116.0;288.1875;-81.0;-95.6875;-0.5660400390625;0.3175048828125;-0.65283203125;-0.39068603515625;-0.406000018119812;0.5710000395774841;0.21000000834465027;-0.968000054359436;0.1469999998807907;-0.052000001072883606
705718.0;-1.374000072479248;0.7190000414848328;0.15700000524520874;51.6875;-3.6875;-1.25;4357.0;3007.0;-280.0;290.75;-80.75;-109.6875;-0.5660400390625;0.3175048828125;-0.65283203125;-0.39068603515625;-0.406000018119812;0.5710000395774841;0.21000000834465027;-0.968000054359436;0.1469999998807907;-0.052000001072883606
705728.0;-1.343000054359436;0.8160000443458557;0.2990000247955322;51.25;-6.6875;6.5625;3902.0;2920.0;-968.0;293.5625;-80.5;-123.25;-0.5643310546875;0.31512451171875;-0.667724609375;-0.36932373046875;-0.3760000169277191;0.6810000538825989;0.3880000114440918;-0.9670000672340393;0.1340000033378601;-0.08800000697374344
705738.0;-1.3320000171661377;0.7600000500679016;0.3050000071525574;51.25;-6.6875;6.5625;3635.0;2765.0;-1465.0;296.625;-80.125;-136.3125;-0.56329345703125;0.314697265625;-0.680419921875;-0.347412109375;-0.3620000183582306;0.6300000548362732;0.3760000169277191;-0.9640000462532043;0.0950000062584877;-0.15000000596046448
705743.0;-1.3270000219345093;0.7250000238418579;0.22500000894069672;51.25;-6.6875;6.5625;3343.0;2513.0;-1557.0;299.6875;-79.5;-147.75;-0.56256103515625;0.31488037109375;-0.69122314453125;-0.32647705078125;-0.22300000488758087;0.6450000405311584;0.22100001573562622;-0.9610000252723694;0.07600000500679016;-0.17500001192092896
705753.0;-1.1850000619888306;0.7210000157356262;0.046000003814697266;51.25;-6.6875;6.5625;2901.0;2154.0;-1398.0;302.5;-78.75;-156.5625;-0.561767578125;0.31500244140625;-0.70013427734375;-0.30810546875;-0.09300000220537186;0.6370000243186951;0.15200001001358032;-0.9590000510215759;0.06000000238418579;-0.1940000057220459
705763.0;-1.0530000925064087;0.6980000138282776;-0.04200000315904617;51.25;-6.6875;6.5625;2273.0;1764.0;-1126.0;304.75;-77.9375;-162.8125;-0.560791015625;0.31524658203125;-0.70709228515625;-0.29339599609375;-0.09300000220537186;0.6370000243186951;0.15200001001358032;-0.9590000510215759;0.06000000238418579;-0.1940000057220459
705773.0;-0.9460000395774841;0.6440000534057617;-0.09700000286102295;50.875;-3.75;12.75;1576.0;1490.0;-903.0;306.375;-77.25;-167.25;-0.5592041015625;0.3162841796875;-0.71240234375;-0.2823486328125;0.010000000707805157;0.597000002861023;0.11300000548362732;-0.956000030040741;0.04700000211596489;-0.21000000834465027
705783.0;-0.8530000448226929;0.5950000286102295;-0.125;50.875;-3.75;12.75;929.0;1366.0;-872.0;307.5625;-76.5;-170.6875;-0.556884765625;0.31884765625;-0.71636962890625;-0.27398681640625;0.10000000149011612;0.5580000281333923;0.0990000069141388;-0.9530000686645508;0.036000002175569534;-0.22500000894069672
705793.0;-0.7850000262260437;0.45600003004074097;-0.14000000059604645;50.875;-3.75;12.75;449.0;1285.0;-1023.0;308.5;-75.8125;-173.875;-0.55426025390625;0.3232421875;-0.718994140625;-0.26708984375;0.16500000655651093;0.4310000240802765;0.09700000286102295;-0.9500000476837158;0.02500000037252903;-0.23800000548362732
705797.0;-0.7850000262260437;0.45600003004074097;-0.14000000059604645;50.875;-3.75;12.75;449.0;1285.0;-1023.0;308.5;-75.8125;-173.875;-0.55426025390625;0.3232421875;-0.718994140625;-0.26708984375;0.16500000655651093;0.4310000240802765;0.09700000286102295;-0.9500000476837158;0.02500000037252903;-0.23800000548362732
705807.0;-0.7930000424385071;0.40800002217292786;-0.15700000524520874;50.875;-3.75;12.75;150.0;1210.0;-1223.0;309.375;-75.1875;-177.0625;-0.5516357421875;0.3291015625;-0.72064208984375;-0.2608642578125;0.15400001406669617;0.39500001072883606;0.09200000762939453;-0.9480000734329224;0.012000000104308128;-0.25
705817.0;-0.7970000505447388;0.3890000283718109;-0.15200001001358032;50.875;-3.75;12.75;17.0;1076.0;-1377.0;310.1875;-74.5;179.6875;-0.5494384765625;0.33575439453125;-0.72137451171875;-0.2548828125;0.1469999998807907;0.39000001549720764;0.1080000028014183;-0.9450000524520874;-0.0010000000474974513;-0.26100000739097595
705827.0;-0.6950000524520874;0.35200002789497375;-0.09400000423192978;49.0625;0.75;17.5625;132.0;879.0;-1293.0;311.0625;-74.0;176.9375;-0.54803466796875;0.34149169921875;-0.7218017578125;-0.24908447265625;0.24700000882148743;0.3660000264644623;0.17500001192092896;-0.9420000314712524;-0.014000000432133675;-0.26900002360343933
705831.0;-1.321000099182129;3.502000093460083;1.6200001239776611;49.0625;0.75;17.5625;1382.0;778.0;-1097.0;312.875;-73.4375;173.9375;-0.5489501953125;0.34271240234375;-0.723876953125;-0.23919677734375;-0.38100001215934753;3.5320000648498535;1.8980001211166382;-0.940000057220459;-0.029000001028180122;-0.2770000100135803
705841.0;-0.3410000205039978;2.2930002212524414;-1.1630001068115234;49.0625;0.75;17.5625;3152.0;177.0;-580.0;315.75;-73.3125;170.875;-0.55462646484375;0.3359375;-0.7271728515625;-0.22515869140625;0.597000002861023;2.3370001316070557;-0.8850000500679016;-0.9390000700950623;-0.04400000348687172;-0.2770000100135803
705851.0;-0.4620000123977661;0.7170000076293945;-0.48000001907348633;49.0625;0.75;17.5625;2091.0;-1204.0;356.0;317.1875;-74.0625;169.9375;-0.5625;0.32696533203125;-0.72674560546875;-0.22027587890625;0.48000001907348633;0.7640000581741333;-0.2150000035762787;-0.9430000185966492;-0.046000003814697266;-0.2639999985694885
705861.0;-0.7420000433921814;0.006000000052154064;-0.656000018119812;49.0625;0.75;17.5625;23.0;-765.0;812.0;316.6875;-74.5625;171.375;-0.56451416015625;0.32293701171875;-0.72589111328125;-0.22393798828125;0.20200000703334808;0.04500000178813934;-0.39900001883506775;-0.9450000524520874;-0.03800000250339508;-0.25699999928474426
705865.0;-0.7420000433921814;0.006000000052154064;-0.656000018119812;49.0625;0.75;17.5625;23.0;-765.0;812.0;316.6875;-74.5625;171.375;-0.56451416015625;0.32293701171875;-0.72589111328125;-0.22393798828125;0.20200000703334808;0.04500000178813934;-0.39900001883506775;-0.9450000524520874;-0.03800000250339508;-0.25699999928474426
705875.0;-0.9590000510215759;-0.4320000112056732;-0.289000004529953;47.1875;5.0;20.5;-770.0;-192.0;488.0;315.8125;-74.75;172.875;-0.5633544921875;0.3231201171875;-0.7252197265625;-0.2286376953125;-0.013000000268220901;-0.4000000059604645;-0.032999999821186066;-0.9460000395774841;-0.03100000135600567;-0.2550000250339508
705885.0;-1.1060000658035278;0.013000000268220901;-0.24400001764297485;47.1875;5.0;20.5;-389.0;182.0;-212.0;315.625;-74.625;172.6875;-0.562255859375;0.3253173828125;-0.72491455078125;-0.22918701171875;-0.1600000113248825;0.046000003814697266;0.012000000104308128;-0.9450000524520874;-0.03200000151991844;-0.25699999928474426
705895.0;-1.124000072479248;0.33800002932548523;-0.3240000009536743;47.1875;5.0;20.5;-153.0;370.0;-845.0;316.0;-74.3125;171.0625;-0.56158447265625;0.32940673828125;-0.724365234375;-0.22662353515625;-0.18000000715255737;0.37800002098083496;-0.06300000101327896;-0.9440000653266907;-0.04000000283122063;-0.26100000739097595
705901.0;-0.9610000252723694;0.25300002098083496;-0.44700002670288086;47.1875;5.0;20.5;-990.0;424.0;-816.0;315.75;-74.0;170.125;-0.5592041015625;0.33599853515625;-0.7230224609375;-0.22723388671875;-0.018000001087784767;0.30000001192092896;-0.1810000091791153;-0.9420000314712524;-0.046000003814697266;-0.26600000262260437
705911.0;-0.9940000176429749;0.37300002574920654;-0.15900000929832458;47.1875;5.0;20.5;-1915.0;361.0;-293.0;314.375;-73.75;170.8125;-0.55474853515625;0.34320068359375;-0.72119140625;-0.2330322265625;-0.052000001072883606;0.41700002551078796;0.11100000888109207;-0.9410000443458557;-0.0430000014603138;-0.27000001072883606
705921.0;-0.9940000176429749;0.37300002574920654;-0.15900000929832458;47.1875;5.0;20.5;-1968.0;278.0;185.0;312.6875;-73.5625;172.4375;-0.54986572265625;0.34857177734375;-0.71990966796875;-0.2406005859375;-0.032999999821186066;0.44600000977516174;0.20400001108646393;-0.940000057220459;-0.036000002175569534;-0.27400001883506775
705931.0;-0.9740000367164612;0.4100000262260437;-0.0690000057220459;47.0625;5.0;17.5625;-1676.0;-14.0;380.0;311.125;-73.625;174.25;-0.54632568359375;0.3519287109375;-0.7183837890625;-0.248046875;0.052000001072883606;0.23800000548362732;0.0990000069141388;-0.9410000443458557;-0.027000000700354576;-0.27400001883506775
705937.0;-0.9740000367164612;0.4100000262260437;-0.0690000057220459;47.0625;5.0;17.5625;-1676.0;-14.0;380.0;311.125;-73.625;174.25;-0.54632568359375;0.3519287109375;-0.7183837890625;-0.248046875;0.052000001072883606;0.23800000548362732;0.0990000069141388;-0.9410000443458557;-0.027000000700354576;-0.27400001883506775
705947.0;-0.8880000710487366;0.21000000834465027;-0.17500001192092896;47.0625;5.0;17.5625;-1440.0;-160.0;438.0;309.6875;-73.75;176.0;-0.543701171875;0.354248046875;-0.71685791015625;-0.25506591796875;0.10400000214576721;-0.2160000056028366;0.06599999964237213;-0.9410000443458557;-0.01900000125169754;-0.27300000190734863
705957.0;-0.8370000123977661;-0.23500001430511475;-0.20600001513957977;47.0625;5.0;17.5625;-1138.0;-191.0;276.0;308.625;-73.875;177.1875;-0.5418701171875;0.356201171875;-0.71527099609375;-0.26055908203125;0.0690000057220459;-0.18200001120567322;0.203000009059906;-0.9420000314712524;-0.013000000268220901;-0.2710000276565552
705967.0;-0.8720000386238098;-0.19500000774860382;-0.06800000369548798;47.0625;5.0;17.5625;-607.0;-173.0;-64.0;308.1875;-74.0;177.4375;-0.54150390625;0.35791015625;-0.71380615234375;-0.26300048828125;0.04400000348687172;-0.06100000441074371;0.20400001108646393;-0.9420000314712524;-0.01100000087171793;-0.26900002360343933
705971.0;-0.8980000615119934;-0.07300000637769699;-0.0650000050663948;47.0625;5.0;17.5625;-607.0;-173.0;-64.0;308.375;-74.0625;176.6875;-0.54248046875;0.359130859375;-0.712646484375;-0.26239013671875;0.02800000086426735;0.01100000087171793;0.2200000137090683;-0.9430000185966492;-0.015000000596046448;-0.2680000066757202
705981.0;-0.9140000343322754;-0.003000000026077032;-0.04700000211596489;48.1875;5.0625;19.1875;-32.0;-150.0;-351.0;308.75;-74.125;175.625;-0.54400634765625;0.35992431640625;-0.711669921875;-0.2607421875;-0.030000001192092896;0.22500000894069672;0.21400001645088196;-0.9430000185966492;-0.020000001415610313;-0.26600000262260437
705991.0;-0.9730000495910645;0.20500001311302185;-0.052000001072883606;48.1875;5.0625;19.1875;178.0;-196.0;-336.0;309.125;-74.25;174.8125;-0.5455322265625;0.36041259765625;-0.71075439453125;-0.25946044921875;-0.027000000700354576;0.2290000170469284;0.18000000715255737;-0.9430000185966492;-0.023000001907348633;-0.2639999985694885
706001.0;-0.971000075340271;0.20500001311302185;-0.08400000631809235;48.1875;5.0625;19.1875;112.0;-217.0;-264.0;309.3125;-74.375;174.125;-0.54693603515625;0.36077880859375;-0.70977783203125;-0.25872802734375;-0.026000000536441803;0.15200001001358032;0.15600000321865082;-0.9440000653266907;-0.026000000536441803;-0.26200002431869507
706005.0;-0.971000075340271;0.20500001311302185;-0.08400000631809235;48.1875;5.0625;19.1875;112.0;-217.0;-264.0;309.3125;-74.375;174.125;-0.54693603515625;0.36077880859375;-0.70977783203125;-0.25872802734375;-0.026000000536441803;0.15200001001358032;0.15600000321865082;-0.9440000653266907;-0.026000000536441803;-0.26200002431869507
706015.0;-0.9700000286102295;0.125;-0.10600000619888306;48.1875;5.0625;19.1875;136.0;-193.0;-216.0;309.5625;-74.4375;173.5;-0.5482177734375;0.3609619140625;-0.708984375;-0.2579345703125;-0.036000002175569534;-0.020000001415610313;0.17900000512599945;-0.9440000653266907;-0.029000001028180122;-0.2600000202655792
706025.0;-0.9810000658035278;-0.05000000074505806;-0.08000000566244125;48.1875;5.0625;19.1875;136.0;-193.0;-216.0;309.5625;-74.4375;173.5;-0.5482177734375;0.3609619140625;-0.708984375;-0.2579345703125;-0.03500000014901161;-0.029000001028180122;0.16700001060962677;-0.9450000524520874;-0.03200000151991844;-0.2580000162124634
706035.0;-0.9800000190734863;-0.06100000441074371;-0.09000000357627869;47.875;4.6875;18.875;311.0;-191.0;-228.0;309.9375;-74.5625;172.8125;-0.54986572265625;0.36065673828125;-0.7083740234375;-0.2564697265625;-0.012000000104308128;-0.015000000596046448;0.10100000351667404;-0.9450000524520874;-0.036000002175569534;-0.25600001215934753
706039.0;-0.9800000190734863;-0.06100000441074371;-0.09000000357627869;47.875;4.6875;18.875;311.0;-191.0;-228.0;309.9375;-74.5625;172.8125;-0.54986572265625;0.36065673828125;-0.7083740234375;-0.2564697265625;-0.012000000104308128;-0.015000000596046448;0.10100000351667404;-0.9450000524520874;-0.036000002175569534;-0.25600001215934753
706049.0;-0.9570000171661377;-0.05100000277161598;-0.1550000011920929;47.875;4.6875;18.875;514.0;-192.0;-219.0;311.0625;-74.75;171.1875;-0.55377197265625;0.3582763671875;-0.70819091796875;-0.25189208984375;0.0;0.03500000014901161;0.03400000184774399;-0.9460000395774841;-0.039000000804662704;-0.2540000081062317
706059.0;-0.9460000395774841;-0.003000000026077032;-0.2200000137090683;47.875;4.6875;18.875;602.0;-154.0;-148.0;311.5;-74.8125;170.6875;-0.5552978515625;0.356689453125;-0.70849609375;-0.2498779296875;0.0020000000949949026;0.21800000965595245;0.07400000095367432;-0.9460000395774841;-0.04100000113248825;-0.25300002098083496
706069.0;-0.9440000653266907;0.1770000010728836;-0.17900000512599945;47.875;4.6875;18.875;552.0;-113.0;-50.0;311.8125;-74.875;170.4375;-0.556396484375;0.35528564453125;-0.70880126953125;-0.24847412109375;0.01600000075995922;0.28200000524520874;0.10900000482797623;-0.9460000395774841;-0.04200000315904617;-0.25200000405311584
706073.0;-0.9300000667572021;0.23900000751018524;-0.1420000046491623;47.875;4.6875;18.875;422.0;-88.0;13.0;311.8125;-74.875;170.4375;-0.556396484375;0.35528564453125;-0.70880126953125;-0.24847412109375;0.01600000075995922;0.28200000524520874;0.10900000482797623;-0.9460000395774841;-0.04200000315904617;-0.25200000405311584
706083.0;-0.9100000262260437;0.2639999985694885;-0.1340000033378601;49.375;5.5;18.375;229.0;-80.0;48.0;312.0;-74.875;170.375;-0.55706787109375;0.3543701171875;-0.708984375;-0.2479248046875;0.036000002175569534;0.3060000240802765;0.11700000613927841;-0.9460000395774841;-0.04200000315904617;-0.2510000169277191
706093.0;-0.8890000581741333;0.26100000739097595;-0.14500001072883606;49.375;5.5;18.375;9.0;-67.0;46.0;311.9375;-74.9375;170.5;-0.55712890625;0.35430908203125;-0.7086181640625;-0.24884033203125;0.06000000238418579;0.2120000123977661;0.09000000357627869;-0.9470000267028809;-0.04100000113248825;-0.25
706103.0;-0.8870000243186951;0.17000000178813934;-0.1600000113248825;49.375;5.5;18.375;-127.0;-36.0;30.0;311.8125;-74.9375;170.625;-0.55682373046875;0.354736328125;-0.70843505859375;-0.2493896484375;0.04500000178813934;0.20400001108646393;0.09600000083446503;-0.9470000267028809;-0.04000000283122063;-0.25
706111.0;-0.9010000228881836;0.16300000250339508;-0.15400001406669617;49.375;5.5;18.375;-149.0;7.0;0.0;311.6875;-74.9375;170.6875;-0.5565185546875;0.355224609375;-0.70831298828125;-0.24969482421875;0.03100000135600567;0.20100000500679016;0.08900000154972076;-0.9470000267028809;-0.04000000283122063;-0.25
706121.0;-0.9150000214576721;0.1600000113248825;-0.16100001335144043;49.375;5.5;18.375;-118.0;32.0;-25.0;311.625;-74.9375;170.75;-0.5565185546875;0.355224609375;-0.70831298828125;-0.24969482421875;0.03100000135600567;0.20100000500679016;0.08900000154972076;-0.9470000267028809;-0.04000000283122063;-0.25
706131.0;-0.9220000505447388;0.15300001204013824;-0.1730000078678131;48.1875;6.1875;18.375;-116.0;47.0;-30.0;311.5625;-74.9375;170.75;-0.55615234375;0.355712890625;-0.708251953125;-0.24993896484375;0.024000000208616257;0.1940000057220459;0.07800000160932541;-0.9470000267028809;-0.04000000283122063;-0.2510000169277191
706141.0;-0.937000036239624;0.1340000033378601;-0.1680000126361847;48.1875;6.1875;18.375;-167.0;59.0;-1.0;311.4375;-74.875;170.875;-0.5556640625;0.3563232421875;-0.70819091796875;-0.25048828125;-0.005000000353902578;0.15600000321865082;0.09800000488758087;-0.9460000395774841;-0.039000000804662704;-0.25200000405311584
706151.0;-0.9520000219345093;0.11700000613927841;-0.15400001406669617;48.1875;6.1875;18.375;-212.0;55.0;34.0;311.25;-74.875;171.0625;-0.55499267578125;0.35687255859375;-0.7081298828125;-0.25128173828125;0.006000000052154064;0.13500000536441803;0.10300000756978989;-0.9460000395774841;-0.03800000250339508;-0.25300002098083496
706161.0;-0.9390000700950623;0.09700000286102295;-0.14900000393390656;48.1875;6.1875;18.375;-238.0;38.0;53.0;311.0625;-74.8125;171.375;-0.5543212890625;0.357421875;-0.70806884765625;-0.25225830078125;0.018000001087784767;0.11500000208616257;0.08900000154972076;-0.9460000395774841;-0.03700000047683716;-0.25300002098083496
706164.0;-0.9390000700950623;0.09700000286102295;-0.14900000393390656;48.1875;6.1875;18.375;-238.0;38.0;53.0;311.0625;-74.8125;171.375;-0.5543212890625;0.357421875;-0.70806884765625;-0.25225830078125;0.018000001087784767;0.11500000208616257;0.08900000154972076;-0.9460000395774841;-0.03700000047683716;-0.25300002098083496
706174.0;-0.9270000457763672;0.07700000703334808;-0.16300000250339508;48.1875;6.1875;18.375;-285.0;22.0;-3.0;310.8125;-74.8125;171.5625;-0.5537109375;0.3582763671875;-0.707763671875;-0.25323486328125;0.018000001087784767;0.11500000208616257;0.08900000154972076;-0.9460000395774841;-0.03700000047683716;-0.25300002098083496
706184.0;-0.9390000700950623;0.046000003814697266;-0.15300001204013824;47.0625;6.1875;18.875;-261.0;-13.0;-33.0;310.625;-74.8125;171.625;-0.55328369140625;0.35919189453125;-0.707275390625;-0.254150390625;0.007000000216066837;0.08400000631809235;0.0990000069141388;-0.9460000395774841;-0.03700000047683716;-0.25300002098083496
706194.0;-0.9510000348091125;0.055000003427267075;-0.12800000607967377;47.0625;6.1875;18.875;-206.0;-44.0;-13.0;310.4375;-74.875;171.6875;-0.5531005859375;0.3597412109375;-0.70684814453125;-0.2550048828125;-0.004000000189989805;0.09200000762939453;0.12400000542402267;-0.9460000395774841;-0.036000002175569534;-0.25300002098083496
706198.0;-0.9510000348091125;0.055000003427267075;-0.12800000607967377;47.0625;6.1875;18.875;-206.0;-44.0;-13.0;310.4375;-74.875;171.6875;-0.5531005859375;0.3597412109375;-0.70684814453125;-0.2550048828125;-0.004000000189989805;0.09200000762939453;0.12400000542402267;-0.9460000395774841;-0.036000002175569534;-0.25300002098083496
706208.0;-0.9550000429153442;0.07800000160932541;-0.12200000882148743;47.0625;6.1875;18.875;-164.0;-75.0;3.0;310.3125;-74.875;171.75;-0.55303955078125;0.360107421875;-0.7064208984375;-0.2557373046875;-0.00800000037997961;0.11500000208616257;0.1290000081062317;-0.9460000395774841;-0.036000002175569534;-0.25200000405311584
706218.0;-0.9470000267028809;0.10300000756978989;-0.1380000114440918;47.0625;6.1875;18.875;-82.0;-88.0;11.0;310.25;-74.9375;171.8125;-0.55322265625;0.3602294921875;-0.7060546875;-0.2562255859375;0.0;0.13900001347064972;0.11300000548362732;-0.9470000267028809;-0.03500000014901161;-0.2510000169277191
706228.0;-0.9480000734329224;0.12400000542402267;-0.1290000081062317;47.0625;6.1875;18.875;-35.0;-109.0;27.0;310.1875;-75.0;171.875;-0.55352783203125;0.36004638671875;-0.70574951171875;-0.25665283203125;0.0;0.1600000113248825;0.1210000067949295;-0.9470000267028809;-0.03500000014901161;-0.25
706232.0;-0.9440000653266907;0.13600000739097595;-0.11700000613927841;48.1875;5.0625;19.6875;-24.0;-122.0;34.0;310.1875;-75.0625;171.9375;-0.55389404296875;0.35986328125;-0.7054443359375;-0.257080078125;0.003000000026077032;0.1720000058412552;0.13199999928474426;-0.9470000267028809;-0.03500000014901161;-0.24900001287460327
706242.0;-0.9380000233650208;0.13500000536441803;-0.11100000888109207;48.1875;5.0625;19.6875;-47.0;-122.0;11.0;310.125;-75.1875;171.9375;-0.55426025390625;0.35980224609375;-0.70501708984375;-0.25750732421875;0.009000000543892384;0.17000000178813934;0.13700000941753387;-0.9480000734329224;-0.03400000184774399;-0.24800001084804535
706252.0;-0.9360000491142273;0.11000000685453415;-0.14500001072883606;48.1875;5.0625;19.6875;-61.0;-99.0;-10.0;310.0625;-75.25;171.9375;-0.55450439453125;0.35986328125;-0.70465087890625;-0.2579345703125;0.01100000087171793;0.14500001072883606;0.10200000554323196;-0.9480000734329224;-0.03400000184774399;-0.24700000882148743
706262.0;-0.9390000700950623;0.10100000351667404;-0.1420000046491623;48.1875;5.0625;19.6875;-53.0;-76.0;-25.0;310.0625;-75.25;171.875;-0.55474853515625;0.3599853515625;-0.70428466796875;-0.2581787109375;0.00800000037997961;0.13600000739097595;0.10400000214576721;-0.9480000734329224;-0.03500000014901161;-0.2460000067949295
706266.0;-0.9390000700950623;0.10100000351667404;-0.1420000046491623;48.1875;5.0625;19.6875;-53.0;-76.0;-25.0;310.0625;-75.25;171.875;-0.55474853515625;0.3599853515625;-0.70428466796875;-0.2581787109375;0.00800000037997961;0.13600000739097595;0.10400000214576721;-0.9480000734329224;-0.03500000014901161;-0.2460000067949295
706276.0;-0.9430000185966492;0.11600000411272049;-0.11400000751018524;48.1875;5.0625;19.6875;-26.0;-64.0;-31.0;310.0625;-75.3125;171.8125;-0.554931640625;0.360107421875;-0.7039794921875;-0.25830078125;0.005000000353902578;0.15200001001358032;0.13100001215934753;-0.9480000734329224;-0.03500000014901161;-0.24500000476837158
706286.0;-0.937000036239624;0.1340000033378601;-0.1380000114440918;49.0;4.6875;17.1875;-10.0;-64.0;-20.0;309.625;-75.5625;172.75;-0.55548095703125;0.35858154296875;-0.70343017578125;-0.26092529296875;0.012000000104308128;0.16500000655651093;0.10300000756978989;-0.9490000605583191;-0.030000001192092896;-0.2410000115633011
706296.0;-0.9360000491142273;0.13700000941753387;-0.1469999998807907;49.0;4.6875;17.1875;-27.0;-58.0;11.0;309.25;-75.8125;173.875;-0.55584716796875;0.35675048828125;-0.703125;-0.26348876953125;0.014000000432133675;0.16200000047683716;0.09000000357627869;-0.9500000476837158;-0.02500000037252903;-0.23800000548362732
706301.0;-0.937000036239624;0.125;-0.16600000858306885;49.0;4.6875;17.1875;-49.0;-56.0;44.0;308.8125;-76.0;175.0625;-0.55596923828125;0.35498046875;-0.70294189453125;-0.2659912109375;0.014000000432133675;0.14600001275539398;0.0690000057220459;-0.9510000348091125;-0.020000001415610313;-0.23500001430511475
706311.0;-0.9390000700950623;0.12400000542402267;-0.15700000524520874;49.0;4.6875;17.1875;-37.0;-54.0;43.0;308.75;-76.0625;175.125;-0.5560302734375;0.3548583984375;-0.70281982421875;-0.266357421875;0.012000000104308128;0.14300000667572021;0.07700000703334808;-0.9510000348091125;-0.01900000125169754;-0.23500001430511475
706321.0;-0.9340000152587891;0.1340000033378601;-0.14300000667572021;49.0;4.6875;17.1875;-3.0;-63.0;33.0;308.75;-76.0625;175.1875;-0.5562744140625;0.3546142578125;-0.70269775390625;-0.2666015625;0.017000000923871994;0.15400001406669617;0.09100000560283661;-0.9520000219345093;-0.01900000125169754;-0.23400001227855682
706331.0;-0.9340000152587891;0.1340000033378601;-0.14300000667572021;47.5;5.5;17.5625;50.0;-69.0;34.0;308.75;-76.125;175.25;-0.5565185546875;0.35430908203125;-0.70257568359375;-0.26666259765625;0.02200000174343586;0.15900000929832458;0.09300000220537186;-0.9520000219345093;-0.01900000125169754;-0.2330000102519989
706341.0;-0.9300000667572021;0.14000000059604645;-0.13900001347064972;47.5;5.5;17.5625;116.0;-78.0;43.0;308.5;-76.375;176.4375;-0.55706787109375;0.35198974609375;-0.70257568359375;-0.2686767578125;0.030000001192092896;0.15200001001358032;0.09100000560283661;-0.9530000686645508;-0.014000000432133675;-0.23000000417232513
706351.0;-0.9220000505447388;0.13700000941753387;-0.13900001347064972;47.5;5.5;17.5625;196.0;-81.0;44.0;308.25;-76.5625;177.5625;-0.55767822265625;0.34942626953125;-0.70269775390625;-0.2703857421875;0.04000000283122063;0.15200001001358032;0.08300000429153442;-0.9530000686645508;-0.009000000543892384;-0.22700001299381256
706354.0;-0.9220000505447388;0.13700000941753387;-0.13900001347064972;47.5;5.5;17.5625;196.0;-81.0;44.0;308.25;-76.5625;177.5625;-0.55767822265625;0.34942626953125;-0.70269775390625;-0.2703857421875;0.04000000283122063;0.15200001001358032;0.08300000429153442;-0.9530000686645508;-0.009000000543892384;-0.22700001299381256
706364.0;-0.9130000472068787;0.14300000667572021;-0.14300000667572021;47.5;5.5;17.5625;295.0;-75.0;24.0;308.0625;-76.75;178.6875;-0.55841064453125;0.34661865234375;-0.7030029296875;-0.27166748046875;0.03400000184774399;0.16700001060962677;0.07400000095367432;-0.9540000557899475;-0.005000000353902578;-0.2240000069141388
706374.0;-0.9200000166893005;0.16200000047683716;-0.14900000393390656;47.5;5.5;17.5625;388.0;-76.0;-11.0;308.375;-76.8125;178.375;-0.5594482421875;0.34539794921875;-0.70330810546875;-0.27032470703125;0.030000001192092896;0.1810000091791153;0.06700000166893005;-0.9540000557899475;-0.006000000052154064;-0.22300000488758087
706384.0;-0.9240000247955322;0.17500001192092896;-0.15600000321865082;47.5;5.5;17.5625;388.0;-76.0;-11.0;308.375;-76.8125;178.375;-0.5606689453125;0.343994140625;-0.7037353515625;-0.26849365234375;0.02800000086426735;0.1980000138282776;0.07400000095367432;-0.9540000557899475;-0.007000000216066837;-0.22200001776218414
706388.0;-0.9240000247955322;0.17500001192092896;-0.15600000321865082;47.5;5.5;17.5625;388.0;-76.0;-11.0;308.375;-76.8125;178.375;-0.5606689453125;0.343994140625;-0.7037353515625;-0.26849365234375;0.02800000086426735;0.1980000138282776;0.07400000095367432;-0.9540000557899475;-0.007000000216066837;-0.22200001776218414
706398.0;-0.9260000586509705;0.19100001454353333;-0.14800000190734863;48.1875;5.5;17.5625;474.0;-73.0;-41.0;308.8125;-76.8125;178.0;-0.5606689453125;0.343994140625;-0.7037353515625;-0.26849365234375;0.02500000037252903;0.20900000631809235;0.07900000363588333;-0.9550000429153442;-0.009000000543892384;-0.22200001776218414
706408.0;-0.9290000200271606;0.20000000298023224;-0.1420000046491623;48.1875;5.5;17.5625;569.0;-79.0;-93.0;309.75;-76.9375;176.875;-0.5634765625;0.34112548828125;-0.70452880859375;-0.26416015625;0.0;0.28300002217292786;0.13600000739097595;-0.9550000429153442;-0.01100000087171793;-0.22100001573562622
706418.0;-0.9550000429153442;0.2710000276565552;-0.08400000631809235;48.1875;5.5;17.5625;474.0;-137.0;-93.0;310.125;-77.0;176.3125;-0.56494140625;0.33984375;-0.70465087890625;-0.2623291015625;-0.00800000037997961;0.32200002670288086;0.14500001072883606;-0.9550000429153442;-0.013000000268220901;-0.21900001168251038
706422.0;-0.9640000462532043;0.30800002813339233;-0.07400000095367432;48.1875;5.5;17.5625;258.0;-231.0;-57.0;310.375;-77.125;176.0;-0.56634521484375;0.3389892578125;-0.7042236328125;-0.26165771484375;-0.004000000189989805;0.32500001788139343;0.15700000524520874;-0.956000030040741;-0.015000000596046448;-0.21700000762939453
706432.0;-0.9600000381469727;0.3100000023841858;-0.05900000408291817;48.1875;5.5;17.5625;258.0;-231.0;-57.0;310.375;-77.125;176.0;-0.56634521484375;0.3389892578125;-0.7042236328125;-0.26165771484375;-0.004000000189989805;0.32500001788139343;0.15700000524520874;-0.956000030040741;-0.014000000432133675;-0.21300001442432404
706442.0;-0.9490000605583191;0.2970000207424164;-0.046000003814697266;49.375;5.875;17.5625;-43.0;-351.0;14.0;310.4375;-77.375;176.0;-0.56781005859375;0.33795166015625;-0.70343017578125;-0.261962890625;0.007000000216066837;0.31200000643730164;0.16600000858306885;-0.9570000171661377;-0.013000000268220901;-0.20900000631809235
706452.0;-0.9330000281333923;0.281000018119812;-0.07200000435113907;49.375;5.875;17.5625;-323.0;-453.0;84.0;309.625;-77.9375;176.9375;-0.569580078125;0.3382568359375;-0.69964599609375;-0.26751708984375;0.046000003814697266;0.2990000247955322;0.10300000756978989;-0.9590000510215759;-0.010000000707805157;-0.203000009059906
706456.0;-0.9330000281333923;0.281000018119812;-0.07200000435113907;49.375;5.875;17.5625;-323.0;-453.0;84.0;309.625;-77.9375;176.9375;-0.569580078125;0.3382568359375;-0.69964599609375;-0.26751708984375;0.046000003814697266;0.2990000247955322;0.10300000756978989;-0.9590000510215759;-0.010000000707805157;-0.203000009059906
706466.0;-0.9120000600814819;0.2880000174045563;-0.10000000149011612;49.375;5.875;17.5625;-522.0;-531.0;139.0;309.1875;-78.3125;177.75;-0.5704345703125;0.33831787109375;-0.69769287109375;-0.27093505859375;0.03700000047683716;0.367000013589859;0.12700000405311584;-0.9600000381469727;-0.007000000216066837;-0.1980000138282776
706476.0;-0.9220000505447388;0.36000001430511475;-0.07100000232458115;49.375;5.875;17.5625;-499.0;-543.0;194.0;308.75;-78.625;178.5625;-0.57159423828125;0.33770751953125;-0.69580078125;-0.27398681640625;0.03200000151991844;0.3790000081062317;0.1770000010728836;-0.9610000252723694;-0.004000000189989805;-0.19200000166893005
706486.0;-0.9280000329017639;0.37400001287460327;-0.015000000596046448;49.375;5.875;17.5625;-354.0;-580.0;230.0;308.75;-78.625;178.5625;-0.57159423828125;0.33770751953125;-0.69580078125;-0.27398681640625;0.03200000151991844;0.3790000081062317;0.1770000010728836;-0.9610000252723694;-0.004000000189989805;-0.19200000166893005
706491.0;-0.9360000491142273;0.4220000207424164;0.012000000104308128;49.0;4.6875;16.75;-369.0;-658.0;285.0;308.1875;-79.0625;179.625;-0.57275390625;0.33734130859375;-0.69354248046875;-0.27783203125;0.026000000536441803;0.4230000078678131;0.19700001180171967;-0.9620000720024109;-0.0010000000474974513;-0.1850000023841858
706501.0;-0.940000057220459;0.5040000081062317;0.032999999821186066;49.0;4.6875;16.75;-435.0;-658.0;371.0;307.6875;-79.4375;-178.8125;-0.57476806640625;0.335205078125;-0.6895751953125;-0.28594970703125;0.026000000536441803;0.5630000233650208;0.2110000103712082;-0.9650000333786011;0.00800000037997961;-0.1720000058412552
706511.0;-0.9390000700950623;0.5720000267028809;0.039000000804662704;49.0;4.6875;16.75;-476.0;-667.0;433.0;307.0625;-79.8125;-177.0;-0.57550048828125;0.33404541015625;-0.68756103515625;-0.2906494140625;0.015000000596046448;0.6210000514984131;0.2330000102519989;-0.9660000205039978;0.014000000432133675;-0.16500000655651093
706521.0;-0.9510000348091125;0.6360000371932983;0.06800000369548798;49.0;4.6875;16.75;-553.0;-678.0;490.0;306.375;-80.25;-174.8125;-0.57574462890625;0.33319091796875;-0.68536376953125;-0.2962646484375;0.005000000353902578;0.6500000357627869;0.24500000476837158;-0.9670000672340393;0.021000001579523087;-0.15800000727176666
706524.0;-0.9510000348091125;0.6360000371932983;0.06800000369548798;49.0;4.6875;16.75;-553.0;-678.0;490.0;306.375;-80.25;-174.8125;-0.57574462890625;0.33319091796875;-0.68536376953125;-0.2962646484375;0.005000000353902578;0.6500000357627869;0.24500000476837158;-0.9670000672340393;0.021000001579523087;-0.15800000727176666
706534.0;-0.9610000252723694;0.6720000505447388;0.0860000029206276;49.0;4.6875;16.75;-738.0;-666.0;572.0;305.5;-80.5625;-172.0625;-0.57574462890625;0.33319091796875;-0.68536376953125;-0.2962646484375;0.005000000353902578;0.6500000357627869;0.24500000476837158;-0.9670000672340393;0.021000001579523087;-0.15800000727176666
706544.0;-0.971000075340271;0.703000009059906;0.10200000554323196;49.375;5.0625;16.75;-1023.0;-668.0;651.0;304.375;-80.9375;-168.625;-0.5751953125;0.33319091796875;-0.6827392578125;-0.30328369140625;-0.003000000026077032;0.6730000376701355;0.25300002098083496;-0.968000054359436;0.030000001192092896;-0.1510000079870224
706554.0;-0.9930000305175781;0.7170000076293945;0.12600000202655792;49.375;5.0625;16.75;-1345.0;-675.0;697.0;303.0;-81.1875;-164.625;-0.57415771484375;0.3336181640625;-0.67974853515625;-0.31146240234375;-0.024000000208616257;0.6780000329017639;0.27000001072883606;-0.9690000414848328;0.049000002443790436;-0.13600000739097595
706558.0;-0.9930000305175781;0.7170000076293945;0.12600000202655792;49.375;5.0625;16.75;-1345.0;-675.0;697.0;303.0;-81.1875;-164.625;-0.57415771484375;0.3336181640625;-0.67974853515625;-0.31146240234375;-0.024000000208616257;0.6780000329017639;0.27000001072883606;-0.9690000414848328;0.049000002443790436;-0.13600000739097595
706568.0;-1.0170000791549683;0.7190000414848328;0.1380000114440918;49.375;5.0625;16.75;-1665.0;-678.0;724.0;301.4375;-81.5;-160.0;-0.5723876953125;0.3349609375;-0.67620849609375;-0.32080078125;-0.07500000298023224;0.6510000228881836;0.2639999985694885;-0.9700000286102295;0.05900000408291817;-0.12800000607967377
706578.0;-1.0460000038146973;0.7110000252723694;0.13600000739097595;49.375;5.0625;16.75;-1949.0;-681.0;736.0;299.6875;-81.6875;-155.0;-0.57012939453125;0.3370361328125;-0.672119140625;-0.3311767578125;-0.10600000619888306;0.6170000433921814;0.2550000250339508;-0.9700000286102295;0.0690000057220459;-0.11900000274181366
706588.0;-1.0770000219345093;0.687000036239624;0.13600000739097595;49.375;5.0625;16.75;-2147.0;-690.0;723.0;297.8125;-81.875;-149.6875;-0.56744384765625;0.3397216796875;-0.66748046875;-0.3421630859375;-0.10600000619888306;0.6170000433921814;0.2550000250339508;-0.9700000286102295;0.0690000057220459;-0.11900000274181366
706592.0;-1.1170001029968262;0.6300000548362732;0.14100000262260437;50.0625;3.5625;13.5;-2294.0;-771.0;697.0;295.9375;-82.0;-143.9375;-0.56500244140625;0.3421630859375;-0.6624755859375;-0.353271484375;-0.14600001275539398;0.550000011920929;0.2510000169277191;-0.971000075340271;0.07900000363588333;-0.10900000482797623
706602.0;-1.1230000257492065;0.6440000534057617;0.164000004529953;50.0625;3.5625;13.5;-2418.0;-886.0;692.0;293.9375;-82.1875;-137.6875;-0.5623779296875;0.34527587890625;-0.65655517578125;-0.3653564453125;-0.15200001001358032;0.5550000071525574;0.26200002431869507;-0.971000075340271;0.08900000154972076;-0.09800000488758087
706612.0;-1.1320000886917114;0.6800000071525574;0.1810000091791153;50.0625;3.5625;13.5;-2553.0;-1011.0;733.0;291.875;-82.25;-130.6875;-0.55975341796875;0.34832763671875;-0.64984130859375;-0.378173828125;-0.1600000113248825;0.581000030040741;0.2670000195503235;-0.971000075340271;0.0990000069141388;-0.08500000089406967
706622.0;-1.1500000953674316;0.7170000076293945;0.21000000834465027;50.0625;3.5625;13.5;-2760.0;-1134.0;813.0;289.6875;-82.3125;-122.75;-0.556884765625;0.35137939453125;-0.64239501953125;-0.39208984375;-0.17800000309944153;0.6070000529289246;0.281000018119812;-0.971000075340271;0.11000000685453415;-0.07000000029802322
706625.0;-1.1500000953674316;0.7170000076293945;0.21000000834465027;50.0625;3.5625;13.5;-2760.0;-1134.0;813.0;289.6875;-82.3125;-122.75;-0.556884765625;0.35137939453125;-0.64239501953125;-0.39208984375;-0.17800000309944153;0.6070000529289246;0.281000018119812;-0.971000075340271;0.11000000685453415;-0.07000000029802322
706635.0;-1.1910001039505005;0.7900000214576721;0.27800002694129944;50.0625;3.5625;13.5;-3088.0;-1269.0;908.0;287.25;-82.1875;-114.0;-0.553466796875;0.35467529296875;-0.63385009765625;-0.407470703125;-0.21900001168251038;0.6680000424385071;0.3320000171661377;-0.971000075340271;0.1210000067949295;-0.05400000140070915
706645.0;-1.2110000848770142;0.8170000314712524;0.2980000078678131;50.375;-0.5;11.75;-3550.0;-1453.0;976.0;284.5625;-81.875;-104.5;-0.54949951171875;0.35858154296875;-0.6236572265625;-0.42486572265625;-0.24000000953674316;0.6840000152587891;0.3330000042915344;-0.9700000286102295;0.13300000131130219;-0.03400000184774399
706655.0;-1.2400000095367432;0.8390000462532043;0.29500001668930054;50.375;-0.5;11.75;-4129.0;-1647.0;1037.0;281.5;-81.4375;-94.5;-0.54461669921875;0.36334228515625;-0.6114501953125;-0.4444580078125;-0.27000001072883606;0.6940000057220459;0.3070000112056732;-0.9690000414848328;0.14400000870227814;-0.01100000087171793
706659.0;-1.2400000095367432;0.8390000462532043;0.29500001668930054;50.375;-0.5;11.75;-4129.0;-1647.0;1037.0;281.5;-81.4375;-94.5;-0.54461669921875;0.36334228515625;-0.6114501953125;-0.4444580078125;-0.27000001072883606;0.6940000057220459;0.3070000112056732;-0.9690000414848328;0.14400000870227814;-0.01100000087171793
706669.0;-1.2730000019073486;0.8370000123977661;0.2970000207424164;50.375;-0.5;11.75;-4751.0;-1842.0;1091.0;278.1875;-80.75;-84.5;-0.53863525390625;0.3690185546875;-0.59686279296875;-0.46630859375;-0.3050000071525574;0.6810000538825989;0.28300002217292786;-0.968000054359436;0.1550000011920929;0.014000000432133675
706679.0;-1.309000015258789;0.7870000600814819;0.34200000762939453;50.375;-0.5;11.75;-5349.0;-2073.0;1135.0;274.625;-79.875;-74.75;-0.53173828125;0.3753662109375;-0.5797119140625;-0.49017333984375;-0.3440000116825104;0.6210000514984131;0.2970000207424164;-0.9650000333786011;0.16500000655651093;0.04500000178813934
706689.0;-1.319000005722046;0.7490000128746033;0.37700000405311584;50.375;-0.5;11.75;-5820.0;-2264.0;1214.0;270.875;-78.75;-65.6875;-0.523681640625;0.3819580078125;-0.56036376953125;-0.515625;-0.3570000231266022;0.5750000476837158;0.2980000078678131;-0.9610000252723694;0.17400000989437103;0.07800000160932541
706693.0;-1.343000054359436;0.7130000591278076;0.4180000126361847;51.5;-4.875;8.0625;-6039.0;-2407.0;1334.0;267.0625;-77.3125;-57.8125;-0.5146484375;0.38787841796875;-0.5396728515625;-0.54168701171875;-0.38600000739097595;0.5320000052452087;0.30300000309944153;-0.956000030040741;0.1810000091791153;0.11400000751018524
706703.0;-1.402000069618225;0.6320000290870667;0.5190000534057617;51.5;-4.875;8.0625;-5994.0;-2503.0;1449.0;263.3125;-75.75;-51.125;-0.50506591796875;0.39263916015625;-0.51837158203125;-0.56744384765625;-0.45100003480911255;0.4440000355243683;0.3680000305175781;-0.9500000476837158;0.18700000643730164;0.1510000079870224
706713.0;-1.4240000247955322;0.6080000400543213;0.5690000057220459;51.5;-4.875;8.0625;-5752.0;-2594.0;1540.0;259.75;-74.0;-45.625;-0.495361328125;0.395751953125;-0.49713134765625;-0.59234619140625;-0.4820000231266022;0.4150000214576721;0.38100001215934753;-0.9420000314712524;0.19300000369548798;0.18800000846385956
706723.0;-1.4450000524520874;0.5879999995231628;0.6300000548362732;51.5;-4.875;8.0625;-5384.0;-2674.0;1625.0;256.5;-72.125;-41.0625;-0.48577880859375;0.39697265625;-0.4764404296875;-0.615966796875;-0.5120000243186951;0.39100003242492676;0.40400001406669617;-0.9330000281333923;0.19700001180171967;0.22600001096725464
706727.0;-1.4450000524520874;0.5879999995231628;0.6300000548362732;51.5;-4.875;8.0625;-5384.0;-2674.0;1625.0;256.5;-72.125;-41.0625;-0.48577880859375;0.39697265625;-0.4764404296875;-0.615966796875;-0.5120000243186951;0.39100003242492676;0.40400001406669617;-0.9330000281333923;0.19700001180171967;0.22600001096725464
706737.0;-1.4640001058578491;0.5760000348091125;0.6860000491142273;51.5;-4.875;8.0625;-4968.0;-2760.0;1716.0;253.4375;-70.1875;-37.3125;-0.47650146484375;0.396240234375;-0.45654296875;-0.63836669921875;-0.5410000085830688;0.3750000298023224;0.4220000207424164;-0.9220000505447388;0.20100000500679016;0.2630000114440918
706747.0;-1.4640001058578491;0.5760000348091125;0.6860000491142273;51.5;-4.875;8.0625;-4579.0;-2880.0;1836.0;250.625;-68.125;-34.25;-0.46746826171875;0.3934326171875;-0.4375;-0.65972900390625;-0.5740000009536743;0.359000027179718;0.48900002241134644;-0.9100000262260437;0.20500001311302185;0.30100002884864807
706757.0;-1.4840000867843628;0.5649999976158142;0.7910000085830688;50.375;-9.6875;0.25;-4274.0;-3017.0;1987.0;247.875;-65.9375;-31.6875;-0.45843505859375;0.38873291015625;-0.41912841796875;-0.68048095703125;-0.5910000205039978;0.3490000069141388;0.4790000319480896;-0.8950000405311584;0.20900000631809235;0.33900001645088196
706762.0;-1.4870001077651978;0.5590000152587891;0.8190000653266907;50.375;-9.6875;0.25;-4069.0;-3167.0;2138.0;245.3125;-63.625;-29.5;-0.44921875;0.38232421875;-0.40106201171875;-0.70086669921875;-0.6130000352859497;0.3330000042915344;0.4520000219345093;-0.878000020980835;0.21400001645088196;0.37800002098083496
706772.0;-1.4920001029968262;0.5480000376701355;0.8300000429153442;50.375;-9.6875;0.25;-3925.0;-3312.0;2252.0;242.75;-61.25;-27.5625;-0.43975830078125;0.37445068359375;-0.383056640625;-0.72088623046875;-0.6380000114440918;0.3190000057220459;0.4280000329017639;-0.859000027179718;0.21800000965595245;0.41700002551078796
706782.0;-1.4980000257492065;0.5380000472068787;0.8460000157356262;50.375;-9.6875;0.25;-3753.0;-3436.0;2278.0;240.3125;-58.75;-25.8125;-0.430419921875;0.36529541015625;-0.36517333984375;-0.740234375;-0.6540000438690186;0.26200002431869507;0.45100003480911255;-0.8380000591278076;0.22100001573562622;0.4570000171661377
706792.0;-1.4920001029968262;0.484000027179718;0.9080000519752502;50.375;-9.6875;0.25;-3753.0;-3436.0;2278.0;238.0625;-56.25;-24.1875;-0.42156982421875;0.35516357421875;-0.34735107421875;-0.75860595703125;-0.659000039100647;0.2200000137090683;0.4310000240802765;-0.815000057220459;0.22300000488758087;0.4960000216960907
706795.0;-1.4920001029968262;0.484000027179718;0.9080000519752502;50.375;-9.6875;0.25;-3753.0;-3436.0;2278.0;238.0625;-56.25;-24.1875;-0.42156982421875;0.35516357421875;-0.34735107421875;-0.75860595703125;-0.659000039100647;0.2200000137090683;0.4310000240802765;-0.815000057220459;0.22300000488758087;0.4960000216960907
706805.0;-1.475000023841858;0.44300001859664917;0.9280000329017639;48.1875;-13.5;-10.375;-3556.0;-3527.0;2209.0;236.0625;-53.75;-22.625;-0.41326904296875;0.34417724609375;-0.32989501953125;-0.77581787109375;-0.6620000600814819;0.17800000309944153;0.4090000092983246;-0.7910000085830688;0.22200001776218414;0.534000039100647
706815.0;-1.4530000686645508;0.4010000228881836;0.9440000653266907;48.1875;-13.5;-10.375;-3053.0;-3679.0;2055.0;234.1875;-51.1875;-21.1875;-0.40557861328125;0.33203125;-0.31292724609375;-0.79205322265625;-0.6680000424385071;0.10900000482797623;0.42000001668930054;-0.7640000581741333;0.22200001776218414;0.5720000267028809
706825.0;-1.433000087738037;0.33100003004074097;0.9930000305175781;48.1875;-13.5;-10.375;-2792.0;-3752.0;2041.0;232.5;-48.6875;-19.9375;-0.398193359375;0.31884765625;-0.29669189453125;-0.80731201171875;-0.6860000491142273;0.09000000357627869;0.38200002908706665;-0.7360000610351562;0.2200000137090683;0.6080000400543213
706831.0;-1.4230000972747803;0.3110000193119049;0.9910000562667847;48.1875;-13.5;-10.375;-2531.0;-3821.0;2041.0;230.875;-46.0625;-18.8125;-0.39111328125;0.3045654296875;-0.28125;-0.82171630859375;-0.7010000348091125;0.07900000363588333;0.3620000183582306;-0.706000030040741;0.21900001168251038;0.6430000066757202
706841.0;-1.408000111579895;0.2990000247955322;1.0049999952316284;48.1875;-13.5;-10.375;-2531.0;-3821.0;2041.0;230.875;-46.0625;-18.8125;-0.39111328125;0.3045654296875;-0.28125;-0.82171630859375;-0.7010000348091125;0.07900000363588333;0.3620000183582306;-0.6740000247955322;0.21800000965595245;0.6770000457763672
706851.0;-1.3950001001358032;0.3140000104904175;1.0260000228881836;43.0;-16.375;-20.25;-2324.0;-3924.0;2039.0;229.375;-43.4375;-17.8125;-0.38421630859375;0.28924560546875;-0.2662353515625;-0.83538818359375;-0.7210000157356262;0.09600000083446503;0.34800001978874207;-0.6740000247955322;0.21800000965595245;0.6770000457763672
706861.0;-1.3570001125335693;0.35600000619888306;1.0380001068115234;43.0;-16.375;-20.25;-2230.0;-4017.0;2046.0;226.5;-38.0;-15.9375;-0.37017822265625;0.25628662109375;-0.23590087890625;-0.8612060546875;-0.7260000109672546;0.15700000524520874;0.2980000078678131;-0.6040000319480896;0.2120000123977661;0.7420000433921814
706864.0;-1.3570001125335693;0.35600000619888306;1.0380001068115234;43.0;-16.375;-20.25;-2230.0;-4017.0;2046.0;226.5;-38.0;-15.9375;-0.37017822265625;0.25628662109375;-0.23590087890625;-0.8612060546875;-0.7260000109672546;0.15700000524520874;0.2980000078678131;-0.6040000319480896;0.2120000123977661;0.7420000433921814
706874.0;-1.3300000429153442;0.3700000047683716;1.0410000085830688;43.0;-16.375;-20.25;-2244.0;-4123.0;2053.0;225.0625;-35.1875;-14.875;-0.3626708984375;0.23907470703125;-0.219482421875;-0.87359619140625;-0.7310000061988831;0.1730000078678131;0.2880000174045563;-0.5649999976158142;0.20600001513957977;0.7740000486373901
706884.0;-1.2960000038146973;0.3790000081062317;1.062000036239624;43.0;-16.375;-20.25;-2390.0;-4222.0;2071.0;223.625;-32.375;-13.6875;-0.35455322265625;0.22161865234375;-0.201904296875;-0.88568115234375;-0.737000048160553;0.17100000381469727;0.2580000162124634;-0.5250000357627869;0.19600000977516174;0.8040000200271606
706894.0;-1.2620000839233398;0.367000013589859;1.062000036239624;43.0;-16.375;-20.25;-2582.0;-4304.0;2097.0;223.625;-32.375;-13.6875;-0.35455322265625;0.22161865234375;-0.201904296875;-0.88568115234375;-0.737000048160553;0.17100000381469727;0.2580000162124634;-0.5250000357627869;0.19600000977516174;0.8040000200271606
706901.0;-1.2170000076293945;0.289000004529953;1.0520000457763672;35.1875;-17.5;-31.375;-2673.0;-4370.0;2106.0;222.125;-29.5;-12.5;-0.3460693359375;0.203857421875;-0.18359375;-0.897216796875;-0.734000027179718;0.10400000214576721;0.21900001168251038;-0.4830000102519989;0.18400001525878906;0.8330000638961792
706911.0;-1.2030000686645508;0.2460000067949295;1.037000060081482;35.1875;-17.5;-31.375;-2600.0;-4425.0;2118.0;220.75;-26.625;-11.25;-0.3284912109375;0.16619873046875;-0.14825439453125;-0.9178466796875;-0.8050000667572021;0.03500000014901161;0.12200000882148743;-0.39400002360343933;0.15900000929832458;0.8830000162124634
706921.0;-1.2000000476837158;0.19500000774860382;1.00600004196167;35.1875;-17.5;-31.375;-2339.0;-4494.0;2166.0;219.375;-23.6875;-10.25;-0.31939697265625;0.1455078125;-0.1328125;-0.92694091796875;-0.8350000381469727;0.023000001907348633;0.07900000363588333;-0.34700000286102295;0.15000000596046448;0.9040000438690186
706931.0;-1.183000087738037;0.1730000078678131;0.9830000400543213;35.1875;-17.5;-31.375;-1946.0;-4585.0;2245.0;218.0;-20.75;-9.375;-0.30975341796875;0.1234130859375;-0.11907958984375;-0.93524169921875;-0.7790000438690186;0.06599999964237213;0.07600000500679016;-0.2980000078678131;0.14300000667572021;0.9220000505447388
706934.0;-1.183000087738037;0.1730000078678131;0.9830000400543213;35.1875;-17.5;-31.375;-1946.0;-4585.0;2245.0;218.0;-20.75;-9.375;-0.30975341796875;0.1234130859375;-0.11907958984375;-0.93524169921875;-0.7790000438690186;0.06599999964237213;0.07600000500679016;-0.2980000078678131;0.14300000667572021;0.9220000505447388
706944.0;-1.0780000686645508;0.20900000631809235;0.999000072479248;35.1875;-17.5;-31.375;-1546.0;-4696.0;2366.0;216.625;-17.6875;-8.8125;-0.30975341796875;0.1234130859375;-0.11907958984375;-0.93524169921875;-0.7790000438690186;0.06599999964237213;0.07600000500679016;-0.2980000078678131;0.14300000667572021;0.9220000505447388
706954.0;-1.0260000228881836;0.25600001215934753;0.9970000386238098;24.875;-15.5625;-39.5625;-1333.0;-4776.0;2495.0;215.1875;-14.625;-8.3125;-0.2994384765625;0.10040283203125;-0.10626220703125;-0.94287109375;-0.7780000567436218;0.11800000816583633;0.058000002056360245;-0.24800001084804535;0.13700000941753387;0.9380000233650208
706964.0;-0.9810000658035278;0.2939999997615814;0.9850000739097595;24.875;-15.5625;-39.5625;-1354.0;-4809.0;2515.0;213.8125;-11.5625;-7.75;-0.288818359375;0.07720947265625;-0.09320068359375;-0.94970703125;-0.7580000162124634;0.19500000774860382;-0.012000000104308128;-0.14400000870227814;0.11800000816583633;0.9620000720024109
706968.0;-0.9810000658035278;0.2939999997615814;0.9850000739097595;24.875;-15.5625;-39.5625;-1354.0;-4809.0;2515.0;213.8125;-11.5625;-7.75;-0.288818359375;0.07720947265625;-0.09320068359375;-0.94970703125;-0.7580000162124634;0.19500000774860382;-0.012000000104308128;-0.14400000870227814;0.11800000816583633;0.9620000720024109
706978.0;-0.9030000567436218;0.3140000104904175;0.9500000476837158;24.875;-15.5625;-39.5625;-1542.0;-4809.0;2401.0;212.4375;-8.4375;-7.0;-0.27838134765625;0.05419921875;-0.0791015625;-0.9556884765625;-0.7910000085830688;0.19700001180171967;-0.05000000074505806;-0.09300000220537186;0.10200000554323196;0.9700000286102295
706988.0;-0.8850000500679016;0.30000001192092896;0.9200000166893005;24.875;-15.5625;-39.5625;-1842.0;-4802.0;2233.0;211.1875;-5.4375;-6.0;-0.2684326171875;0.03173828125;-0.0633544921875;-0.960693359375;-0.8290000557899475;0.17900000512599945;-0.0990000069141388;-0.04200000315904617;0.08100000023841858;0.9760000705718994
706998.0;-0.8710000514984131;0.2600000202655792;0.8760000467300415;24.875;-15.5625;-39.5625;-2161.0;-4781.0;2069.0;210.0625;-2.4375;-4.75;-0.25909423828125;0.0098876953125;-0.0458984375;-0.9647216796875;-0.8290000557899475;0.17900000512599945;-0.0990000069141388;-0.04200000315904617;0.08100000023841858;0.9760000705718994
707002.0;-0.843000054359436;0.21800000965595245;0.8290000557899475;12.25;-16.0;-44.6875;-2426.0;-4764.0;1952.0;208.9375;0.5;-3.3125;-0.25006103515625;-0.01153564453125;-0.02716064453125;-0.9677734375;-0.8520000576972961;0.16100001335144043;-0.14900000393390656;0.00800000037997961;0.05700000375509262;0.9780000448226929
707012.0;-0.7040000557899475;0.1300000101327896;0.7160000205039978;12.25;-16.0;-44.6875;-2594.0;-4745.0;1911.0;207.875;3.375;-1.6875;-0.24102783203125;-0.03265380859375;-0.00750732421875;-0.969970703125;-0.7630000114440918;0.10100000351667404;-0.26100000739097595;0.10700000822544098;0.0;0.9740000367164612
707022.0;-0.6330000162124634;0.10200000554323196;0.6700000166893005;12.25;-16.0;-44.6875;-2649.0;-4699.0;1931.0;206.8125;6.25;0.0;-0.231689453125;-0.0533447265625;0.01239013671875;-0.97125244140625;-0.7400000095367432;0.10200000554323196;-0.30300000309944153;0.10700000822544098;0.0;0.9740000367164612
707032.0;-0.578000009059906;0.07200000435113907;0.6570000052452087;12.25;-16.0;-44.6875;-2623.0;-4663.0;1964.0;205.6875;9.0625;1.6875;-0.221923828125;-0.07391357421875;0.03204345703125;-0.97174072265625;-0.7330000400543213;0.10100000351667404;-0.3100000023841858;0.15400001406669617;-0.02800000086426735;0.9670000672340393
707036.0;-0.578000009059906;0.07200000435113907;0.6570000052452087;12.25;-16.0;-44.6875;-2623.0;-4663.0;1964.0;205.6875;9.0625;1.6875;-0.221923828125;-0.07391357421875;0.03204345703125;-0.97174072265625;-0.7330000400543213;0.10100000351667404;-0.3100000023841858;0.15400001406669617;-0.02800000086426735;0.9670000672340393
707046.0;-0.5290000438690186;0.03200000151991844;0.6150000095367432;12.25;-16.0;-44.6875;-2542.0;-4603.0;1931.0;204.625;11.75;3.4375;-0.212158203125;-0.09417724609375;0.05120849609375;-0.9713134765625;-0.7300000190734863;0.09000000357627869;-0.34200000762939453;0.20000000298023224;-0.058000002056360245;0.9580000638961792
707056.0;-0.43300002813339233;-0.03700000047683716;0.597000002861023;-1.0625;-9.25;-47.1875;-2410.0;-4547.0;1819.0;203.5625;14.4375;5.25;-0.20269775390625;-0.1142578125;0.069580078125;-0.97003173828125;-0.6780000329017639;0.049000002443790436;-0.34800001978874207;0.24500000476837158;-0.0860000029206276;0.9450000524520874
707066.0;-0.38600000739097595;-0.06200000271201134;0.5690000057220459;-1.0625;-9.25;-47.1875;-2214.0;-4505.0;1707.0;202.5625;17.0625;6.9375;-0.19354248046875;-0.13427734375;0.08673095703125;-0.96795654296875;-0.6740000247955322;0.05100000277161598;-0.36100003123283386;0.28700000047683716;-0.11300000548362732;0.9300000667572021
707071.0;-0.3570000231266022;-0.06300000101327896;0.5240000486373901;-1.0625;-9.25;-47.1875;-1940.0;-4509.0;1579.0;201.625;19.625;8.5625;-0.18475341796875;-0.154541015625;0.10235595703125;-0.96514892578125;-0.687000036239624;0.07300000637769699;-0.3880000114440918;0.3290000259876251;-0.13700000941753387;0.9130000472068787
707081.0;-0.24300001561641693;-0.03700000047683716;0.43300002813339233;-1.0625;-9.25;-47.1875;-1639.0;-4499.0;1447.0;200.75;22.125;10.0625;-0.17620849609375;-0.175048828125;0.1162109375;-0.961669921875;-0.6130000352859497;0.12000000476837158;-0.46000000834465027;0.3700000047683716;-0.15800000727176666;0.8940000534057617
707091.0;-0.1940000057220459;-0.01600000075995922;0.3960000276565552;-1.0625;-9.25;-47.1875;-1357.0;-4486.0;1308.0;199.875;24.6875;11.4375;-0.16802978515625;-0.1956787109375;0.12841796875;-0.95758056640625;-0.6030000448226929;0.15900000929832458;-0.47700002789497375;0.4090000092983246;-0.17600001394748688;0.8730000257492065
707101.0;-0.15700000524520874;-0.0020000000949949026;0.3490000069141388;-13.25;-3.75;-47.5625;-1157.0;-4450.0;1198.0;199.0625;27.125;12.75;-0.16009521484375;-0.21624755859375;0.139404296875;-0.9530029296875;-0.6050000190734863;0.18900001049041748;-0.5010000467300415;0.4480000138282776;-0.19200000166893005;0.8500000238418579
707103.0;-0.15700000524520874;-0.0020000000949949026;0.3490000069141388;-13.25;-3.75;-47.5625;-1157.0;-4450.0;1198.0;199.0625;27.125;12.75;-0.16009521484375;-0.21624755859375;0.139404296875;-0.9530029296875;-0.6050000190734863;0.18900001049041748;-0.5010000467300415;0.4480000138282776;-0.19200000166893005;0.8500000238418579
707113.0;-0.11800000816583633;-0.007000000216066837;0.3140000104904175;-13.25;-3.75;-47.5625;-1057.0;-4387.0;1152.0;198.1875;29.5625;14.0625;-0.1522216796875;-0.23651123046875;0.14971923828125;-0.9478759765625;-0.6030000448226929;0.20000000298023224;-0.5120000243186951;0.484000027179718;-0.2070000171661377;0.8260000348091125
707123.0;-0.04800000041723251;-0.05300000309944153;0.2240000069141388;-13.25;-3.75;-47.5625;-1008.0;-4320.0;1103.0;197.375;31.9375;15.4375;-0.14447021484375;-0.25640869140625;0.1595458984375;-0.94232177734375;-0.5670000314712524;0.1680000126361847;-0.5770000219345093;0.5190000534057617;-0.22200001776218414;0.8010000586509705
707133.0;0.0;-0.09300000220537186;0.19500000774860382;-13.25;-3.75;-47.5625;-948.0;-4202.0;1065.0;196.625;34.1875;16.875;-0.13690185546875;-0.27557373046875;0.16888427734375;-0.93634033203125;-0.5509999990463257;0.1420000046491623;-0.5790000557899475;0.5509999990463257;-0.23600001633167267;0.7750000357627869
707143.0;0.03800000250339508;-0.1380000114440918;0.18800000846385956;-13.25;-3.75;-47.5625;-861.0;-4089.0;1054.0;195.8125;36.375;18.375;-0.1292724609375;-0.294189453125;0.1776123046875;-0.93017578125;-0.5430000424385071;0.11000000685453415;-0.5600000023841858;0.581000030040741;-0.24900001287460327;0.7490000128746033
707146.0;0.03800000250339508;-0.1380000114440918;0.18800000846385956;-13.25;-3.75;-47.5625;-861.0;-4089.0;1054.0;195.8125;36.375;18.375;-0.1292724609375;-0.294189453125;0.1776123046875;-0.93017578125;-0.5430000424385071;0.11000000685453415;-0.5600000023841858;0.581000030040741;-0.24900001287460327;0.7490000128746033
707156.0;0.03800000250339508;-0.1380000114440918;0.18800000846385956;-13.25;-3.75;-47.5625;-802.0;-3951.0;1053.0;194.9375;38.375;19.9375;-0.12158203125;-0.31195068359375;0.18585205078125;-0.92376708984375;-0.5170000195503235;0.08800000697374344;-0.5430000424385071;0.609000027179718;-0.26200002431869507;0.7220000624656677
707166.0;0.09200000762939453;-0.1730000078678131;0.17800000309944153;-24.0625;0.25;-43.5;-770.0;-3818.0;1026.0;194.125;40.3125;21.5625;-0.11407470703125;-0.32904052734375;0.19366455078125;-0.91717529296875;-0.4660000205039978;0.06100000441074371;-0.5900000333786011;0.6350000500679016;-0.27400001883506775;0.6940000057220459
707176.0;0.1680000126361847;-0.21300001442432404;0.10300000756978989;-24.0625;0.25;-43.5;-767.0;-3663.0;969.0;193.375;42.1875;23.25;-0.10699462890625;-0.34521484375;0.20123291015625;-0.910400390625;-0.43400001525878906;0.039000000804662704;-0.6190000176429749;0.6580000519752502;-0.28600001335144043;0.6670000553131104
707181.0;0.22300000488758087;-0.24700000882148743;0.04700000211596489;-24.0625;0.25;-43.5;-765.0;-3490.0;921.0;192.625;43.875;25.0;-0.1002197265625;-0.36053466796875;0.20855712890625;-0.90362548828125;-0.3890000283718109;0.01900000125169754;-0.6610000133514404;0.6790000200271606;-0.2980000078678131;0.64000004529953
707191.0;0.2900000214576721;-0.27900001406669617;-0.021000001579523087;-24.0625;0.25;-43.5;-802.0;-3270.0;885.0;191.9375;45.4375;26.8125;-0.0938720703125;-0.3746337890625;0.21575927734375;-0.89678955078125;-0.3190000057220459;0.01100000087171793;-0.6540000438690186;0.6980000138282776;-0.3100000023841858;0.6140000224113464
707201.0;0.3790000081062317;-0.2980000078678131;-0.04000000283122063;-24.0625;0.25;-43.5;-802.0;-3270.0;885.0;191.3125;46.8125;28.75;-0.08819580078125;-0.38751220703125;0.2232666015625;-0.89007568359375;-0.320000022649765;0.036000002175569534;-0.5940000414848328;0.7150000333786011;-0.32200002670288086;0.5879999995231628
707211.0;0.39400002360343933;-0.28600001335144043;-0.005000000353902578;-33.0625;5.5625;-36.875;-924.0;-3032.0;862.0;190.75;48.0;30.8125;-0.08331298828125;-0.39910888671875;0.231689453125;-0.88323974609375;-0.3320000171661377;0.07100000232458115;-0.5380000472068787;0.7290000319480896;-0.3360000252723694;0.562000036239624
707214.0;0.39400002360343933;-0.28600001335144043;-0.005000000353902578;-33.0625;5.5625;-36.875;-924.0;-3032.0;862.0;190.75;48.0;30.8125;-0.08331298828125;-0.39910888671875;0.231689453125;-0.88323974609375;-0.3320000171661377;0.07100000232458115;-0.5380000472068787;0.7290000319480896;-0.3360000252723694;0.562000036239624
707224.0;0.3960000276565552;-0.2639999985694885;0.024000000208616257;-33.0625;5.5625;-36.875;-1446.0;-2621.0;824.0;190.3125;49.0625;33.125;-0.07928466796875;-0.40966796875;0.24127197265625;-0.87615966796875;-0.3440000116825104;0.10600000619888306;-0.49900001287460327;0.7410000562667847;-0.3500000238418579;0.5370000004768372
707234.0;0.3960000276565552;-0.24400001764297485;0.03700000047683716;-33.0625;5.5625;-36.875;-1712.0;-2467.0;875.0;189.9375;50.0;35.6875;-0.0758056640625;-0.419189453125;0.2520751953125;-0.868896484375;-0.3880000114440918;0.08300000429153442;-0.4300000071525574;0.7510000467300415;-0.367000013589859;0.5110000371932983
707244.0;0.3630000054836273;-0.28300002217292786;0.08000000566244125;-33.0625;5.5625;-36.875;-1904.0;-2318.0;960.0;189.5625;50.8125;38.375;-0.072509765625;-0.427734375;0.26385498046875;-0.86151123046875;-0.43400001525878906;0.036000002175569534;-0.40400001406669617;0.7600000500679016;-0.3840000033378601;0.48500001430511475
707248.0;0.3630000054836273;-0.28300002217292786;0.08000000566244125;-33.0625;5.5625;-36.875;-1904.0;-2318.0;960.0;189.5625;50.8125;38.375;-0.072509765625;-0.427734375;0.26385498046875;-0.86151123046875;-0.43400001525878906;0.036000002175569534;-0.40400001406669617;0.7600000500679016;-0.3840000033378601;0.48500001430511475
707258.0;0.32500001788139343;-0.34800001978874207;0.08000000566244125;-33.0625;5.5625;-36.875;-1904.0;-2318.0;960.0;189.5625;50.8125;38.375;-0.072509765625;-0.427734375;0.26385498046875;-0.86151123046875;-0.43400001525878906;0.036000002175569534;-0.40400001406669617;0.7670000195503235;-0.4020000100135803;0.45900002121925354
707268.0;0.3110000193119049;-0.42500001192092896;0.0560000017285347;-37.5;8.0625;-32.6875;-1968.0;-2245.0;1000.0;189.1875;51.4375;41.25;-0.06884765625;-0.43585205078125;0.27569580078125;-0.85400390625;-0.45500001311302185;-0.02200000174343586;-0.4020000100135803;0.7730000615119934;-0.4190000295639038;0.4320000112056732
707278.0;0.3150000274181366;-0.49500003457069397;0.015000000596046448;-37.5;8.0625;-32.6875;-1834.0;-2298.0;978.0;188.25;52.6875;46.875;-0.06072998046875;-0.4527587890625;0.29669189453125;-0.838623046875;-0.4240000247955322;-0.1210000067949295;-0.46400001645088196;0.7800000309944153;-0.43400001525878906;0.4050000309944153
707285.0;0.35500001907348633;-0.5550000071525574;-0.058000002056360245;-37.5;8.0625;-32.6875;-1479.0;-2408.0;977.0;187.5;53.25;49.5;-0.0546875;-0.46209716796875;0.30413818359375;-0.83123779296875;-0.41100001335144043;-0.09300000220537186;-0.42100003361701965;0.7860000133514404;-0.44600000977516174;0.3800000250339508
707295.0;0.37400001287460327;-0.5400000214576721;-0.04100000113248825;-37.5;8.0625;-32.6875;-970.0;-2543.0;994.0;186.5;53.8125;52.0;-0.04705810546875;-0.47210693359375;0.30926513671875;-0.82415771484375;-0.4280000329017639;-0.05300000309944153;-0.32100000977516174;0.7910000085830688;-0.45600003004074097;0.35500001907348633
707305.0;0.3630000054836273;-0.5090000033378601;0.03400000184774399;-37.5;8.0625;-32.6875;-443.0;-2681.0;999.0;186.5;53.8125;52.0;-0.04705810546875;-0.47210693359375;0.30926513671875;-0.82415771484375;-0.4280000329017639;-0.05300000309944153;-0.32100000977516174;0.7910000085830688;-0.45600003004074097;0.35500001907348633
707315.0;0.3270000219345093;-0.48100003600120544;0.10000000149011612;-41.5625;12.25;-26.5625;-59.0;-2803.0;1012.0;185.125;54.3125;54.4375;-0.0367431640625;-0.483154296875;0.31182861328125;-0.81732177734375;-0.4690000116825104;-0.01600000075995922;-0.23100000619888306;0.796000063419342;-0.4650000333786011;0.3320000171661377
707321.0;0.27900001406669617;-0.484000027179718;0.14000000059604645;-41.5625;12.25;-26.5625;126.0;-2914.0;1022.0;183.8125;54.8125;56.875;-0.017333984375;-0.5050048828125;0.3167724609375;-0.80267333984375;-0.5240000486373901;-0.03400000184774399;-0.18000000715255737;0.8050000667572021;-0.48100003600120544;0.28300002217292786
707331.0;0.281000018119812;-0.51500004529953;0.10300000756978989;-41.5625;12.25;-26.5625;173.0;-2995.0;1036.0;182.4375;55.25;59.4375;-0.00701904296875;-0.51617431640625;0.31903076171875;-0.7947998046875;-0.5300000309944153;-0.036000002175569534;-0.1860000044107437;0.8090000152587891;-0.49000000953674316;0.2580000162124634
707341.0;0.27800002694129944;-0.5260000228881836;0.07200000435113907;-41.5625;12.25;-26.5625;204.0;-3076.0;1086.0;181.0;55.5625;62.1875;0.00396728515625;-0.52740478515625;0.321044921875;-0.78662109375;-0.5410000085830688;-0.024000000208616257;-0.25600001215934753;0.8110000491142273;-0.49900001287460327;0.23200000822544098
707351.0;0.26900002360343933;-0.5230000019073486;-0.023000001907348633;-41.5625;12.25;-26.5625;290.0;-3162.0;1163.0;179.375;55.8125;64.9375;0.00396728515625;-0.52740478515625;0.321044921875;-0.78662109375;-0.5410000085830688;-0.024000000208616257;-0.25600001215934753;0.8110000491142273;-0.49900001287460327;0.23200000822544098
707354.0;0.26900002360343933;-0.5230000019073486;-0.023000001907348633;-41.5625;12.25;-26.5625;290.0;-3162.0;1163.0;179.375;55.8125;64.9375;0.00396728515625;-0.52740478515625;0.321044921875;-0.78662109375;-0.5410000085830688;-0.024000000208616257;-0.25600001215934753;0.8110000491142273;-0.49900001287460327;0.23200000822544098
707364.0;0.2900000214576721;-0.531000018119812;-0.1120000034570694;-44.375;15.5625;-21.1875;428.0;-3240.0;1238.0;177.625;55.875;67.8125;0.01580810546875;-0.5386962890625;0.32257080078125;-0.77813720703125;-0.5210000276565552;-0.02200000174343586;-0.3190000057220459;0.812000036239624;-0.5080000162124634;0.2070000171661377
707374.0;0.3360000252723694;-0.5470000505447388;-0.22200001776218414;-44.375;15.5625;-21.1875;557.0;-3295.0;1241.0;175.8125;55.875;70.625;0.028076171875;-0.54998779296875;0.323486328125;-0.76947021484375;-0.4240000247955322;-0.036000002175569534;-0.4190000295639038;0.8110000491142273;-0.527999997138977;0.15700000524520874
707384.0;0.38600000739097595;-0.5640000104904175;-0.26200002431869507;-44.375;15.5625;-21.1875;610.0;-3297.0;1260.0;173.875;55.75;73.375;0.04058837890625;-0.56103515625;0.3240966796875;-0.7606201171875;-0.48000001907348633;0.0010000000474974513;-0.37300002574920654;0.8080000281333923;-0.5390000343322754;0.13199999928474426
707391.0;0.3270000219345093;-0.5380000472068787;-0.2410000115633011;-44.375;15.5625;-21.1875;495.0;-3229.0;1391.0;171.875;55.5;76.1875;0.05316162109375;-0.5714111328125;0.32550048828125;-0.75146484375;-0.34300002455711365;-0.006000000052154064;-0.37700000405311584;0.8010000586509705;-0.5540000200271606;0.10700000822544098
707401.0;0.4580000340938568;-0.5610000491142273;-0.26900002360343933;-44.375;15.5625;-21.1875;189.0;-3055.0;1786.0;169.8125;54.8125;79.0;0.0660400390625;-0.58026123046875;0.3292236328125;-0.741943359375;-0.34300002455711365;-0.006000000052154064;-0.37700000405311584;0.8010000586509705;-0.5540000200271606;0.10700000822544098
707411.0;0.4780000150203705;-0.6510000228881836;-0.27400001883506775;-46.25;17.75;-13.25;-129.0;-2877.0;1886.0;167.8125;54.0;81.75;0.07806396484375;-0.5882568359375;0.33447265625;-0.732177734375;-0.3140000104904175;-0.08000000566244125;-0.35600000619888306;0.7930000424385071;-0.5700000524520874;0.0820000022649765
707421.0;0.43700000643730164;-0.690000057220459;-0.3360000252723694;-46.25;17.75;-13.25;-248.0;-2747.0;1682.0;166.0;53.1875;84.25;0.088623046875;-0.59588623046875;0.3394775390625;-0.72235107421875;-0.34700000286102295;-0.10600000619888306;-0.39400002360343933;0.7750000357627869;-0.5980000495910645;0.03400000184774399
707425.0;0.43700000643730164;-0.690000057220459;-0.3360000252723694;-46.25;17.75;-13.25;-248.0;-2747.0;1682.0;166.0;53.1875;84.25;0.088623046875;-0.59588623046875;0.3394775390625;-0.72235107421875;-0.34700000286102295;-0.10600000619888306;-0.39400002360343933;0.7750000357627869;-0.5980000495910645;0.03400000184774399
707435.0;0.4240000247955322;-0.7660000324249268;-0.4700000286102295;-46.25;17.75;-13.25;-307.0;-2606.0;1714.0;164.1875;52.25;86.625;0.09881591796875;-0.60284423828125;0.3447265625;-0.71270751953125;-0.35100001096725464;-0.16700001060962677;-0.5040000081062317;0.7750000357627869;-0.5980000495910645;0.03400000184774399
707445.0;0.534000039100647;-0.8130000233650208;-0.5320000052452087;-46.25;17.75;-13.25;-336.0;-2483.0;1671.0;162.4375;51.3125;88.8125;0.10858154296875;-0.60919189453125;0.3499755859375;-0.7032470703125;-0.23100000619888306;-0.20100000500679016;-0.5440000295639038;0.76500004529953;-0.612000048160553;0.012000000104308128
707455.0;0.5330000519752502;-0.8110000491142273;-0.531000018119812;-46.25;17.75;-13.25;-404.0;-2349.0;1615.0;160.75;50.3125;90.8125;0.1175537109375;-0.6151123046875;0.35528564453125;-0.6939697265625;-0.22100001573562622;-0.1860000044107437;-0.5220000147819519;0.7550000548362732;-0.625;-0.009000000543892384
707459.0;0.5330000519752502;-0.8110000491142273;-0.531000018119812;-46.25;17.75;-13.25;-404.0;-2349.0;1615.0;160.75;50.3125;90.8125;0.1175537109375;-0.6151123046875;0.35528564453125;-0.6939697265625;-0.22100001573562622;-0.1860000044107437;-0.5220000147819519;0.7550000548362732;-0.625;-0.009000000543892384
707469.0;0.4650000333786011;-0.8400000333786011;-0.5400000214576721;-45.0625;22.25;-6.75;-497.0;-2173.0;1512.0;159.1875;49.375;92.625;0.12554931640625;-0.6204833984375;0.36065673828125;-0.6849365234375;-0.27900001406669617;-0.203000009059906;-0.5100000500679016;0.7440000176429749;-0.6370000243186951;-0.029000001028180122
707479.0;0.4540000259876251;-0.8490000367164612;-0.534000039100647;-45.0625;22.25;-6.75;-562.0;-2006.0;1410.0;157.75;48.4375;94.3125;0.13262939453125;-0.6253662109375;0.365966796875;-0.67633056640625;-0.27900001406669617;-0.20100000500679016;-0.48500001430511475;0.734000027179718;-0.6480000019073486;-0.049000002443790436
707489.0;0.42600002884864807;-0.8370000123977661;-0.5220000147819519;-45.0625;22.25;-6.75;-604.0;-1860.0;1316.0;156.5;47.5625;95.8125;0.138916015625;-0.6298828125;0.37109375;-0.66802978515625;-0.2970000207424164;-0.17900000512599945;-0.45500001311302185;0.7240000367164612;-0.6570000052452087;-0.06700000166893005
707493.0;0.3890000283718109;-0.8230000138282776;-0.5;-45.0625;22.25;-6.75;-604.0;-1744.0;1262.0;155.25;46.6875;97.25;0.144775390625;-0.6339111328125;0.37615966796875;-0.66009521484375;-0.3240000009536743;-0.15600000321865082;-0.4150000214576721;0.7130000591278076;-0.6660000085830688;-0.08500000089406967
707503.0;0.3050000071525574;-0.7730000615119934;-0.492000013589859;-45.0625;22.25;-6.75;-567.0;-1653.0;1201.0;154.0;45.8125;98.5;0.15032958984375;-0.6376953125;0.380859375;-0.6524658203125;-0.398000031709671;-0.09700000286102295;-0.39000001549720764;0.703000009059906;-0.675000011920929;-0.10100000351667404
707513.0;0.15700000524520874;-0.6240000128746033;-0.5139999985694885;-43.5625;25.5625;0.1875;-512.0;-1628.0;1275.0;152.75;44.9375;99.6875;0.15625;-0.64111328125;0.3856201171875;-0.6448974609375;-0.534000039100647;0.05900000408291817;-0.3970000147819519;0.6920000314712524;-0.6840000152587891;-0.11700000613927841
707523.0;0.4270000159740448;-0.6770000457763672;-0.5260000228881836;-43.5625;25.5625;0.1875;-636.0;-1710.0;1679.0;151.1875;43.75;100.875;0.163330078125;-0.64398193359375;0.3919677734375;-0.6363525390625;-0.25;0.017000000923871994;-0.3920000195503235;0.6780000329017639;-0.6950000524520874;-0.1340000033378601
707527.0;0.4270000159740448;-0.6770000457763672;-0.5260000228881836;-43.5625;25.5625;0.1875;-636.0;-1710.0;1679.0;151.1875;43.75;100.875;0.163330078125;-0.64398193359375;0.3919677734375;-0.6363525390625;-0.25;0.017000000923871994;-0.3920000195503235;0.6780000329017639;-0.6950000524520874;-0.1340000033378601
707537.0;0.5400000214576721;-0.7700000405311584;-0.4880000352859497;-43.5625;25.5625;0.1875;-1093.0;-1721.0;1608.0;149.875;42.5625;102.3125;0.16851806640625;-0.6473388671875;0.39959716796875;-0.62677001953125;-0.12200000882148743;-0.0650000050663948;-0.33400002121925354;0.6630000472068787;-0.7050000429153442;-0.15400001406669617
707547.0;0.1980000138282776;-0.7990000247955322;-0.534000039100647;-43.5625;25.5625;0.1875;-1160.0;-1441.0;781.0;149.1875;41.875;103.6875;0.170166015625;-0.65142822265625;0.40484619140625;-0.61871337890625;-0.4570000171661377;-0.09000000357627869;-0.36100003123283386;0.6550000309944153;-0.7080000042915344;-0.1730000078678131
707557.0;0.24700000882148743;-0.7900000214576721;-0.5470000505447388;-43.5625;25.5625;0.1875;-1014.0;-1456.0;987.0;148.3125;41.125;104.9375;0.17303466796875;-0.65496826171875;0.41021728515625;-0.610595703125;-0.3970000147819519;-0.07700000703334808;-0.35600000619888306;0.6450000405311584;-0.7130000591278076;-0.1900000125169754
707561.0;0.24700000882148743;-0.7900000214576721;-0.5470000505447388;-42.0625;28.875;1.875;-714.0;-1573.0;988.0;147.1875;40.25;106.0;0.1771240234375;-0.65850830078125;0.41448974609375;-0.6026611328125;-0.2880000174045563;-0.01900000125169754;-0.3540000021457672;0.6340000033378601;-0.718000054359436;-0.20600001513957977
707571.0;0.3450000286102295;-0.7380000352859497;-0.5610000491142273;-42.0625;28.875;1.875;-711.0;-1589.0;1150.0;145.9375;39.3125;107.0625;0.18182373046875;-0.66168212890625;0.419189453125;-0.594482421875;-0.22600001096725464;0.04200000315904617;-0.359000027179718;0.6220000386238098;-0.7240000367164612;-0.22200001776218414
707581.0;0.39500001072883606;-0.6810000538825989;-0.5820000171661377;-42.0625;28.875;1.875;-821.0;-1461.0;1118.0;144.8125;38.4375;108.0625;0.1856689453125;-0.66455078125;0.42425537109375;-0.58642578125;-0.22700001299381256;-0.05400000140070915;-0.40400001406669617;0.609000027179718;-0.7290000319480896;-0.23800000548362732
707591.0;0.38200002908706665;-0.784000039100647;-0.6420000195503235;-42.0625;28.875;1.875;-750.0;-1332.0;950.0;143.8125;37.625;109.0;0.18896484375;-0.667236328125;0.4285888671875;-0.57916259765625;-0.19500000774860382;-0.1290000081062317;-0.42100003361701965;0.5990000367164612;-0.734000027179718;-0.25200000405311584
707594.0;0.38200002908706665;-0.784000039100647;-0.6420000195503235;-42.0625;28.875;1.875;-750.0;-1332.0;950.0;143.8125;37.625;109.0;0.18896484375;-0.667236328125;0.4285888671875;-0.57916259765625;-0.19500000774860382;-0.1290000081062317;-0.42100003361701965;0.5990000367164612;-0.734000027179718;-0.25200000405311584
707604.0;0.40300002694129944;-0.8630000352859497;-0.6740000247955322;-42.0625;28.875;1.875;-504.0;-1249.0;716.0;142.875;36.9375;109.6875;0.19219970703125;-0.669921875;0.431396484375;-0.5728759765625;-0.16500000655651093;-0.1550000011920929;-0.453000009059906;0.5900000333786011;-0.737000048160553;-0.2639999985694885
707614.0;0.4240000247955322;-0.8920000195503235;-0.718000054359436;-42.0625;28.875;1.875;-504.0;-1249.0;716.0;142.875;36.9375;109.6875;0.19573974609375;-0.67236328125;0.4329833984375;-0.567626953125;-0.15400001406669617;-0.125;-0.5210000276565552;0.5820000171661377;-0.7400000095367432;-0.27300000190734863
707624.0;0.4270000159740448;-0.8650000691413879;-0.7950000166893005;-39.5;30.375;6.875;-233.0;-1165.0;574.0;141.0;35.9375;110.625;0.1993408203125;-0.67449951171875;0.43359375;-0.56329345703125;-0.15000000596046448;-0.1420000046491623;-0.5509999990463257;0.5750000476837158;-0.7420000433921814;-0.2800000011920929
707628.0;0.4270000159740448;-0.8650000691413879;-0.7950000166893005;-39.5;30.375;6.875;-233.0;-1165.0;574.0;141.0;35.9375;110.625;0.1993408203125;-0.67449951171875;0.43359375;-0.56329345703125;-0.15000000596046448;-0.1420000046491623;-0.5509999990463257;0.5750000476837158;-0.7420000433921814;-0.2800000011920929
707638.0;0.4240000247955322;-0.8840000629425049;-0.831000030040741;-39.5;30.375;6.875;66.0;-888.0;353.0;140.1875;35.5;110.9375;0.20263671875;-0.67626953125;0.4337158203125;-0.55987548828125;-0.15600000321865082;-0.16100001335144043;-0.5730000138282776;0.5700000524520874;-0.7450000643730164;-0.2850000262260437
707648.0;0.4130000174045563;-0.906000018119812;-0.8580000400543213;-39.5;30.375;6.875;128.0;-700.0;272.0;139.5;35.1875;111.0625;0.20550537109375;-0.67755126953125;0.43359375;-0.557373046875;-0.19300000369548798;-0.17900000512599945;-0.5570000410079956;0.5649999976158142;-0.7470000386238098;-0.2880000174045563
707658.0;0.3720000088214874;-0.9270000457763672;-0.8450000286102295;-39.5;30.375;6.875;123.0;-525.0;254.0;138.9375;34.9375;111.1875;0.2078857421875;-0.67840576171875;0.43353271484375;-0.5555419921875;-0.2880000174045563;-0.15800000727176666;-0.5290000438690186;0.562000036239624;-0.7490000128746033;-0.2900000214576721
707663.0;0.27400001883506775;-0.9070000648498535;-0.8200000524520874;-39.5;30.375;6.875;123.0;-525.0;254.0;138.9375;34.9375;111.1875;0.2078857421875;-0.67840576171875;0.43353271484375;-0.5555419921875;-0.29500001668930054;-0.14900000393390656;-0.5370000004768372;0.5590000152587891;-0.7500000596046448;-0.29200002551078796
707673.0;0.2630000114440918;-0.9000000357627869;-0.8290000557899475;-37.5625;32.25;9.6875;64.0;-378.0;262.0;138.5;34.75;111.25;0.20977783203125;-0.6788330078125;0.43389892578125;-0.55401611328125;-0.29500001668930054;-0.14900000393390656;-0.5370000004768372;0.5560000538825989;-0.7520000338554382;-0.2939999997615814
707683.0;0.29200002551078796;-0.9300000667572021;-0.831000030040741;-37.5625;32.25;9.6875;-55.0;-258.0;263.0;138.0625;34.375;111.4375;0.21136474609375;-0.6790771484375;0.435791015625;-0.5516357421875;-0.22700001299381256;-0.2330000102519989;-0.5600000023841858;0.5540000200271606;-0.7520000338554382;-0.29600000381469727
707693.0;0.32600000500679016;-0.9860000610351562;-0.8570000529289246;-37.5625;32.25;9.6875;-146.0;-129.0;217.0;138.0625;34.375;111.5;0.2110595703125;-0.67901611328125;0.43621826171875;-0.55145263671875;-0.2710000276565552;-0.17600001394748688;-0.5960000157356262;0.5530000329017639;-0.7520000338554382;-0.29600000381469727
707697.0;0.32600000500679016;-0.9860000610351562;-0.8570000529289246;-37.5625;32.25;9.6875;-146.0;-129.0;217.0;138.0625;34.375;111.5;0.2110595703125;-0.67901611328125;0.43621826171875;-0.55145263671875;-0.2710000276565552;-0.17600001394748688;-0.5960000157356262;0.5530000329017639;-0.7520000338554382;-0.29600000381469727
707707.0;0.28200000524520874;-0.9280000329017639;-0.8920000195503235;-37.5625;32.25;9.6875;-95.0;24.0;46.0;138.25;34.4375;111.5;0.210205078125;-0.67877197265625;0.43634033203125;-0.552001953125;-0.28300002217292786;-0.20900000631809235;-0.5850000381469727;0.5540000200271606;-0.7520000338554382;-0.29600000381469727
707717.0;0.2710000276565552;-0.9610000252723694;-0.8810000419616699;-37.5625;32.25;9.6875;-67.0;168.0;-81.0;138.25;34.4375;111.5;0.210205078125;-0.67877197265625;0.43634033203125;-0.552001953125;-0.28300002217292786;-0.20900000631809235;-0.5850000381469727;0.5540000200271606;-0.7520000338554382;-0.29600000381469727
707727.0;0.2750000059604645;-0.9610000252723694;-0.8990000486373901;-36.5;31.875;10.1875;63.0;324.0;-169.0;138.5625;34.625;111.3125;0.209228515625;-0.67816162109375;0.4359130859375;-0.553466796875;-0.28200000524520874;-0.21000000834465027;-0.6050000190734863;0.5570000410079956;-0.7510000467300415;-0.2930000126361847
707731.0;0.2800000011920929;-0.956000030040741;-0.8940000534057617;-36.5;31.875;10.1875;151.0;472.0;-263.0;138.9375;34.875;111.125;0.20635986328125;-0.67572021484375;0.43408203125;-0.5589599609375;-0.2800000011920929;-0.25600001215934753;-0.6080000400543213;0.5649999976158142;-0.7490000128746033;-0.2840000092983246
707741.0;0.2840000092983246;-1.0049999952316284;-0.8920000195503235;-36.5;31.875;10.1875;225.0;644.0;-283.0;139.4375;35.125;110.75;0.20458984375;-0.6737060546875;0.4327392578125;-0.56304931640625;-0.2760000228881836;-0.2710000276565552;-0.5870000123977661;0.5700000524520874;-0.7480000257492065;-0.2760000228881836
707751.0;0.2939999997615814;-1.0190000534057617;-0.8640000224113464;-36.5;31.875;10.1875;324.0;831.0;-351.0;140.0;35.5;110.25;0.202392578125;-0.6712646484375;0.43096923828125;-0.56805419921875;-0.2720000147819519;-0.26900002360343933;-0.5649999976158142;0.5760000348091125;-0.7460000514984131;-0.2670000195503235
707761.0;0.30400002002716064;-1.0160000324249268;-0.8320000171661377;-36.5;31.875;10.1875;414.0;1014.0;-457.0;140.75;36.0;109.6875;0.202392578125;-0.6712646484375;0.43096923828125;-0.56805419921875;-0.2720000147819519;-0.26900002360343933;-0.5649999976158142;0.5760000348091125;-0.7460000514984131;-0.2670000195503235
707765.0;0.30400002002716064;-1.0160000324249268;-0.8320000171661377;-36.5;31.875;10.1875;414.0;1014.0;-457.0;140.75;36.0;109.6875;0.202392578125;-0.6712646484375;0.43096923828125;-0.56805419921875;-0.2720000147819519;-0.26900002360343933;-0.5649999976158142;0.5760000348091125;-0.7460000514984131;-0.2670000195503235
707775.0;0.27800002694129944;-0.956000030040741;-0.7970000505447388;-36.5;31.5;9.75;537.0;1190.0;-676.0;141.625;36.625;108.9375;0.19952392578125;-0.66864013671875;0.42822265625;-0.57421875;-0.3060000240802765;-0.2120000123977661;-0.5410000085830688;0.5850000381469727;-0.7430000305175781;-0.2550000250339508
707785.0;0.25200000405311584;-0.9140000343322754;-0.7740000486373901;-36.5;31.5;9.75;645.0;1357.0;-898.0;142.6875;37.375;108.125;0.196044921875;-0.66583251953125;0.42449951171875;-0.58135986328125;-0.359000027179718;-0.14100000262260437;-0.5170000195503235;0.6070000529289246;-0.7350000143051147;-0.22700001299381256
707795.0;0.24800001084804535;-0.8770000338554382;-0.7450000643730164;-36.5;31.5;9.75;660.0;1514.0;-978.0;143.875;38.25;107.1875;0.19195556640625;-0.66265869140625;0.42059326171875;-0.58917236328125;-0.3570000231266022;-0.12800000607967377;-0.5110000371932983;0.6180000305175781;-0.7300000190734863;-0.2120000123977661
707799.0;0.24800001084804535;-0.8770000338554382;-0.7450000643730164;-36.5;31.5;9.75;660.0;1514.0;-978.0;143.875;38.25;107.1875;0.19195556640625;-0.66265869140625;0.42059326171875;-0.58917236328125;-0.3570000231266022;-0.12800000607967377;-0.5110000371932983;0.6180000305175781;-0.7300000190734863;-0.2120000123977661
707809.0;0.26100000739097595;-0.859000027179718;-0.7230000495910645;-36.5;31.5;9.75;607.0;1662.0;-973.0;145.125;39.0625;106.1875;0.18731689453125;-0.65899658203125;0.41693115234375;-0.5972900390625;-0.30800002813339233;-0.12400000542402267;-0.4870000183582306;0.6300000548362732;-0.7250000238418579;-0.19500000774860382
707819.0;0.32100000977516174;-0.8490000367164612;-0.6830000281333923;-36.5;31.5;9.75;557.0;1804.0;-986.0;146.5;39.9375;105.0625;0.18218994140625;-0.6549072265625;0.41351318359375;-0.605712890625;-0.30800002813339233;-0.12400000542402267;-0.4870000183582306;0.6300000548362732;-0.7250000238418579;-0.19500000774860382
707829.0;0.32100000977516174;-0.862000048160553;-0.656000018119812;-38.5;31.875;7.0;579.0;1938.0;-1089.0;147.9375;40.875;103.9375;0.17645263671875;-0.65045166015625;0.40972900390625;-0.61468505859375;-0.320000022649765;-0.14300000667572021;-0.4780000150203705;0.6420000195503235;-0.7190000414848328;-0.17800000309944153
707833.0;0.2930000126361847;-0.8160000443458557;-0.6210000514984131;-38.5;31.875;7.0;722.0;2066.0;-1249.0;149.4375;41.9375;102.5625;0.17041015625;-0.645751953125;0.40496826171875;-0.62445068359375;-0.36100003123283386;-0.10400000214576721;-0.4620000123977661;0.6680000424385071;-0.703000009059906;-0.13700000941753387
707843.0;0.2840000092983246;-0.7600000500679016;-0.5910000205039978;-38.5;31.875;7.0;867.0;2158.0;-1328.0;150.9375;43.0;101.0;0.16436767578125;-0.640625;0.39947509765625;-0.63482666015625;-0.3840000033378601;-0.0560000017285347;-0.4540000259876251;0.6680000424385071;-0.703000009059906;-0.13700000941753387
707853.0;0.2800000011920929;-0.6990000605583191;-0.5330000519752502;-38.5;31.875;7.0;934.0;2237.0;-1403.0;152.4375;44.0625;99.3125;0.1580810546875;-0.63519287109375;0.3935546875;-0.6455078125;-0.4010000228881836;-0.004000000189989805;-0.4180000126361847;0.6820000410079956;-0.6950000524520874;-0.11400000751018524
707863.0;0.29100000858306885;-0.6970000267028809;-0.4780000150203705;-38.5;31.875;7.0;954.0;2316.0;-1368.0;153.9375;45.0625;97.5;0.15179443359375;-0.6292724609375;0.3875732421875;-0.65631103515625;-0.40300002694129944;-0.010000000707805157;-0.3880000114440918;0.6940000057220459;-0.6860000491142273;-0.09000000357627869
707866.0;0.29100000858306885;-0.6970000267028809;-0.4780000150203705;-38.5;31.875;7.0;954.0;2316.0;-1368.0;153.9375;45.0625;97.5;0.15179443359375;-0.6292724609375;0.3875732421875;-0.65631103515625;-0.40300002694129944;-0.010000000707805157;-0.3880000114440918;0.6940000057220459;-0.6860000491142273;-0.09000000357627869
707876.0;0.30900001525878906;-0.6860000491142273;-0.4310000240802765;-41.1875;29.25;1.1875;947.0;2396.0;-1296.0;155.375;46.0;95.5625;0.1455078125;-0.622802734375;0.3818359375;-0.66717529296875;-0.3960000276565552;-0.00800000037997961;-0.36500000953674316;0.7050000429153442;-0.6770000457763672;-0.06599999964237213
707886.0;0.2970000207424164;-0.7000000476837158;-0.42500001192092896;-41.1875;29.25;1.1875;960.0;2478.0;-1269.0;156.75;46.875;93.4375;0.13916015625;-0.6158447265625;0.37615966796875;-0.67816162109375;-0.4180000126361847;-0.03200000151991844;-0.3840000033378601;0.7160000205039978;-0.6680000424385071;-0.04000000283122063
707896.0;0.281000018119812;-0.6650000214576721;-0.4050000309944153;-41.1875;29.25;1.1875;968.0;2551.0;-1270.0;158.1875;47.75;91.25;0.1326904296875;-0.6083984375;0.37042236328125;-0.689208984375;-0.4440000355243683;-0.006000000052154064;-0.39100003242492676;0.7260000109672546;-0.659000039100647;-0.014000000432133675
707899.0;0.281000018119812;-0.6650000214576721;-0.4050000309944153;-41.1875;29.25;1.1875;968.0;2551.0;-1270.0;158.1875;47.75;91.25;0.1326904296875;-0.6083984375;0.37042236328125;-0.689208984375;-0.4440000355243683;-0.006000000052154064;-0.39100003242492676;0.7260000109672546;-0.659000039100647;-0.014000000432133675
707909.0;0.2720000147819519;-0.6220000386238098;-0.3790000081062317;-41.1875;29.25;1.1875;896.0;2592.0;-1254.0;159.5625;48.5;88.9375;0.12591552734375;-0.6007080078125;0.3648681640625;-0.7000732421875;-0.4620000123977661;0.027000000700354576;-0.39100003242492676;0.734000027179718;-0.6490000486373901;0.01100000087171793
707919.0;0.27000001072883606;-0.5730000138282776;-0.3450000286102295;-41.1875;29.25;1.1875;790.0;2587.0;-1239.0;161.0;49.1875;86.625;0.11883544921875;-0.59295654296875;0.35968017578125;-0.7105712890625;-0.47200003266334534;0.06599999964237213;-0.38200002908706665;0.7420000433921814;-0.6390000581741333;0.03700000047683716
707929.0;0.28600001335144043;-0.5680000185966492;-0.32500001788139343;-43.0;25.5625;-5.375;713.0;2589.0;-1296.0;162.4375;49.8125;84.3125;0.111328125;-0.585205078125;0.35455322265625;-0.720703125;-0.46300002932548523;0.06000000238418579;-0.38700002431869507;0.7490000128746033;-0.628000020980835;0.06200000271201134
707934.0;0.28600001335144043;-0.5560000538825989;-0.3370000123977661;-43.0;25.5625;-5.375;650.0;2622.0;-1351.0;163.875;50.4375;81.875;0.103271484375;-0.5772705078125;0.349365234375;-0.73077392578125;-0.4700000286102295;0.06000000238418579;-0.4240000247955322;0.7560000419616699;-0.6170000433921814;0.08700000494718552
707944.0;0.30100002884864807;-0.5540000200271606;-0.37800002098083496;-43.0;25.5625;-5.375;601.0;2666.0;-1333.0;165.375;51.0;79.4375;0.09503173828125;-0.56903076171875;0.34442138671875;-0.7406005859375;-0.46000000834465027;0.052000001072883606;-0.4910000264644623;0.7620000243186951;-0.6060000061988831;0.1120000034570694
707954.0;0.3190000057220459;-0.5450000166893005;-0.3850000202655792;-43.0;25.5625;-5.375;648.0;2726.0;-1288.0;166.75;51.4375;76.8125;0.08697509765625;-0.56036376953125;0.33935546875;-0.75054931640625;-0.44700002670288086;0.049000002443790436;-0.5240000486373901;0.7660000324249268;-0.5950000286102295;0.1380000114440918
707964.0;0.3450000286102295;-0.49000000953674316;-0.41100001335144043;-43.0;25.5625;-5.375;773.0;2768.0;-1227.0;168.0625;51.75;74.0625;0.07940673828125;-0.5511474609375;0.3338623046875;-0.76055908203125;-0.4240000247955322;0.09300000220537186;-0.578000009059906;0.7700000405311584;-0.5830000042915344;0.16600000858306885
707972.0;0.3450000286102295;-0.49000000953674316;-0.41100001335144043;-44.0625;22.25;-11.5625;996.0;2820.0;-1226.0;169.25;51.9375;71.125;0.0723876953125;-0.54150390625;0.327392578125;-0.77093505859375;-0.42100003361701965;0.11000000685453415;-0.5840000510215759;0.7720000147819519;-0.5710000395774841;0.19500000774860382
707982.0;0.35100001096725464;-0.4610000252723694;-0.3890000283718109;-44.0625;22.25;-11.5625;1283.0;2889.0;-1303.0;170.375;52.0625;67.875;0.06573486328125;-0.5313720703125;0.31951904296875;-0.78179931640625;-0.4360000193119049;0.14000000059604645;-0.5640000104904175;0.7730000615119934;-0.5580000281333923;0.22600001096725464
707992.0;0.3360000252723694;-0.41700002551078796;-0.3370000123977661;-44.0625;22.25;-11.5625;1557.0;2960.0;-1345.0;171.375;52.0625;64.4375;0.0595703125;-0.52081298828125;0.310302734375;-0.79302978515625;-0.4780000150203705;0.19500000774860382;-0.5200000405311584;0.7730000615119934;-0.5430000424385071;0.2590000033378601
708002.0;0.29500001668930054;-0.34700000286102295;-0.2600000202655792;-44.0625;22.25;-11.5625;1810.0;3022.0;-1371.0;172.3125;51.9375;60.75;0.0538330078125;-0.509765625;0.29986572265625;-0.8045654296875;-0.4960000216960907;0.19300000369548798;-0.503000020980835;0.7720000147819519;-0.5260000228881836;0.2939999997615814
708012.0;0.2760000228881836;-0.3330000042915344;-0.20900000631809235;-44.0625;22.25;-11.5625;1989.0;3086.0;-1410.0;173.1875;51.75;56.9375;0.04833984375;-0.4981689453125;0.28839111328125;-0.8162841796875;-0.5160000324249268;0.18300001323223114;-0.49500003457069397;0.7700000405311584;-0.5080000162124634;0.33000001311302185
708022.0;0.25300002098083496;-0.32500001788139343;-0.164000004529953;-44.0625;22.25;-11.5625;1989.0;3086.0;-1410.0;174.0625;51.3125;53.125;0.04278564453125;-0.48565673828125;0.27691650390625;-0.8280029296875;-0.5550000071525574;0.1600000113248825;-0.4970000088214874;0.76500004529953;-0.49000000953674316;0.367000013589859
708026.0;0.25300002098083496;-0.32500001788139343;-0.164000004529953;-44.0625;22.25;-11.5625;1989.0;3086.0;-1410.0;174.0625;51.3125;53.125;0.04278564453125;-0.48565673828125;0.27691650390625;-0.8280029296875;-0.5550000071525574;0.1600000113248825;-0.4970000088214874;0.76500004529953;-0.49000000953674316;0.367000013589859
708036.0;0.20900000631809235;-0.33000001311302185;-0.1300000101327896;-43.6875;19.375;-19.375;2011.0;3242.0;-1368.0;174.875;50.6875;49.375;0.03717041015625;-0.47296142578125;0.2652587890625;-0.83941650390625;-0.6780000329017639;0.11700000613927841;-0.5110000371932983;0.7590000629425049;-0.4710000157356262;0.40300002694129944
708046.0;0.08100000023841858;-0.3530000150203705;-0.10700000822544098;-43.6875;19.375;-19.375;1935.0;3248.0;-1355.0;175.75;50.0;45.75;0.03143310546875;-0.4599609375;0.25390625;-0.85028076171875;-0.7260000109672546;0.07800000160932541;-0.5360000133514404;0.7510000467300415;-0.45100003480911255;0.4390000104904175
708056.0;0.024000000208616257;-0.37300002574920654;-0.09700000286102295;-43.6875;19.375;-19.375;1935.0;3248.0;-1355.0;176.5625;49.125;42.3125;0.02569580078125;-0.44677734375;0.24237060546875;-0.86077880859375;-0.7670000195503235;0.05400000140070915;-0.5170000195503235;0.7420000433921814;-0.4310000240802765;0.47300001978874207
708061.0;-0.02500000037252903;-0.3760000169277191;-0.0430000014603138;-43.6875;19.375;-19.375;2331.0;2974.0;-1368.0;177.1875;48.3125;38.8125;0.02117919921875;-0.4345703125;0.22894287109375;-0.87078857421875;-0.8170000314712524;0.05400000140070915;-0.5040000081062317;0.7320000529289246;-0.4090000092983246;0.5070000290870667
708071.0;-0.08400000631809235;-0.3540000021457672;0.0020000000949949026;-43.6875;19.375;-19.375;2331.0;2974.0;-1368.0;177.1875;48.3125;38.8125;0.02117919921875;-0.4345703125;0.22894287109375;-0.87078857421875;-0.8600000143051147;0.09300000220537186;-0.5049999952316284;0.7220000624656677;-0.3830000162124634;0.5400000214576721
708081.0;-0.13700000941753387;-0.2900000214576721;0.03400000184774399;-40.375;13.0625;-27.1875;2704.0;2832.0;-1341.0;177.625;47.4375;35.375;0.017822265625;-0.42279052734375;0.21368408203125;-0.8804931640625;-0.8410000205039978;0.09000000357627869;-0.4880000352859497;0.7120000123977661;-0.35600000619888306;0.5720000267028809
708091.0;-0.1290000081062317;-0.26500001549720764;0.08300000429153442;-40.375;13.0625;-27.1875;3024.0;2625.0;-1284.0;178.125;45.625;28.5;0.014404296875;-0.4012451171875;0.179443359375;-0.89813232421875;-0.8270000219345093;0.09200000762939453;-0.4400000274181366;0.7010000348091125;-0.3270000219345093;0.6010000109672546
708095.0;-0.1290000081062317;-0.26500001549720764;0.08300000429153442;-40.375;13.0625;-27.1875;3024.0;2625.0;-1284.0;178.125;45.625;28.5;0.014404296875;-0.4012451171875;0.179443359375;-0.89813232421875;-0.8270000219345093;0.09200000762939453;-0.4400000274181366;0.7010000348091125;-0.3270000219345093;0.6010000109672546
708105.0;-0.125;-0.23500001430511475;0.1600000113248825;-40.375;13.0625;-27.1875;3201.0;2412.0;-1208.0;178.25;44.75;25.3125;0.01373291015625;-0.39105224609375;0.161865234375;-0.9058837890625;-0.8220000267028809;0.08400000631809235;-0.37700000405311584;0.690000057220459;-0.2980000078678131;0.6290000081062317
708115.0;-0.13100001215934753;-0.21400001645088196;0.2510000169277191;-40.375;13.0625;-27.1875;3236.0;2292.0;-1128.0;178.3125;43.75;22.3125;0.0130615234375;-0.381103515625;0.1446533203125;-0.91302490234375;-0.8190000653266907;0.04800000041723251;-0.2639999985694885;0.6780000329017639;-0.2680000066757202;0.6540000438690186
708125.0;-0.14000000059604645;-0.21900001168251038;0.39000001549720764;-40.375;13.0625;-27.1875;3152.0;2211.0;-1100.0;178.3125;43.75;22.3125;0.0130615234375;-0.381103515625;0.1446533203125;-0.91302490234375;-0.8190000653266907;0.04800000041723251;-0.2639999985694885;0.6780000329017639;-0.2680000066757202;0.6540000438690186
708131.0;-0.15900000929832458;-0.22100001573562622;0.4480000138282776;-36.75;7.5;-33.75;3027.0;2124.0;-1183.0;178.5;42.8125;19.375;0.0118408203125;-0.37152099609375;0.1278076171875;-0.91949462890625;-0.8260000348091125;0.017000000923871994;-0.2290000170469284;0.6670000553131104;-0.23900000751018524;0.6770000457763672
708141.0;-0.16300000250339508;-0.22800001502037048;0.48100003600120544;-36.75;7.5;-33.75;2964.0;2080.0;-1367.0;178.75;41.875;16.5;0.00634765625;-0.3529052734375;0.09295654296875;-0.9310302734375;-0.76500004529953;-0.030000001192092896;-0.1850000023841858;0.6430000066757202;-0.17400000989437103;0.7190000414848328
708151.0;-0.1210000067949295;-0.20400001108646393;0.5330000519752502;-36.75;7.5;-33.75;3036.0;2021.0;-1612.0;179.1875;40.9375;13.5625;0.0023193359375;-0.34381103515625;0.0736083984375;-0.9361572265625;-0.737000048160553;-0.018000001087784767;-0.19500000774860382;0.6300000548362732;-0.13600000739097595;0.7380000352859497
708161.0;-0.10700000822544098;-0.15400001406669617;0.5420000553131104;-36.75;7.5;-33.75;3254.0;1990.0;-1854.0;179.6875;40.0;10.4375;-0.0023193359375;-0.3345947265625;0.052001953125;-0.94091796875;-0.6940000057220459;-0.009000000543892384;-0.2460000067949295;0.6170000433921814;-0.09400000423192978;0.7550000548362732
708164.0;-0.10700000822544098;-0.15400001406669617;0.5420000553131104;-36.75;7.5;-33.75;3254.0;1990.0;-1854.0;179.6875;40.0;10.4375;-0.0023193359375;-0.3345947265625;0.052001953125;-0.94091796875;-0.6940000057220459;-0.009000000543892384;-0.2460000067949295;0.6170000433921814;-0.09400000423192978;0.7550000548362732
708174.0;-0.07600000500679016;-0.10400000214576721;0.5090000033378601;-36.75;7.5;-33.75;3598.0;2009.0;-2097.0;180.25;39.0;7.0625;-0.0023193359375;-0.3345947265625;0.052001953125;-0.94091796875;-0.6940000057220459;-0.009000000543892384;-0.2460000067949295;0.6170000433921814;-0.09400000423192978;0.7550000548362732
708184.0;-0.01100000087171793;-0.05400000140070915;0.5010000467300415;-34.5;0.0625;-36.6875;4014.0;1990.0;-2288.0;180.8125;37.9375;3.5;-0.00714111328125;-0.32525634765625;0.02801513671875;-0.9451904296875;-0.6150000095367432;-0.007000000216066837;-0.26900002360343933;0.6030000448226929;-0.04700000211596489;0.7710000276565552
708194.0;0.05300000309944153;0.1469999998807907;0.4650000333786011;-34.5;0.0625;-36.6875;4393.0;2036.0;-2392.0;181.375;36.75;-0.25;-0.0118408203125;-0.31549072265625;0.00189208984375;-0.9488525390625;-0.48900002241134644;0.20900000631809235;-0.35200002789497375;0.5670000314712524;0.05700000375509262;0.7970000505447388
708202.0;0.07700000703334808;0.2670000195503235;0.4440000355243683;-34.5;0.0625;-36.6875;4658.0;2222.0;-2481.0;181.9375;35.375;-4.125;-0.0164794921875;-0.30450439453125;-0.02569580078125;-0.9520263671875;-0.45100003480911255;0.25600001215934753;-0.30000001192092896;0.5440000295639038;0.11300000548362732;0.8070000410079956
708212.0;0.09200000762939453;0.36900001764297485;0.5070000290870667;-34.5;0.0625;-36.6875;4751.0;2459.0;-2599.0;182.5625;33.6875;-7.9375;-0.0216064453125;-0.29205322265625;-0.053955078125;-0.95465087890625;-0.4660000205039978;0.27000001072883606;-0.21700000762939453;0.5160000324249268;0.1680000126361847;0.8160000443458557
708222.0;0.05000000074505806;0.43800002336502075;0.5990000367164612;-34.5;0.0625;-36.6875;4596.0;2781.0;-2751.0;183.25;31.75;-11.625;-0.02752685546875;-0.27764892578125;-0.0816650390625;-0.956787109375;-0.4660000205039978;0.27000001072883606;-0.21700000762939453;0.5160000324249268;0.1680000126361847;0.8160000443458557
708232.0;-0.13900001347064972;0.4740000367164612;0.76500004529953;-28.875;-10.6875;-39.5;4159.0;3153.0;-2960.0;184.125;29.5;-14.875;-0.0350341796875;-0.26092529296875;-0.10736083984375;-0.958740234375;-0.6220000386238098;0.2540000081062317;-0.05900000408291817;0.4830000102519989;0.21900001168251038;0.8240000605583191
708238.0;-0.13900001347064972;0.4740000367164612;0.76500004529953;-28.875;-10.6875;-39.5;4159.0;3153.0;-2960.0;184.125;29.5;-14.875;-0.0350341796875;-0.26092529296875;-0.10736083984375;-0.958740234375;-0.6220000386238098;0.2540000081062317;-0.05900000408291817;0.4830000102519989;0.21900001168251038;0.8240000605583191
708248.0;-0.2460000067949295;0.4650000333786011;0.8510000109672546;-28.875;-10.6875;-39.5;3486.0;3394.0;-3240.0;185.3125;27.0;-17.6875;-0.044677734375;-0.242431640625;-0.13006591796875;-0.96038818359375;-0.6920000314712524;0.1990000158548355;0.01900000125169754;0.4020000100135803;0.3060000240802765;0.8390000462532043
708258.0;-0.33900001645088196;0.4320000112056732;0.8550000190734863;-28.875;-10.6875;-39.5;2756.0;3599.0;-3544.0;186.6875;24.1875;-20.0;-0.056640625;-0.2222900390625;-0.14935302734375;-0.9617919921875;-0.7420000433921814;0.125;0.015000000596046448;0.35600000619888306;0.3400000035762787;0.8470000624656677
708268.0;-0.4230000078678131;0.34300002455711365;0.8220000267028809;-28.875;-10.6875;-39.5;2122.0;3748.0;-3778.0;188.3125;21.3125;-21.875;-0.0703125;-0.20086669921875;-0.16558837890625;-0.96295166015625;-0.7790000438690186;0.003000000026077032;-0.02500000037252903;0.35600000619888306;0.3400000035762787;0.8470000624656677
708274.0;-0.42500001192092896;0.3580000102519989;0.7950000166893005;-28.875;-10.6875;-39.5;1644.0;3794.0;-3908.0;190.0625;18.25;-23.3125;-0.0850830078125;-0.17864990234375;-0.179443359375;-0.96368408203125;-0.7330000400543213;-0.010000000707805157;-0.05900000408291817;0.3070000112056732;0.3680000305175781;0.8540000319480896
708284.0;-0.40400001406669617;0.43400001525878906;0.7900000214576721;-20.0;-23.6875;-38.25;1339.0;3844.0;-3966.0;191.875;15.1875;-24.5;-0.100341796875;-0.1558837890625;-0.191650390625;-0.96380615234375;-0.6610000133514404;0.04100000113248825;-0.07000000029802322;0.25600001215934753;0.3920000195503235;0.8600000143051147
708294.0;-0.3700000047683716;0.5040000081062317;0.8010000586509705;-20.0;-23.6875;-38.25;1198.0;3906.0;-4004.0;193.6875;12.0;-25.5;-0.11572265625;-0.13250732421875;-0.2030029296875;-0.9632568359375;-0.5750000476837158;0.09000000357627869;-0.06400000303983688;0.20400001108646393;0.4130000174045563;0.8650000691413879
708304.0;-0.3580000102519989;0.7350000143051147;0.9650000333786011;-20.0;-23.6875;-38.25;1094.0;3955.0;-4134.0;195.5625;8.75;-26.375;-0.13165283203125;-0.10858154296875;-0.21380615234375;-0.96185302734375;-0.5080000162124634;0.30300000309944153;0.09700000286102295;0.14900000393390656;0.4310000240802765;0.8670000433921814
708307.0;-0.3580000102519989;0.7350000143051147;0.9650000333786011;-20.0;-23.6875;-38.25;1094.0;3955.0;-4134.0;195.5625;8.75;-26.375;-0.13165283203125;-0.10858154296875;-0.21380615234375;-0.96185302734375;-0.5080000162124634;0.30300000309944153;0.09700000286102295;0.14900000393390656;0.4310000240802765;0.8670000433921814
708317.0;-0.4710000157356262;0.7350000143051147;1.0520000457763672;-20.0;-23.6875;-38.25;1355.0;4056.0;-4418.0;197.5625;5.375;-27.375;-0.148681640625;-0.08392333984375;-0.22589111328125;-0.95904541015625;-0.5630000233650208;0.28600001335144043;0.1850000023841858;0.09100000560283661;0.4490000307559967;0.8660000562667847
708327.0;-0.7120000123977661;0.7420000433921814;0.9510000348091125;-20.0;-23.6875;-38.25;1440.0;4058.0;-4640.0;199.75;1.875;-28.3125;-0.1666259765625;-0.0589599609375;-0.23828125;-0.9549560546875;-0.7440000176429749;0.2770000100135803;0.08900000154972076;0.03200000151991844;0.4650000333786011;0.862000048160553
708337.0;-0.9040000438690186;0.8940000534057617;0.893000066280365;-6.6875;-29.6875;-36.1875;1126.0;3786.0;-4627.0;202.0;-1.4375;-29.0;-0.18475341796875;-0.03497314453125;-0.24859619140625;-0.9501953125;-0.8790000677108765;0.4180000126361847;0.036000002175569534;-0.024000000208616257;0.47600001096725464;0.8570000529289246
708347.0;-1.027999997138977;0.8480000495910645;0.8400000333786011;-6.6875;-29.6875;-36.1875;1207.0;3657.0;-4910.0;204.375;-4.8125;-29.6875;-0.2042236328125;-0.0113525390625;-0.259033203125;-0.9439697265625;-0.9450000524520874;0.3630000054836273;-0.007000000216066837;-0.0820000022649765;0.484000027179718;0.8480000495910645
708357.0;-1.0080000162124634;0.6540000438690186;0.7480000257492065;-6.6875;-29.6875;-36.1875;1761.0;3747.0;-5204.0;207.0;-8.375;-30.5625;-0.22479248046875;0.01251220703125;-0.27197265625;-0.93560791015625;-0.8650000691413879;0.1600000113248825;-0.0860000029206276;-0.1420000046491623;0.4930000305175781;0.8350000381469727
708358.0;-1.0080000162124634;0.6540000438690186;0.7480000257492065;-6.6875;-29.6875;-36.1875;1761.0;3747.0;-5204.0;207.0;-8.375;-30.5625;-0.22479248046875;0.01251220703125;-0.27197265625;-0.93560791015625;-0.8650000691413879;0.1600000113248825;-0.0860000029206276;-0.1420000046491623;0.4930000305175781;0.8350000381469727
708368.0;-1.0170000791549683;0.49800002574920654;0.7480000257492065;-6.6875;-29.6875;-36.1875;2703.0;3758.0;-5077.0;209.5625;-11.875;-31.9375;-0.2445068359375;0.03515625;-0.28924560546875;-0.9248046875;-0.815000057220459;-0.00800000037997961;-0.06599999964237213;-0.20200000703334808;0.5070000290870667;0.8140000104904175
708378.0;-1.0160000324249268;0.35200002789497375;0.737000048160553;-6.6875;-29.6875;-36.1875;3955.0;3667.0;-4407.0;211.9375;-15.1875;-34.0625;-0.260986328125;0.05462646484375;-0.312255859375;-0.91180419921875;-0.7580000162124634;-0.17800000309944153;-0.046000003814697266;-0.25699999928474426;0.5300000309944153;0.7830000519752502
708388.0;-1.0410000085830688;0.49500003457069397;0.7430000305175781;8.5625;-31.5625;-34.875;4979.0;3305.0;-4669.0;214.625;-18.4375;-36.75;-0.2791748046875;0.0712890625;-0.33917236328125;-0.8955078125;-0.7300000190734863;-0.06100000441074371;-0.0010000000474974513;-0.3110000193119049;0.5560000538825989;0.7450000643730164
708398.0;-1.0410000085830688;0.49500003457069397;0.7430000305175781;8.5625;-31.5625;-34.875;5690.0;2929.0;-4555.0;217.4375;-21.5625;-39.8125;-0.29736328125;0.0848388671875;-0.36834716796875;-0.876708984375;-0.7390000224113464;0.09600000083446503;0.05400000140070915;-0.36000001430511475;0.5830000042915344;0.7000000476837158
708408.0;-1.100000023841858;0.6800000071525574;0.7550000548362732;8.5625;-31.5625;-34.875;5549.0;2669.0;-4192.0;220.1875;-24.4375;-42.8125;-0.3138427734375;0.0965576171875;-0.39605712890625;-0.85748291015625;-0.7360000610351562;0.29200002551078796;0.08400000631809235;-0.406000018119812;0.6060000061988831;0.6540000438690186
708412.0;-1.1430000066757202;0.8990000486373901;0.7390000224113464;8.5625;-31.5625;-34.875;4691.0;2438.0;-4610.0;223.125;-27.4375;-45.125;-0.331787109375;0.10943603515625;-0.418701171875;-0.8382568359375;-0.7970000505447388;0.6000000238418579;0.13100001215934753;-0.4520000219345093;0.6170000433921814;0.6130000352859497
708422.0;-1.249000072479248;1.218000054359436;0.7440000176429749;8.5625;-31.5625;-34.875;3709.0;2453.0;-5659.0;226.6875;-30.9375;-46.625;-0.353271484375;0.126220703125;-0.43585205078125;-0.818115234375;-0.8050000667572021;0.49400001764297485;0.14800000190734863;-0.5040000081062317;0.6110000014305115;0.5760000348091125
708432.0;-1.309000015258789;1.1060000658035278;0.7250000238418579;8.5625;-31.5625;-34.875;3709.0;2453.0;-5659.0;230.5625;-34.8125;-47.5625;-0.37646484375;0.146240234375;-0.44915771484375;-0.79693603515625;-0.7980000376701355;0.2720000147819519;0.1380000114440918;-0.5600000023841858;0.5940000414848328;0.5430000424385071
708442.0;-1.3580000400543213;0.8660000562667847;0.6810000538825989;22.6875;-33.5;-24.5625;3035.0;2587.0;-6352.0;234.4375;-38.6875;-48.25;-0.39874267578125;0.16650390625;-0.46124267578125;-0.77496337890625;-0.7550000548362732;0.05100000277161598;0.14000000059604645;-0.6130000352859497;0.5700000524520874;0.5090000033378601
708452.0;-1.3690000772476196;0.6210000514984131;0.6490000486373901;22.6875;-33.5;-24.5625;3031.0;2513.0;-5591.0;238.0;-42.25;-49.125;-0.4178466796875;0.18389892578125;-0.47369384765625;-0.75311279296875;-0.7520000338554382;-0.14800000190734863;0.08000000566244125;-0.659000039100647;0.5480000376701355;0.4740000367164612
708462.0;-1.412000060081482;0.4000000059604645;0.5550000071525574;22.6875;-33.5;-24.5625;3091.0;2317.0;-4559.0;241.125;-45.25;-50.3125;-0.4329833984375;0.1976318359375;-0.4864501953125;-0.732666015625;-0.7160000205039978;0.026000000536441803;0.11500000208616257;-0.6970000267028809;0.531000018119812;0.4390000104904175
708463.0;-1.412000060081482;0.4000000059604645;0.5550000071525574;22.6875;-33.5;-24.5625;3091.0;2317.0;-4559.0;241.125;-45.25;-50.3125;-0.4329833984375;0.1976318359375;-0.4864501953125;-0.732666015625;-0.7160000205039978;0.026000000536441803;0.11500000208616257;-0.6970000267028809;0.531000018119812;0.4390000104904175
708473.0;-1.4130001068115234;0.5570000410079956;0.5550000071525574;22.6875;-33.5;-24.5625;3058.0;2039.0;-3892.0;243.9375;-47.875;-51.625;-0.44580078125;0.20843505859375;-0.4986572265625;-0.71356201171875;-0.6860000491142273;0.23400001227855682;0.1720000058412552;-0.7270000576972961;0.51500004529953;0.40700000524520874
708483.0;-1.4140000343322754;0.7490000128746033;0.5790000557899475;22.6875;-33.5;-24.5625;3058.0;2039.0;-3892.0;243.9375;-47.875;-51.625;-0.44580078125;0.20843505859375;-0.4986572265625;-0.71356201171875;-0.675000011920929;0.38700002431869507;0.22500000894069672;-0.7550000548362732;0.4970000088214874;0.37700000405311584
708493.0;-1.4310001134872437;0.8840000629425049;0.6030000448226929;35.375;-30.875;-13.5625;2826.0;1885.0;-3792.0;246.75;-50.375;-52.75;-0.45806884765625;0.21881103515625;-0.5093994140625;-0.69482421875;-0.718000054359436;0.5350000262260437;0.24800001084804535;-0.784000039100647;0.47200003266334534;0.35100001096725464
708503.0;-1.502000093460083;1.0080000162124634;0.6000000238418579;35.375;-30.875;-13.5625;2317.0;1821.0;-4130.0;252.6875;-55.9375;-53.25;-0.484375;0.24578857421875;-0.52203369140625;-0.65765380859375;-0.687000036239624;0.5509999990463257;0.2510000169277191;-0.812000036239624;0.4390000104904175;0.3270000219345093
708508.0;-1.502000093460083;1.0080000162124634;0.6000000238418579;35.375;-30.875;-13.5625;2317.0;1821.0;-4130.0;252.6875;-55.9375;-53.25;-0.484375;0.24578857421875;-0.52203369140625;-0.65765380859375;-0.687000036239624;0.5509999990463257;0.2510000169277191;-0.812000036239624;0.4390000104904175;0.3270000219345093
708518.0;-1.499000072479248;0.9910000562667847;0.578000009059906;35.375;-30.875;-13.5625;1689.0;1813.0;-4653.0;255.8125;-59.0;-52.3125;-0.49822998046875;0.2625732421875;-0.52325439453125;-0.6395263671875;-0.6320000290870667;0.531000018119812;0.27000001072883606;-0.8400000333786011;0.39900001883506775;0.30800002813339233
708528.0;-1.4730000495910645;0.9300000667572021;0.578000009059906;35.375;-30.875;-13.5625;1050.0;1686.0;-4988.0;258.75;-62.0;-50.6875;-0.51123046875;0.28045654296875;-0.522216796875;-0.622314453125;-0.5230000019073486;0.4490000307559967;0.2290000170469284;-0.8650000691413879;0.35600000619888306;0.29100000858306885
708538.0;-1.3890000581741333;0.8050000667572021;0.5210000276565552;35.375;-30.875;-13.5625;534.0;1630.0;-5033.0;258.75;-62.0;-50.6875;-0.51123046875;0.28045654296875;-0.522216796875;-0.622314453125;-0.5230000019073486;0.4490000307559967;0.2290000170469284;-0.8650000691413879;0.35600000619888306;0.29100000858306885
708548.0;-1.3530000448226929;0.7750000357627869;0.5250000357627869;44.25;-23.5625;-4.5;188.0;1697.0;-4892.0;261.5625;-64.875;-48.5;-0.522705078125;0.2989501953125;-0.51995849609375;-0.6058349609375;-0.4650000333786011;0.46400001645088196;0.25;-0.8880000710487366;0.3110000193119049;0.2750000059604645
708552.0;-1.3160001039505005;0.7710000276565552;0.5540000200271606;44.25;-23.5625;-4.5;-1.0;1795.0;-4758.0;264.1875;-67.75;-45.875;-0.54071044921875;0.335693359375;-0.51422119140625;-0.57489013671875;-0.4410000145435333;0.4930000305175781;0.32100000977516174;-0.9230000376701355;0.22300000488758087;0.2410000115633011
708562.0;-1.3640000820159912;0.7160000205039978;0.562000036239624;44.25;-23.5625;-4.5;-239.0;1835.0;-4328.0;266.4375;-70.375;-42.875;-0.54632568359375;0.34942626953125;-0.5118408203125;-0.56341552734375;-0.4540000259876251;0.3710000216960907;0.3830000162124634;-0.9340000152587891;0.19100001454353333;0.22700001299381256
708572.0;-1.3880000114440918;0.562000036239624;0.6110000014305115;44.25;-23.5625;-4.5;-184.0;1435.0;-3276.0;268.1875;-72.3125;-40.0;-0.55194091796875;0.357421875;-0.51324462890625;-0.551513671875;-0.4180000126361847;0.3500000238418579;0.39000001549720764;-0.9420000314712524;0.1680000126361847;0.21300001442432404
708582.0;-1.3600000143051147;0.5180000066757202;0.6030000448226929;44.25;-23.5625;-4.5;848.0;1241.0;-2505.0;270.0;-73.875;-38.25;-0.55194091796875;0.357421875;-0.51324462890625;-0.551513671875;-0.4180000126361847;0.3500000238418579;0.39000001549720764;-0.9420000314712524;0.1680000126361847;0.21300001442432404
708592.0;-1.3360000848770142;0.6270000338554382;0.5190000534057617;50.0625;-11.25;-1.6875;1973.0;1266.0;-2197.0;272.1875;-75.3125;-37.3125;-0.55853271484375;0.36126708984375;-0.51849365234375;-0.53729248046875;-0.38700002431869507;0.47700002789497375;0.32200002670288086;-0.9480000734329224;0.15000000596046448;0.19700001180171967
708602.0;-1.2850000858306885;0.7680000066757202;0.37400001287460327;50.0625;-11.25;-1.6875;2453.0;1163.0;-1616.0;274.3125;-76.4375;-37.375;-0.5645751953125;0.3616943359375;-0.52569580078125;-0.5235595703125;-0.22800001502037048;0.6310000419616699;0.0650000050663948;-0.956000030040741;0.1340000033378601;0.16700001060962677
708611.0;-1.1850000619888306;0.76500004529953;0.2330000102519989;50.0625;-11.25;-1.6875;2557.0;1035.0;-956.0;276.0625;-77.3125;-38.625;-0.56915283203125;0.35955810546875;-0.53399658203125;-0.51153564453125;-0.20400001108646393;0.5750000476837158;0.09000000357627869;-0.9590000510215759;0.13100001215934753;0.15300001204013824
708621.0;-1.1630001068115234;0.706000030040741;0.24300001561641693;50.0625;-11.25;-1.6875;2454.0;1105.0;-723.0;277.6875;-78.125;-40.5625;-0.57257080078125;0.35711669921875;-0.54248046875;-0.50030517578125;-0.22300000488758087;0.5320000052452087;0.12300000339746475;-0.9620000720024109;0.12600000202655792;0.13700000941753387
708631.0;-1.1850000619888306;0.659000039100647;0.26100000739097595;50.0625;-11.25;-1.6875;2134.0;1225.0;-758.0;279.125;-78.9375;-42.5625;-0.57501220703125;0.3560791015625;-0.55035400390625;-0.48956298828125;-0.22300000488758087;0.5320000052452087;0.12300000339746475;-0.9620000720024109;0.12600000202655792;0.13700000941753387
708641.0;-1.224000096321106;0.6170000433921814;0.27300000190734863;51.75;-4.5625;2.5;1835.0;1270.0;-811.0;280.5;-79.875;-44.625;-0.57684326171875;0.3560791015625;-0.557373046875;-0.47930908203125;-0.2580000162124634;0.4960000216960907;0.1510000079870224;-0.9650000333786011;0.1210000067949295;0.12200000882148743
708651.0;-1.2980000972747803;0.5300000309944153;0.2680000066757202;51.75;-4.5625;2.5;1633.0;1242.0;-734.0;281.75;-80.6875;-46.9375;-0.57806396484375;0.35638427734375;-0.56390380859375;-0.46990966796875;-0.33100003004074097;0.4140000343322754;0.1600000113248825;-0.9690000414848328;0.11100000888109207;0.09400000423192978
708654.0;-1.2980000972747803;0.5300000309944153;0.2680000066757202;51.75;-4.5625;2.5;1633.0;1242.0;-734.0;281.75;-80.6875;-46.9375;-0.57806396484375;0.35638427734375;-0.56390380859375;-0.46990966796875;-0.33100003004074097;0.4140000343322754;0.1600000113248825;-0.9690000414848328;0.11100000888109207;0.09400000423192978
708664.0;-1.2980000972747803;0.503000020980835;0.22700001299381256;51.75;-4.5625;2.5;1461.0;1171.0;-534.0;282.8125;-81.375;-49.875;-0.57861328125;0.3564453125;-0.570068359375;-0.461669921875;-0.328000009059906;0.39100003242492676;0.13300000131130219;-0.9690000414848328;0.11100000888109207;0.09400000423192978
708674.0;-1.290000081062317;0.5090000033378601;0.20900000631809235;51.75;-4.5625;2.5;1253.0;1105.0;-235.0;283.5625;-81.9375;-53.625;-0.5782470703125;0.35601806640625;-0.5760498046875;-0.45513916015625;-0.3190000057220459;0.39900001883506775;0.12800000607967377;-0.971000075340271;0.11000000685453415;0.08100000023841858
708684.0;-1.2310000658035278;0.4700000286102295;0.15300001204013824;51.75;-4.5625;2.5;1130.0;1057.0;134.0;284.0625;-82.25;-58.4375;-0.5767822265625;0.35467529296875;-0.58221435546875;-0.4500732421875;-0.2600000202655792;0.3570000231266022;0.08400000631809235;-0.971000075340271;0.1120000034570694;0.0690000057220459
708694.0;-1.196000099182129;0.4220000207424164;0.11900000274181366;51.5;-1.75;4.5;1165.0;1035.0;389.0;284.375;-82.3125;-64.0625;-0.5748291015625;0.35235595703125;-0.58880615234375;-0.44573974609375;-0.2240000069141388;0.3050000071525574;0.06200000271201134;-0.971000075340271;0.11700000613927841;0.05700000375509262
708704.0;-1.1600000858306885;0.42600002884864807;0.11100000888109207;51.5;-1.75;4.5;1234.0;1136.0;425.0;284.75;-82.3125;-70.25;-0.57257080078125;0.3499755859375;-0.595947265625;-0.4410400390625;-0.18800000846385956;0.30300000309944153;0.06700000166893005;-0.971000075340271;0.12200000882148743;0.0430000014603138
708708.0;-1.1600000858306885;0.42600002884864807;0.11100000888109207;51.5;-1.75;4.5;1234.0;1136.0;425.0;284.75;-82.3125;-70.25;-0.57257080078125;0.3499755859375;-0.595947265625;-0.4410400390625;-0.18800000846385956;0.30300000309944153;0.06700000166893005;-0.971000075340271;0.12200000882148743;0.0430000014603138
708718.0;-1.124000072479248;0.4020000100135803;0.11600000411272049;51.5;-1.75;4.5;1242.0;1230.0;216.0;285.25;-82.4375;-76.6875;-0.57049560546875;0.348388671875;-0.60296630859375;-0.43548583984375;-0.1510000079870224;0.2760000228881836;0.0860000029206276;-0.9720000624656677;0.125;0.029000001028180122
708728.0;-1.1019999980926514;0.3070000112056732;0.10300000756978989;51.5;-1.75;4.5;1458.0;1282.0;-117.0;286.0625;-82.625;-83.3125;-0.5693359375;0.3472900390625;-0.60992431640625;-0.42816162109375;-0.1290000081062317;0.18300001323223114;0.08900000154972076;-0.9720000624656677;0.12400000542402267;0.014000000432133675
708738.0;-1.1060000658035278;0.2370000183582306;0.10300000756978989;51.5;-1.75;4.5;1890.0;1396.0;-386.0;287.3125;-82.9375;-91.0625;-0.569091796875;0.345947265625;-0.61761474609375;-0.41827392578125;-0.13300000131130219;0.11700000613927841;0.10500000417232513;-0.9730000495910645;0.12000000476837158;-0.0020000000949949026
708748.0;-1.1180000305175781;0.22800001502037048;0.09200000762939453;51.375;-1.375;7.375;2436.0;1402.0;-619.0;289.0625;-83.1875;-173.3125;-0.5703125;0.34375;-0.62603759765625;-0.4058837890625;-0.14400000870227814;0.11400000751018524;0.1120000034570694;-0.9730000495910645;0.11300000548362732;-0.01900000125169754
708758.0;-1.1340000629425049;0.29200002551078796;0.1680000126361847;51.375;-1.375;7.375;2977.0;1352.0;-813.0;291.3125;-83.5;-173.875;-0.5728759765625;0.34027099609375;-0.6348876953125;-0.39105224609375;-0.15900000929832458;0.18700000643730164;0.20500001311302185;-0.9740000367164612;0.10400000214576721;-0.03700000047683716
708761.0;-1.1060000658035278;0.4480000138282776;0.36500000953674316;51.375;-1.375;7.375;3466.0;1295.0;-902.0;294.0;-83.625;-174.5;-0.57647705078125;0.33544921875;-0.64422607421875;-0.37432861328125;-0.13199999928474426;0.3540000021457672;0.4190000295639038;-0.9740000367164612;0.09300000220537186;-0.05300000309944153
708771.0;-1.0780000686645508;0.597000002861023;0.46700000762939453;51.375;-1.375;7.375;3650.0;1200.0;-935.0;296.8125;-83.6875;-175.1875;-0.58062744140625;0.329833984375;-0.65325927734375;-0.35687255859375;-0.10300000756978989;0.51500004529953;0.5370000004768372;-0.9740000367164612;0.08100000023841858;-0.0690000057220459
708781.0;-1.0500000715255737;0.7910000085830688;0.5370000004768372;51.375;-1.375;7.375;3363.0;1143.0;-945.0;299.5;-83.5625;-175.9375;-0.58416748046875;0.32489013671875;-0.66131591796875;-0.34033203125;-0.07600000500679016;0.7220000624656677;0.6210000514984131;-0.9740000367164612;0.0690000057220459;-0.08400000631809235
708791.0;-1.3200000524520874;2.444000005722046;2.25600004196167;51.0;0.1875;10.6875;2750.0;1125.0;-939.0;301.875;-83.375;-176.625;-0.58660888671875;0.3216552734375;-0.66802978515625;-0.32586669921875;-0.3460000157356262;2.38700008392334;2.3540000915527344;-0.9740000367164612;0.0560000017285347;-0.09700000286102295
708801.0;-1.3200000524520874;2.444000005722046;2.25600004196167;51.0;0.1875;10.6875;2757.0;1093.0;-627.0;304.0625;-82.9375;-156.6875;-0.58843994140625;0.317138671875;-0.675048828125;-0.312255859375;0.11300000548362732;3.062000036239624;0.5270000100135803;-0.9730000495910645;0.04700000211596489;-0.11000000685453415
708805.0;-1.3200000524520874;2.444000005722046;2.25600004196167;51.0;0.1875;10.6875;2757.0;1093.0;-627.0;304.0625;-82.9375;-156.6875;-0.58843994140625;0.317138671875;-0.675048828125;-0.312255859375;0.11300000548362732;3.062000036239624;0.5270000100135803;-0.9730000495910645;0.04700000211596489;-0.11000000685453415
708815.0;-0.8600000143051147;3.1100001335144043;0.41700002551078796;51.0;0.1875;10.6875;3421.0;-438.0;-112.0;306.4375;-83.1875;-177.5;-0.5958251953125;0.30615234375;-0.67901611328125;-0.3004150390625;0.4780000150203705;1.5890001058578491;-0.11900000274181366;-0.9730000495910645;0.04200000315904617;-0.10700000822544098
708825.0;-0.49500003457069397;1.63100004196167;-0.22600001096725464;51.0;0.1875;10.6875;2214.0;-1013.0;418.0;307.6875;-83.6875;-177.375;-0.602294921875;0.2960205078125;-0.679931640625;-0.29541015625;0.27800002694129944;0.6720000505447388;0.16500000655651093;-0.9740000367164612;0.04400000348687172;-0.09800000488758087
708835.0;-0.6950000524520874;0.7160000205039978;0.06700000166893005;51.0;0.1875;10.6875;664.0;-510.0;682.0;307.75;-83.75;-177.0;-0.60406494140625;0.29071044921875;-0.680419921875;-0.29595947265625;-0.12200000882148743;0.010000000707805157;-0.09000000357627869;-0.9740000367164612;0.05000000074505806;-0.09300000220537186
708845.0;-1.097000002861023;0.06000000238418579;-0.18300001323223114;51.0;0.1875;10.6875;664.0;-510.0;682.0;307.25;-83.8125;-176.75;-0.60406494140625;0.2900390625;-0.67926025390625;-0.29931640625;-0.13500000536441803;-0.15800000727176666;-0.17000000178813934;-0.9750000238418579;0.055000003427267075;-0.08900000154972076
708849.0;-1.097000002861023;0.06000000238418579;-0.18300001323223114;51.0;0.1875;10.6875;664.0;-510.0;682.0;307.25;-83.8125;-176.75;-0.60406494140625;0.2900390625;-0.67926025390625;-0.29931640625;-0.13500000536441803;-0.15800000727176666;-0.17000000178813934;-0.9750000238418579;0.055000003427267075;-0.08900000154972076
708859.0;-1.1100000143051147;-0.10200000554323196;-0.2590000033378601;50.5625;5.0;13.1875;-426.0;-350.0;397.0;306.6875;-83.9375;-176.75;-0.6033935546875;0.29290771484375;-0.67718505859375;-0.3026123046875;-0.04800000041723251;-0.24500000476837158;-0.22500000894069672;-0.9750000238418579;0.055000003427267075;-0.08700000494718552
708869.0;-1.0230000019073486;-0.1900000125169754;-0.31200000643730164;50.5625;5.0;13.1875;-1276.0;-183.0;-402.0;306.125;-84.1875;-176.9375;-0.6026611328125;0.29815673828125;-0.67388916015625;-0.30621337890625;0.0560000017285347;-0.4240000247955322;-0.38600000739097595;-0.9750000238418579;0.052000001072883606;-0.08400000631809235
708879.0;-0.9180000424385071;-0.3720000088214874;-0.4700000286102295;50.5625;5.0;13.1875;-1814.0;-207.0;-528.0;305.25;-84.4375;-177.125;-0.60137939453125;0.305419921875;-0.66943359375;-0.311279296875;0.03500000014901161;-0.492000013589859;-0.35500001907348633;-0.9760000705718994;0.04800000041723251;-0.08100000023841858
708889.0;-0.940000057220459;-0.4440000355243683;-0.4360000193119049;50.5625;5.0;13.1875;-1954.0;-75.0;-721.0;304.375;-84.6875;-177.5;-0.59967041015625;0.31402587890625;-0.664794921875;-0.31597900390625;0.03100000135600567;-0.44300001859664917;-0.39100003242492676;-0.9760000705718994;0.04200000315904617;-0.07900000363588333
708899.0;-0.9450000524520874;-0.4010000228881836;-0.4710000157356262;50.5625;5.0;13.1875;-1954.0;-75.0;-721.0;304.375;-84.6875;-177.5;-0.59967041015625;0.31402587890625;-0.664794921875;-0.31597900390625;0.05700000375509262;-0.4830000102519989;-0.39400002360343933;-0.9760000705718994;0.032999999821186066;-0.07900000363588333
708904.0;-0.9190000295639038;-0.4490000307559967;-0.47300001978874207;51.0;5.0;11.5;-1427.0;15.0;-994.0;304.0625;-84.9375;-178.0;-0.598876953125;0.32208251953125;-0.6607666015625;-0.31781005859375;0.12300000339746475;-0.5300000309944153;-0.24900001287460327;-0.9770000576972961;0.02200000174343586;-0.07900000363588333
708914.0;-0.8530000448226929;-0.5080000162124634;-0.328000009059906;51.0;5.0;11.5;-694.0;80.0;-1154.0;305.0;-85.1875;-179.25;-0.60101318359375;0.3310546875;-0.6568603515625;-0.31268310546875;-0.04100000113248825;0.6800000071525574;0.7900000214576721;-0.9770000576972961;0.012000000104308128;-0.08000000566244125
708924.0;-1.0180000066757202;0.6920000314712524;0.7100000381469727;51.0;5.0;11.5;212.0;66.0;-921.0;305.9375;-85.3125;-179.5;-0.60394287109375;0.32830810546875;-0.65777587890625;-0.30792236328125;0.08000000566244125;0.862000048160553;0.6570000052452087;-0.9770000576972961;0.00800000037997961;-0.07900000363588333
708934.0;-0.8970000147819519;0.8700000643730164;0.578000009059906;51.0;5.0;11.5;1145.0;-129.0;-315.0;306.75;-85.375;-179.3125;-0.6065673828125;0.3216552734375;-0.66046142578125;-0.30401611328125;0.15400001406669617;0.8220000267028809;0.4820000231266022;-0.9770000576972961;0.01100000087171793;-0.07700000703334808
708944.0;-0.8230000138282776;0.8330000638961792;0.40400001406669617;51.0;5.0;11.5;1569.0;-160.0;393.0;306.75;-85.375;-179.3125;-0.6065673828125;0.3216552734375;-0.66046142578125;-0.30401611328125;0.15400001406669617;0.8220000267028809;0.4820000231266022;-0.9770000576972961;0.01100000087171793;-0.07700000703334808
708954.0;-0.7600000500679016;0.6350000500679016;-0.0650000050663948;50.5625;6.875;11.875;1187.0;-48.0;746.0;307.0625;-85.3125;-178.9375;-0.6075439453125;0.315185546875;-0.6634521484375;-0.30230712890625;0.21700000762939453;0.6170000433921814;0.012000000104308128;-0.9770000576972961;0.017000000923871994;-0.07700000703334808
708956.0;-0.7600000500679016;0.6350000500679016;-0.0650000050663948;50.5625;6.875;11.875;1187.0;-48.0;746.0;307.0625;-85.3125;-178.9375;-0.6075439453125;0.315185546875;-0.6634521484375;-0.30230712890625;0.21700000762939453;0.6170000433921814;0.012000000104308128;-0.9770000576972961;0.017000000923871994;-0.07700000703334808
708966.0;-0.7550000548362732;0.44700002670288086;-0.2840000092983246;50.5625;6.875;11.875;505.0;110.0;562.0;307.0625;-85.1875;-178.625;-0.60540771484375;0.31304931640625;-0.6663818359375;-0.30230712890625;0.1980000138282776;0.13700000941753387;-0.2880000174045563;-0.9760000705718994;0.023000001907348633;-0.0820000022649765
708976.0;-0.7780000567436218;0.16100001335144043;-0.3710000216960907;50.5625;6.875;11.875;-212.0;372.0;3.0;306.875;-84.9375;-178.625;-0.60247802734375;0.3187255859375;-0.66595458984375;-0.30322265625;0.05100000277161598;-0.032999999821186066;-0.20000000298023224;-0.9760000705718994;0.01900000125169754;-0.08800000697374344
708986.0;-0.9240000247955322;-0.014000000432133675;-0.2880000174045563;50.5625;6.875;11.875;-967.0;595.0;-472.0;306.5625;-84.6875;-178.8125;-0.59906005859375;0.3267822265625;-0.66455078125;-0.30450439453125;-0.16100001335144043;-0.15300001204013824;-0.07400000095367432;-0.9750000238418579;0.012000000104308128;-0.09400000423192978
708992.0;-1.1370000839233398;-0.14000000059604645;-0.16900001466274261;50.5625;6.875;11.875;-1377.0;658.0;-758.0;306.0625;-84.375;-179.1875;-0.59906005859375;0.3267822265625;-0.66455078125;-0.30450439453125;-0.16100001335144043;-0.15300001204013824;-0.07400000095367432;-0.9750000238418579;0.012000000104308128;-0.09400000423192978
709002.0;-1.162000060081482;-0.19300000369548798;-0.16100001335144043;50.25;6.5;11.0625;-1482.0;518.0;-785.0;305.5625;-84.0625;-179.625;-0.59588623046875;0.3350830078125;-0.66241455078125;-0.30633544921875;-0.18700000643730164;-0.1990000158548355;-0.06100000441074371;-0.9750000238418579;0.006000000052154064;-0.10000000149011612
709012.0;-1.124000072479248;-0.19100001454353333;-0.17900000512599945;50.25;6.5;11.0625;-1182.0;315.0;-407.0;305.0;-83.9375;-179.75;-0.59332275390625;0.3406982421875;-0.6607666015625;-0.30859375;-0.09000000357627869;-0.0950000062584877;-0.030000001192092896;-0.9740000367164612;0.006000000052154064;-0.10500000417232513
709022.0;-1.065000057220459;-0.08900000154972076;-0.13500000536441803;50.25;6.5;11.0625;-906.0;170.0;159.0;304.3125;-83.8125;-179.625;-0.59088134765625;0.34326171875;-0.66009521484375;-0.31195068359375;0.018000001087784767;0.12700000405311584;0.15700000524520874;-0.9740000367164612;0.012000000104308128;-0.10500000417232513
709032.0;-0.9550000429153442;0.14000000059604645;0.05100000277161598;50.25;6.5;11.0625;-725.0;42.0;587.0;303.4375;-83.75;-179.1875;-0.58843994140625;0.34356689453125;-0.66009521484375;-0.31622314453125;0.07800000160932541;0.16700001060962677;0.2150000035762787;-0.9740000367164612;0.020000001415610313;-0.10500000417232513
709042.0;-0.8960000276565552;0.18700000643730164;0.11000000685453415;50.25;6.5;11.0625;-656.0;-21.0;627.0;302.625;-83.6875;-178.8125;-0.58624267578125;0.3433837890625;-0.66009521484375;-0.32049560546875;0.07800000160932541;0.16700001060962677;0.2150000035762787;-0.9740000367164612;0.020000001415610313;-0.10500000417232513
709045.0;-0.8960000276565552;0.18700000643730164;0.11000000685453415;50.25;6.5;11.0625;-656.0;-21.0;627.0;302.625;-83.6875;-178.8125;-0.58624267578125;0.3433837890625;-0.66009521484375;-0.32049560546875;0.07800000160932541;0.16700001060962677;0.2150000035762787;-0.9740000367164612;0.020000001415610313;-0.10500000417232513
709055.0;-0.8600000143051147;0.1980000138282776;0.14900000393390656;50.5625;6.5;12.75;-612.0;-4.0;355.0;302.0;-83.6875;-178.5625;-0.58453369140625;0.34405517578125;-0.65966796875;-0.32373046875;0.11400000751018524;0.17400000989437103;0.2540000081062317;-0.9740000367164612;0.024000000208616257;-0.10400000214576721
709065.0;-0.8800000548362732;0.13700000941753387;0.13199999928474426;50.5625;6.5;12.75;-544.0;84.0;16.0;301.625;-83.625;-178.5;-0.58319091796875;0.34576416015625;-0.6590576171875;-0.32550048828125;0.09300000220537186;0.1120000034570694;0.2370000183582306;-0.9740000367164612;0.023000001907348633;-0.10700000822544098
709075.0;-0.9250000715255737;0.08000000566244125;0.07600000500679016;50.5625;6.5;12.75;-455.0;173.0;-200.0;301.4375;-83.5;-178.5625;-0.58209228515625;0.34820556640625;-0.65838623046875;-0.326171875;0.049000002443790436;0.05700000375509262;0.18300001323223114;-0.9740000367164612;0.023000001907348633;-0.10700000822544098
709085.0;-0.9570000171661377;0.032999999821186066;0.03100000135600567;50.5625;6.5;12.75;-321.0;193.0;-238.0;301.375;-83.4375;-178.6875;-0.58123779296875;0.350341796875;-0.65802001953125;-0.326171875;0.01600000075995922;0.012000000104308128;0.14000000059604645;-0.9740000367164612;0.021000001579523087;-0.10900000482797623
709095.0;-0.9670000672340393;-0.007000000216066837;-0.0020000000949949026;50.5625;6.5;12.75;-139.0;159.0;-144.0;301.375;-83.375;-178.8125;-0.5806884765625;0.3515625;-0.65802001953125;-0.325927734375;0.007000000216066837;-0.027000000700354576;0.1080000028014183;-0.9740000367164612;0.020000001415610313;-0.11000000685453415
709095.0;-0.9670000672340393;-0.007000000216066837;-0.0020000000949949026;50.5625;6.5;12.75;-139.0;159.0;-144.0;301.375;-83.375;-178.8125;-0.5806884765625;0.3515625;-0.65802001953125;-0.325927734375;0.007000000216066837;-0.027000000700354576;0.1080000028014183;-0.9740000367164612;0.020000001415610313;-0.11000000685453415
709105.0;-0.9550000429153442;-0.032999999821186066;-0.023000001907348633;51.0;5.375;13.5625;48.0;123.0;-26.0;301.5625;-83.3125;-178.8125;-0.5809326171875;0.3507080078125;-0.658935546875;-0.3245849609375;0.018000001087784767;-0.05300000309944153;0.08800000697374344;-0.9740000367164612;0.01900000125169754;-0.1120000034570694
709115.0;-0.9600000381469727;-0.012000000104308128;-0.023000001907348633;51.0;5.375;13.5625;203.0;112.0;48.0;301.6875;-83.25;-178.8125;-0.580810546875;0.35009765625;-0.65972900390625;-0.32379150390625;0.013000000268220901;-0.03200000151991844;0.08900000154972076;-0.9730000495910645;0.020000001415610313;-0.11300000548362732
709125.0;-0.9550000429153442;0.018000001087784767;-0.029000001028180122;51.0;5.375;13.5625;307.0;101.0;69.0;301.875;-83.1875;-178.75;-0.5809326171875;0.34906005859375;-0.66070556640625;-0.32275390625;0.018000001087784767;-0.0020000000949949026;0.08500000089406967;-0.9730000495910645;0.020000001415610313;-0.11400000751018524
709135.0;-0.9640000462532043;0.055000003427267075;-0.023000001907348633;51.0;5.375;13.5625;313.0;75.0;64.0;302.0;-83.125;-169.75;-0.58111572265625;0.3480224609375;-0.66156005859375;-0.32171630859375;0.009000000543892384;0.03400000184774399;0.09100000560283661;-0.9730000495910645;0.020000001415610313;-0.11500000208616257
709145.0;-0.9520000219345093;0.1080000028014183;-0.027000000700354576;51.0;5.375;13.5625;307.0;48.0;32.0;302.1875;-83.0625;-169.8125;-0.5814208984375;0.3470458984375;-0.66229248046875;-0.3206787109375;0.020000001415610313;0.08700000494718552;0.08800000697374344;-0.9730000495910645;0.020000001415610313;-0.11500000208616257
709151.0;-0.9430000185966492;0.13199999928474426;-0.024000000208616257;50.5;6.0625;13.5625;305.0;20.0;-12.0;302.6875;-83.0625;-170.0625;-0.582763671875;0.34454345703125;-0.6636962890625;-0.318115234375;0.030000001192092896;0.1120000034570694;0.09100000560283661;-0.9730000495910645;0.020000001415610313;-0.11600000411272049
709161.0;-0.9340000152587891;0.14500001072883606;-0.02500000037252903;50.5;6.0625;13.5625;386.0;1.0;-36.0;303.0;-83.0625;-170.5;-0.58349609375;0.343505859375;-0.664306640625;-0.316650390625;0.03800000250339508;0.12600000202655792;0.09000000357627869;-0.9730000495910645;0.01900000125169754;-0.11600000411272049
709171.0;-0.9290000200271606;0.16300000250339508;-0.03200000151991844;50.5;6.0625;13.5625;494.0;-6.0;-39.0;303.375;-83.0625;-171.0;-0.58447265625;0.34210205078125;-0.6650390625;-0.31475830078125;0.0430000014603138;0.14400000870227814;0.08300000429153442;-0.9730000495910645;0.018000001087784767;-0.11600000411272049
709181.0;-0.9280000329017639;0.22700001299381256;-0.03700000047683716;50.5;6.0625;13.5625;608.0;-11.0;-16.0;303.8125;-83.0625;-171.4375;-0.58563232421875;0.34027099609375;-0.666015625;-0.3126220703125;0.04500000178813934;0.21000000834465027;0.07800000160932541;-0.9730000495910645;0.017000000923871994;-0.11600000411272049
709183.0;-0.9280000329017639;0.22700001299381256;-0.03700000047683716;50.5;6.0625;13.5625;608.0;-11.0;-16.0;303.8125;-83.0625;-171.4375;-0.58563232421875;0.34027099609375;-0.666015625;-0.3126220703125;0.04500000178813934;0.21000000834465027;0.07800000160932541;-0.9730000495910645;0.017000000923871994;-0.11600000411272049
709193.0;-0.9240000247955322;0.26200002431869507;-0.049000002443790436;50.5;6.0625;13.5625;704.0;6.0;-12.0;304.25;-83.0625;-171.875;-0.5869140625;0.338134765625;-0.6671142578125;-0.31005859375;0.049000002443790436;0.2460000067949295;0.06599999964237213;-0.9730000495910645;0.01600000075995922;-0.11600000411272049
709203.0;-0.9250000715255737;0.2800000011920929;-0.06599999964237213;50.1875;5.375;14.0;731.0;41.0;10.0;304.875;-83.0625;-172.3125;-0.58843994140625;0.3350830078125;-0.66888427734375;-0.3067626953125;0.04700000211596489;0.2639999985694885;0.05000000074505806;-0.9730000495910645;0.015000000596046448;-0.11700000613927841
709213.0;-0.9250000715255737;0.2800000011920929;-0.06599999964237213;50.1875;5.375;14.0;666.0;63.0;76.0;305.3125;-83.0;-172.375;-0.5892333984375;0.33282470703125;-0.6702880859375;-0.30450439453125;0.04400000348687172;0.26600000262260437;0.05400000140070915;-0.9730000495910645;0.015000000596046448;-0.11700000613927841
709222.0;-0.9280000329017639;0.28200000524520874;-0.06300000101327896;50.1875;5.375;14.0;497.0;82.0;123.0;305.5625;-82.9375;-172.125;-0.58966064453125;0.33099365234375;-0.67156982421875;-0.302978515625;0.05100000277161598;0.27800002694129944;0.06000000238418579;-0.9730000495910645;0.01600000075995922;-0.11800000816583633
709232.0;-0.921000063419342;0.2939999997615814;-0.058000002056360245;50.1875;5.375;14.0;281.0;92.0;156.0;305.6875;-82.875;-171.625;-0.58953857421875;0.3297119140625;-0.67254638671875;-0.30230712890625;0.05700000375509262;0.29600000381469727;0.08000000566244125;-0.9730000495910645;0.017000000923871994;-0.11900000274181366
709242.0;-0.9150000214576721;0.3140000104904175;-0.039000000804662704;50.1875;5.375;14.0;43.0;100.0;169.0;305.625;-82.8125;-170.9375;-0.5889892578125;0.3291015625;-0.6732177734375;-0.302490234375;0.055000003427267075;0.31800001859664917;0.09600000083446503;-0.9730000495910645;0.01900000125169754;-0.12000000476837158
709252.0;-0.9170000553131104;0.3370000123977661;-0.024000000208616257;50.1875;5.375;14.0;43.0;100.0;169.0;305.625;-82.75;-169.8125;-0.5887451171875;0.32720947265625;-0.674560546875;-0.30206298828125;0.046000003814697266;0.3450000286102295;0.13600000739097595;-0.9720000624656677;0.021000001579523087;-0.1210000067949295
709262.0;-0.9260000586509705;0.367000013589859;0.014000000432133675;49.75;6.5;12.75;-175.0;100.0;226.0;305.1875;-82.6875;-168.3125;-0.58734130859375;0.32769775390625;-0.6744384765625;-0.30450439453125;0.04100000113248825;0.38200002908706665;0.14500001072883606;-0.9720000624656677;0.02500000037252903;-0.12200000882148743
709272.0;-0.9310000538825989;0.40700000524520874;0.023000001907348633;49.75;6.5;12.75;-742.0;3.0;332.0;304.4375;-82.625;-166.3125;-0.5855712890625;0.328857421875;-0.673828125;-0.30816650390625;0.03500000014901161;0.4180000126361847;0.15900000929832458;-0.9720000624656677;0.029000001028180122;-0.1210000067949295
709274.0;-0.9310000538825989;0.40700000524520874;0.023000001907348633;49.75;6.5;12.75;-742.0;3.0;332.0;304.4375;-82.625;-166.3125;-0.5855712890625;0.328857421875;-0.673828125;-0.30816650390625;0.03500000014901161;0.4180000126361847;0.15900000929832458;-0.9720000624656677;0.029000001028180122;-0.1210000067949295
709284.0;-0.9360000491142273;0.44700002670288086;0.03700000047683716;49.75;6.5;12.75;-1037.0;-40.0;425.0;303.5;-82.5625;-163.75;-0.58319091796875;0.3304443359375;-0.6727294921875;-0.313232421875;0.02200000174343586;0.44600000977516174;0.16200000047683716;-0.9720000624656677;0.03500000014901161;-0.1210000067949295
709294.0;-0.9490000605583191;0.4820000231266022;0.04100000113248825;49.75;6.5;12.75;-1310.0;-86.0;526.0;302.25;-82.5;-160.5;-0.580322265625;0.33245849609375;-0.67120361328125;-0.31964111328125;0.005000000353902578;0.5049999952316284;0.20500001311302185;-0.9720000624656677;0.04200000315904617;-0.11900000274181366
709304.0;-0.9660000205039978;0.5480000376701355;0.08500000089406967;49.75;6.5;12.75;-1310.0;-86.0;526.0;302.25;-82.5;-160.5;-0.580322265625;0.33245849609375;-0.67120361328125;-0.31964111328125;-0.0020000000949949026;0.5060000419616699;0.22800001502037048;-0.9720000624656677;0.05000000074505806;-0.11700000613927841
709307.0;-0.9660000205039978;0.5480000376701355;0.08500000089406967;49.75;6.5;12.75;-1310.0;-86.0;526.0;302.25;-82.5;-160.5;-0.580322265625;0.33245849609375;-0.67120361328125;-0.31964111328125;-0.0020000000949949026;0.5060000419616699;0.22800001502037048;-0.9720000624656677;0.05000000074505806;-0.11700000613927841
709317.0;-0.9740000367164612;0.5570000410079956;0.11100000888109207;50.1875;6.0625;14.75;-1526.0;-165.0;605.0;300.9375;-82.5;-156.6875;-0.577392578125;0.33428955078125;-0.66937255859375;-0.32684326171875;-0.012000000104308128;0.4910000264644623;0.2330000102519989;-0.9720000624656677;0.05900000408291817;-0.11300000548362732
709327.0;-0.984000027179718;0.5509999990463257;0.11900000274181366;50.1875;6.0625;14.75;-1684.0;-250.0;649.0;297.8125;-82.4375;-148.0;-0.57080078125;0.3392333984375;-0.663818359375;-0.3441162109375;-0.0430000014603138;0.5220000147819519;0.26200002431869507;-0.9720000624656677;0.06800000369548798;-0.10900000482797623
709337.0;-1.0150001049041748;0.5900000333786011;0.15300001204013824;50.1875;6.0625;14.75;-1810.0;-314.0;674.0;296.125;-82.375;-143.125;-0.5675048828125;0.3416748046875;-0.660400390625;-0.35357666015625;-0.06100000441074371;0.5300000309944153;0.281000018119812;-0.9720000624656677;0.07700000703334808;-0.10300000756978989
709347.0;-1.0329999923706055;0.6080000400543213;0.1770000010728836;50.1875;6.0625;14.75;-1892.0;-396.0;707.0;294.4375;-82.3125;-138.125;-0.56427001953125;0.3438720703125;-0.6568603515625;-0.36322021484375;-0.07600000500679016;0.5440000295639038;0.31200000643730164;-0.971000075340271;0.08700000494718552;-0.09700000286102295
709357.0;-1.0480000972747803;0.6320000290870667;0.2150000035762787;50.1875;6.0625;14.75;-1890.0;-456.0;747.0;294.4375;-82.3125;-138.125;-0.56427001953125;0.3438720703125;-0.6568603515625;-0.36322021484375;-0.07600000500679016;0.5440000295639038;0.31200000643730164;-0.971000075340271;0.08700000494718552;-0.09700000286102295
709361.0;-1.059000015258789;0.6660000085830688;0.26200002431869507;50.5;3.5;13.5625;-1822.0;-539.0;780.0;292.875;-82.1875;-132.8125;-0.5616455078125;0.34490966796875;-0.6534423828125;-0.37225341796875;-0.08700000494718552;0.5680000185966492;0.3530000150203705;-0.971000075340271;0.09700000286102295;-0.09000000357627869
709371.0;-1.0800000429153442;0.7520000338554382;0.31700000166893005;50.5;3.5;13.5625;-1708.0;-641.0;818.0;291.3125;-82.0625;-127.3125;-0.556884765625;0.3460693359375;-0.64581298828125;-0.39117431640625;-0.1340000033378601;0.6630000472068787;0.3880000114440918;-0.9700000286102295;0.11700000613927841;-0.07200000435113907
709381.0;-1.1050000190734863;0.781000018119812;0.3160000145435333;50.5;3.5;13.5625;-1610.0;-728.0;879.0;289.8125;-81.875;-121.625;-0.5548095703125;0.3458251953125;-0.64178466796875;-0.40087890625;-0.16100001335144043;0.6460000276565552;0.3620000183582306;-0.9700000286102295;0.12800000607967377;-0.06100000441074371
709391.0;-1.13100004196167;0.7750000357627869;0.30000001192092896;50.5;3.5;13.5625;-1605.0;-830.0;949.0;288.25;-81.625;-115.6875;-0.552734375;0.345458984375;-0.63714599609375;-0.4112548828125;-0.17900000512599945;0.6150000095367432;0.3330000042915344;-0.9690000414848328;0.13900001347064972;-0.049000002443790436
709401.0;-1.1480000019073486;0.7550000548362732;0.28300002217292786;50.5;3.5;13.5625;-1704.0;-949.0;987.0;286.6875;-81.3125;-109.5625;-0.552734375;0.345458984375;-0.63714599609375;-0.4112548828125;-0.17900000512599945;0.6150000095367432;0.3330000042915344;-0.9690000414848328;0.13900001347064972;-0.049000002443790436
709411.0;-1.1880000829696655;0.7710000276565552;0.27900001406669617;51.25;-0.1875;13.1875;-1829.0;-1071.0;983.0;285.0625;-80.875;-103.375;-0.5509033203125;0.3450927734375;-0.6318359375;-0.42218017578125;-0.21900001168251038;0.6210000514984131;0.3150000274181366;-0.968000054359436;0.15000000596046448;-0.03500000014901161
709413.0;-1.1880000829696655;0.7710000276565552;0.27900001406669617;51.25;-0.1875;13.1875;-1829.0;-1071.0;983.0;285.0625;-80.875;-103.375;-0.5509033203125;0.3450927734375;-0.6318359375;-0.42218017578125;-0.21900001168251038;0.6210000514984131;0.3150000274181366;-0.968000054359436;0.15000000596046448;-0.03500000014901161
709423.0;-1.2170000076293945;0.7910000085830688;0.25600001215934753;51.25;-0.1875;13.1875;-1868.0;-1144.0;948.0;283.4375;-80.4375;-97.4375;-0.54913330078125;0.34478759765625;-0.62603759765625;-0.4332275390625;-0.25;0.6310000419616699;0.2770000100135803;-0.9650000333786011;0.16900001466274261;-0.006000000052154064
709433.0;-1.2630000114440918;0.8090000152587891;0.23100000619888306;51.25;-0.1875;13.1875;-1834.0;-1150.0;874.0;281.9375;-80.0;-92.0625;-0.54754638671875;0.34454345703125;-0.6199951171875;-0.44390869140625;-0.33800002932548523;0.6440000534057617;0.2150000035762787;-0.9640000462532043;0.1770000010728836;0.009000000543892384
709443.0;-1.3020000457763672;0.8220000267028809;0.2240000069141388;51.25;-0.1875;13.1875;-1837.0;-1195.0;805.0;280.4375;-79.5;-86.9375;-0.54620361328125;0.34442138671875;-0.61370849609375;-0.454345703125;-0.3620000183582306;0.612000048160553;0.2240000069141388;-0.9620000720024109;0.1850000023841858;0.026000000536441803
709453.0;-1.3240001201629639;0.7970000505447388;0.25;51.25;-0.1875;13.1875;-1928.0;-1307.0;785.0;279.0;-78.9375;-81.875;-0.54498291015625;0.34423828125;-0.606689453125;-0.4652099609375;-0.3620000183582306;0.612000048160553;0.2240000069141388;-0.9620000720024109;0.1850000023841858;0.026000000536441803
709456.0;-1.3240001201629639;0.7970000505447388;0.25;51.25;-0.1875;13.1875;-1928.0;-1307.0;785.0;279.0;-78.9375;-81.875;-0.54498291015625;0.34423828125;-0.606689453125;-0.4652099609375;-0.3620000183582306;0.612000048160553;0.2240000069141388;-0.9620000720024109;0.1850000023841858;0.026000000536441803
709466.0;-1.3250000476837158;0.7590000629425049;0.2710000276565552;52.0;-3.5625;8.1875;-2053.0;-1420.0;862.0;277.6875;-78.25;-76.875;-0.54461669921875;0.3426513671875;-0.5997314453125;-0.4757080078125;-0.36400002241134644;0.5649999976158142;0.22600001096725464;-0.9600000381469727;0.19300000369548798;0.04400000348687172
709476.0;-1.3340001106262207;0.7150000333786011;0.2990000247955322;52.0;-3.5625;8.1875;-2140.0;-1466.0;990.0;276.0625;-77.4375;-72.375;-0.5428466796875;0.3419189453125;-0.59185791015625;-0.4879150390625;-0.37700000405311584;0.5130000114440918;0.23500001430511475;-0.9570000171661377;0.20200000703334808;0.06400000303983688
709486.0;-1.371000051498413;0.6020000576972961;0.3440000116825104;52.0;-3.5625;8.1875;-2144.0;-1504.0;1150.0;274.375;-76.5;-68.375;-0.5406494140625;0.340576171875;-0.58404541015625;-0.50054931640625;-0.41700002551078796;0.39000001549720764;0.2600000202655792;-0.9530000686645508;0.2120000123977661;0.08400000631809235
709491.0;-1.38100004196167;0.5680000185966492;0.37800002098083496;52.0;-3.5625;8.1875;-2073.0;-1569.0;1389.0;272.625;-75.375;-64.9375;-0.53802490234375;0.3380126953125;-0.5765380859375;-0.513671875;-0.4320000112056732;0.3440000116825104;0.27400001883506775;-0.9480000734329224;0.2240000069141388;0.10400000214576721
709501.0;-1.3920000791549683;0.5600000023841858;0.38700002431869507;52.0;-3.5625;8.1875;-1965.0;-1599.0;1719.0;270.75;-74.0;-62.25;-0.53466796875;0.333984375;-0.56964111328125;-0.52734375;-0.4490000307559967;0.32100000977516174;0.26200002431869507;-0.9420000314712524;0.23800000548362732;0.125
709511.0;-1.3970000743865967;0.5649999976158142;0.4020000100135803;50.875;-6.0625;6.1875;-1912.0;-1641.0;2094.0;268.75;-72.4375;-60.25;-0.53033447265625;0.3284912109375;-0.56329345703125;-0.54180908203125;-0.4620000123977661;0.30800002813339233;0.25600001215934753;-0.9340000152587891;0.25600001215934753;0.14600001275539398
709521.0;-1.3410000801086426;0.6110000014305115;0.43300002813339233;50.875;-6.0625;6.1875;-1995.0;-1718.0;2475.0;266.5;-70.5625;-58.625;-0.5247802734375;0.32171630859375;-0.55694580078125;-0.55755615234375;-0.41600000858306885;0.33400002121925354;0.2639999985694885;-0.9250000715255737;0.2770000100135803;0.16900001466274261
709528.0;-1.3410000801086426;0.6110000014305115;0.43300002813339233;50.875;-6.0625;6.1875;-1995.0;-1718.0;2475.0;266.5;-70.5625;-58.625;-0.5247802734375;0.32171630859375;-0.55694580078125;-0.55755615234375;-0.41600000858306885;0.33400002121925354;0.2639999985694885;-0.9250000715255737;0.2770000100135803;0.16900001466274261
709538.0;-1.4420000314712524;0.7040000557899475;0.4700000286102295;50.875;-6.0625;6.1875;-2302.0;-1743.0;2660.0;264.0625;-68.6875;-57.125;-0.51806640625;0.3150634765625;-0.54974365234375;-0.57452392578125;-0.527999997138977;0.4050000309944153;0.2770000100135803;-0.9130000472068787;0.2990000247955322;0.19300000369548798
709548.0;-1.446000099182129;0.5610000491142273;0.4910000264644623;50.875;-6.0625;6.1875;-2885.0;-1926.0;3176.0;261.125;-66.4375;-55.625;-0.509033203125;0.30780029296875;-0.5408935546875;-0.5946044921875;-0.5470000505447388;0.2370000183582306;0.27000001072883606;-0.8990000486373901;0.3230000138282776;0.22100001573562622
709558.0;-1.4700000286102295;0.4910000264644623;0.5690000057220459;50.875;-6.0625;6.1875;-3220.0;-2163.0;3422.0;257.9375;-64.0;-53.9375;-0.49908447265625;0.2998046875;-0.53033447265625;-0.61627197265625;-0.5890000462532043;0.14400000870227814;0.3160000145435333;-0.8810000419616699;0.34700000286102295;0.25200000405311584
709568.0;-1.3880000114440918;0.48600003123283386;0.5460000038146973;48.6875;-12.0625;1.5625;-3240.0;-2212.0;3146.0;255.0625;-61.625;-52.125;-0.48974609375;0.292236328125;-0.51873779296875;-0.636962890625;-0.5250000357627869;0.11900000274181366;0.26100000739097595;-0.8630000352859497;0.367000013589859;0.2850000262260437
709578.0;-1.3580000400543213;0.4880000352859497;0.5320000052452087;48.6875;-12.0625;1.5625;-3310.0;-2344.0;3152.0;252.25;-59.25;-50.25;-0.48028564453125;0.2841796875;-0.5062255859375;-0.65753173828125;-0.51500004529953;0.10300000756978989;0.2120000123977661;-0.843000054359436;0.3850000202655792;0.3190000057220459
709582.0;-1.3410000801086426;0.49400001764297485;0.5330000519752502;48.6875;-12.0625;1.5625;-3360.0;-2470.0;3372.0;249.375;-56.75;-48.5625;-0.46990966796875;0.27496337890625;-0.4931640625;-0.678466796875;-0.5200000405311584;0.09100000560283661;0.17800000309944153;-0.8200000524520874;0.4020000100135803;0.35500001907348633
709592.0;-1.3040000200271606;0.4960000216960907;0.5900000333786011;48.6875;-12.0625;1.5625;-3278.0;-2540.0;3457.0;246.5625;-54.1875;-46.9375;-0.459228515625;0.264892578125;-0.47991943359375;-0.69903564453125;-0.5080000162124634;0.07700000703334808;0.1990000158548355;-0.7950000166893005;0.4190000295639038;0.39100003242492676
709602.0;-1.2820000648498535;0.49900001287460327;0.6210000514984131;48.6875;-12.0625;1.5625;-3161.0;-2606.0;3457.0;243.875;-51.5625;-45.4375;-0.448486328125;0.25408935546875;-0.46661376953125;-0.71875;-0.5130000114440918;0.0650000050663948;0.1940000057220459;-0.7680000066757202;0.43400001525878906;0.4270000159740448
709612.0;-1.2820000648498535;0.49900001287460327;0.6210000514984131;45.6875;-19.0625;-7.5;-3132.0;-2664.0;3411.0;241.3125;-49.0;-43.9375;-0.43768310546875;0.242919921875;-0.45281982421875;-0.73785400390625;-0.5250000357627869;0.04800000041723251;0.19700001180171967;-0.7400000095367432;0.44600000977516174;0.4620000123977661
709616.0;-1.2820000648498535;0.49900001287460327;0.6210000514984131;45.6875;-19.0625;-7.5;-3132.0;-2664.0;3411.0;241.3125;-49.0;-43.9375;-0.43768310546875;0.242919921875;-0.45281982421875;-0.73785400390625;-0.5250000357627869;0.04800000041723251;0.19700001180171967;-0.7400000095367432;0.44600000977516174;0.4620000123977661
709626.0;-1.2650001049041748;0.49500003457069397;0.659000039100647;45.6875;-19.0625;-7.5;-3234.0;-2727.0;3295.0;238.875;-46.4375;-42.375;-0.42706298828125;0.2318115234375;-0.43792724609375;-0.75634765625;-0.5400000214576721;0.03800000250339508;0.1860000044107437;-0.7100000381469727;0.45500001311302185;0.49900001287460327
709636.0;-1.2510000467300415;0.4930000305175781;0.6850000619888306;45.6875;-19.0625;-7.5;-3473.0;-2804.0;3110.0;236.5;-43.875;-40.5625;-0.41668701171875;0.22113037109375;-0.42138671875;-0.7745361328125;-0.527999997138977;0.014000000432133675;0.18400001525878906;-0.6800000071525574;0.45900002121925354;0.5360000133514404
709646.0;-1.2080000638961792;0.4740000367164612;0.7200000286102295;45.6875;-19.0625;-7.5;-3787.0;-2902.0;2868.0;234.3125;-41.4375;-38.4375;-0.4068603515625;0.21112060546875;-0.4027099609375;-0.79229736328125;-0.5290000438690186;-0.00800000037997961;0.15800000727176666;-0.6490000486373901;0.4570000171661377;0.5750000476837158
709651.0;-1.1790000200271606;0.4480000138282776;0.734000027179718;45.6875;-19.0625;-7.5;-4079.0;-2987.0;2570.0;232.3125;-39.0625;-36.125;-0.397705078125;0.20184326171875;-0.38189697265625;-0.8094482421875;-0.5360000133514404;-0.02800000086426735;0.12600000202655792;-0.6180000305175781;0.4480000138282776;0.6140000224113464
709661.0;-1.1540000438690186;0.4190000295639038;0.7400000095367432;45.6875;-19.0625;-7.5;-4079.0;-2987.0;2570.0;232.3125;-39.0625;-36.125;-0.3895263671875;0.19293212890625;-0.359619140625;-0.82568359375;-0.5430000424385071;-0.04500000178813934;0.10500000417232513;-0.5870000123977661;0.43400001525878906;0.6540000438690186
709671.0;-1.1299999952316284;0.3890000283718109;0.7590000629425049;40.0625;-25.6875;-16.5;-4237.0;-3069.0;2272.0;230.5;-36.75;-33.625;-0.382080078125;0.183837890625;-0.33685302734375;-0.8406982421875;-0.49800002574920654;-0.08300000429153442;0.12300000339746475;-0.5550000071525574;0.41700002551078796;0.6910000443458557
709681.0;-1.0540000200271606;0.33400002121925354;0.815000057220459;40.0625;-25.6875;-16.5;-3935.0;-3213.0;1964.0;227.375;-32.1875;-28.75;-0.3751220703125;0.1739501953125;-0.314697265625;-0.85443115234375;-0.5110000371932983;-0.07100000232458115;0.09600000083446503;-0.5230000019073486;0.39900001883506775;0.7270000576972961
709688.0;-1.0540000200271606;0.33400002121925354;0.815000057220459;40.0625;-25.6875;-16.5;-3935.0;-3213.0;1964.0;227.375;-32.1875;-28.75;-0.3751220703125;0.1739501953125;-0.314697265625;-0.85443115234375;-0.5110000371932983;-0.07100000232458115;0.09600000083446503;-0.5230000019073486;0.39900001883506775;0.7270000576972961
709698.0;-1.034000039100647;0.3270000219345093;0.8230000138282776;40.0625;-25.6875;-16.5;-3553.0;-3277.0;1938.0;226.0;-29.875;-26.6875;-0.368408203125;0.16290283203125;-0.2938232421875;-0.8668212890625;-0.531000018119812;-0.055000003427267075;0.07500000298023224;-0.48900002241134644;0.38100001215934753;0.7590000629425049
709708.0;-1.0210000276565552;0.32600000500679016;0.8350000381469727;40.0625;-25.6875;-16.5;-3119.0;-3310.0;1946.0;224.75;-27.5625;-24.875;-0.36181640625;0.1507568359375;-0.27471923828125;-0.87799072265625;-0.550000011920929;-0.04700000211596489;0.06400000303983688;-0.4540000259876251;0.3660000264644623;0.7880000472068787
709718.0;-1.0040000677108765;0.31800001859664917;0.8520000576972961;40.0625;-25.6875;-16.5;-3119.0;-3310.0;1946.0;224.75;-27.5625;-24.875;-0.36181640625;0.1507568359375;-0.27471923828125;-0.87799072265625;-0.5200000405311584;-0.03500000014901161;0.06400000303983688;-0.4180000126361847;0.35200002789497375;0.8130000233650208
709728.0;-0.9390000700950623;0.3160000145435333;0.878000020980835;31.5625;-25.0;-27.1875;-2691.0;-3351.0;1940.0;223.625;-25.25;-23.375;-0.35540771484375;0.13751220703125;-0.25732421875;-0.88800048828125;-0.5200000405311584;-0.03500000014901161;0.06400000303983688;-0.38200002908706665;0.33900001645088196;0.8360000252723694
709738.0;-0.9020000696182251;0.3360000252723694;0.9010000228881836;31.5625;-25.0;-27.1875;-2353.0;-3400.0;1876.0;221.625;-20.625;-20.875;-0.34405517578125;0.10882568359375;-0.22576904296875;-0.9049072265625;-0.5110000371932983;0.030000001192092896;0.039000000804662704;-0.3450000286102295;0.3270000219345093;0.8570000529289246
709743.0;-0.8570000529289246;0.3580000102519989;0.8960000276565552;31.5625;-25.0;-27.1875;-2149.0;-3439.0;1749.0;220.8125;-18.3125;-19.6875;-0.33935546875;0.0941162109375;-0.21051025390625;-0.91192626953125;-0.453000009059906;0.046000003814697266;0.04400000348687172;-0.30800002813339233;0.31300002336502075;0.8760000467300415
709753.0;-0.7610000371932983;0.36000001430511475;0.921000063419342;31.5625;-25.0;-27.1875;-2043.0;-3465.0;1580.0;220.125;-16.0625;-18.5;-0.33538818359375;0.079345703125;-0.1954345703125;-0.91815185546875;-0.4570000171661377;0.05900000408291817;0.0430000014603138;-0.2710000276565552;0.2990000247955322;0.893000066280365
709763.0;-0.7290000319480896;0.359000027179718;0.9360000491142273;31.5625;-25.0;-27.1875;-1980.0;-3477.0;1402.0;220.125;-16.0625;-18.5;-0.33538818359375;0.079345703125;-0.1954345703125;-0.91815185546875;-0.4570000171661377;0.05900000408291817;0.0430000014603138;-0.2710000276565552;0.2990000247955322;0.893000066280365
709773.0;-0.7050000429153442;0.3660000264644623;0.940000057220459;23.875;-22.5;-36.0;-1946.0;-3491.0;1244.0;219.5;-13.8125;-17.375;-0.33209228515625;0.06451416015625;-0.1802978515625;-0.923583984375;-0.4700000286102295;0.08100000023841858;0.03100000135600567;-0.23400001227855682;0.2840000092983246;0.9080000519752502
709777.0;-0.7050000429153442;0.3660000264644623;0.940000057220459;23.875;-22.5;-36.0;-1946.0;-3491.0;1244.0;219.5;-13.8125;-17.375;-0.33209228515625;0.06451416015625;-0.1802978515625;-0.923583984375;-0.4700000286102295;0.08100000023841858;0.03100000135600567;-0.23400001227855682;0.2840000092983246;0.9080000519752502
709787.0;-0.687000036239624;0.3710000216960907;0.9460000395774841;23.875;-22.5;-36.0;-1942.0;-3498.0;1132.0;219.0;-11.5625;-16.1875;-0.3262939453125;0.03515625;-0.1494140625;-0.9327392578125;-0.46800002455711365;0.10400000214576721;-0.004000000189989805;-0.15900000929832458;0.25;0.9340000152587891
709797.0;-0.6270000338554382;0.35500001907348633;0.9290000200271606;23.875;-22.5;-36.0;-1998.0;-3497.0;1085.0;218.5;-9.375;-15.0;-0.3231201171875;0.0206298828125;-0.13323974609375;-0.93670654296875;-0.47200003266334534;0.10600000619888306;-0.024000000208616257;-0.12200000882148743;0.23100000619888306;0.9450000524520874
709807.0;-0.5940000414848328;0.33800002932548523;0.9200000166893005;23.875;-22.5;-36.0;-2090.0;-3505.0;1101.0;218.0625;-7.125;-13.75;-0.319580078125;0.00628662109375;-0.116455078125;-0.94036865234375;-0.4870000183582306;0.10900000482797623;-0.03800000250339508;-0.08400000631809235;0.21000000834465027;0.9530000686645508
709811.0;-0.5720000267028809;0.3190000057220459;0.9150000214576721;23.875;-22.5;-36.0;-2208.0;-3497.0;1148.0;217.5;-4.9375;-12.4375;-0.319580078125;0.00628662109375;-0.116455078125;-0.94036865234375;-0.4870000183582306;0.10900000482797623;-0.03800000250339508;-0.08400000631809235;0.21000000834465027;0.9530000686645508
709821.0;-0.5520000457763672;0.29200002551078796;0.8910000324249268;15.0;-20.25;-41.25;-2332.0;-3477.0;1168.0;217.0;-2.6875;-11.0625;-0.3157958984375;-0.00775146484375;-0.0989990234375;-0.943603515625;-0.5049999952316284;0.10400000214576721;-0.0690000057220459;-0.04700000211596489;0.18800000846385956;0.9610000252723694
709831.0;-0.5090000033378601;0.24700000882148743;0.8730000257492065;15.0;-20.25;-41.25;-2425.0;-3470.0;1148.0;216.4375;-0.5;-9.5625;-0.3118896484375;-0.02154541015625;-0.0810546875;-0.9464111328125;-0.5110000371932983;0.10100000351667404;-0.12400000542402267;0.027000000700354576;0.1380000114440918;0.9700000286102295
709841.0;-0.4830000102519989;0.24000000953674316;0.8450000286102295;15.0;-20.25;-41.25;-2451.0;-3488.0;1126.0;215.9375;1.625;-8.0625;-0.30792236328125;-0.035400390625;-0.06292724609375;-0.94866943359375;-0.5070000290870667;0.10900000482797623;-0.12700000405311584;0.0650000050663948;0.11300000548362732;0.971000075340271
709849.0;-0.4830000102519989;0.24000000953674316;0.8450000286102295;15.0;-20.25;-41.25;-2451.0;-3488.0;1126.0;215.9375;1.625;-8.0625;-0.30792236328125;-0.035400390625;-0.06292724609375;-0.94866943359375;-0.5070000290870667;0.10900000482797623;-0.12700000405311584;0.0650000050663948;0.11300000548362732;0.971000075340271
709859.0;-0.44200003147125244;0.22300000488758087;0.8440000414848328;15.0;-20.25;-41.25;-2360.0;-3515.0;1112.0;215.4375;3.8125;-6.625;-0.30389404296875;-0.049560546875;-0.045166015625;-0.9503173828125;-0.4610000252723694;0.10200000554323196;-0.12600000202655792;0.10300000756978989;0.09000000357627869;0.971000075340271
709869.0;-0.3580000102519989;0.19200000166893005;0.8440000414848328;15.0;-20.25;-41.25;-2141.0;-3546.0;1129.0;214.9375;6.0;-5.3125;-0.299560546875;-0.06414794921875;-0.0284423828125;-0.95147705078125;-0.4610000252723694;0.10200000554323196;-0.12600000202655792;0.10300000756978989;0.09000000357627869;0.971000075340271
709879.0;-0.3440000116825104;0.18200001120567322;0.8220000267028809;6.5;-17.0;-44.25;-1827.0;-3572.0;1171.0;214.375;8.1875;-4.125;-0.2947998046875;-0.079345703125;-0.01324462890625;-0.9521484375;-0.484000027179718;0.11100000888109207;-0.14500001072883606;0.14000000059604645;0.07000000029802322;0.9670000672340393
709889.0;-0.32500001788139343;0.1720000058412552;0.8010000586509705;6.5;-17.0;-44.25;-1433.0;-3602.0;1195.0;213.8125;10.4375;-3.1875;-0.28955078125;-0.0953369140625;6.103515625e-05;-0.952392578125;-0.503000020980835;0.11800000816583633;-0.16100001335144043;0.2150000035762787;0.04100000113248825;0.9550000429153442
709899.0;-0.29500001668930054;0.16900001466274261;0.7710000276565552;6.5;-17.0;-44.25;-996.0;-3647.0;1235.0;213.1875;12.6875;-2.4375;-0.28375244140625;-0.11212158203125;0.01129150390625;-0.9522705078125;-0.5100000500679016;0.12800000607967377;-0.18300001323223114;0.2150000035762787;0.04100000113248825;0.9550000429153442
709903.0;-0.242000013589859;0.18200001120567322;0.7430000305175781;6.5;-17.0;-44.25;-594.0;-3683.0;1323.0;212.4375;14.9375;-1.9375;-0.2772216796875;-0.129638671875;0.02056884765625;-0.9517822265625;-0.4960000216960907;0.15000000596046448;-0.203000009059906;0.25300002098083496;0.03200000151991844;0.9460000395774841
709913.0;-0.2120000123977661;0.2070000171661377;0.7200000286102295;6.5;-17.0;-44.25;-270.0;-3713.0;1440.0;211.625;17.1875;-1.5;-0.2696533203125;-0.147705078125;0.0283203125;-0.95111083984375;-0.5020000338554382;0.18200001120567322;-0.2150000035762787;0.2900000214576721;0.02500000037252903;0.9360000491142273
709923.0;-0.17500001192092896;0.22700001299381256;0.718000054359436;-5.0;-12.375;-47.5625;-60.0;-3750.0;1557.0;210.6875;19.5;-1.1875;-0.26129150390625;-0.1661376953125;0.03521728515625;-0.9501953125;-0.503000020980835;0.20800000429153442;-0.20500001311302185;0.3270000219345093;0.01900000125169754;0.9240000247955322
709933.0;-0.1510000079870224;0.23800000548362732;0.7120000123977661;-5.0;-12.375;-47.5625;-5.0;-3775.0;1693.0;209.6875;21.8125;-0.8125;-0.25201416015625;-0.18475341796875;0.0418701171875;-0.948974609375;-0.5160000324249268;0.22500000894069672;-0.19700001180171967;0.36400002241134644;0.013000000268220901;0.9100000262260437
709937.0;-0.1510000079870224;0.23800000548362732;0.7120000123977661;-5.0;-12.375;-47.5625;-5.0;-3775.0;1693.0;209.6875;21.8125;-0.8125;-0.25201416015625;-0.18475341796875;0.0418701171875;-0.948974609375;-0.5160000324249268;0.22500000894069672;-0.19700001180171967;0.36400002241134644;0.013000000268220901;0.9100000262260437
709947.0;-0.10200000554323196;0.23800000548362732;0.6350000500679016;-5.0;-12.375;-47.5625;-85.0;-3777.0;1819.0;208.625;24.0625;-0.3125;-0.24212646484375;-0.203125;0.049072265625;-0.947509765625;-0.503000020980835;0.2330000102519989;-0.2590000033378601;0.4000000059604645;0.005000000353902578;0.8950000405311584
709957.0;-0.0690000057220459;0.2110000103712082;0.6100000143051147;-5.0;-12.375;-47.5625;-219.0;-3758.0;1894.0;207.5;26.375;0.3125;-0.2318115234375;-0.2210693359375;0.0570068359375;-0.945556640625;-0.5049999952316284;0.2160000056028366;-0.2670000195503235;0.4350000321865082;-0.005000000353902578;0.878000020980835
709967.0;-0.049000002443790436;0.18000000715255737;0.5800000429153442;-5.0;-12.375;-47.5625;-341.0;-3762.0;1946.0;206.375;28.625;1.125;-0.2213134765625;-0.23876953125;0.0655517578125;-0.9432373046875;-0.5190000534057617;0.19700001180171967;-0.27900001406669617;0.4700000286102295;-0.017000000923871994;0.8600000143051147
709975.0;-0.03200000151991844;0.15300001204013824;0.5480000376701355;-13.5625;-10.875;-45.875;-422.0;-3758.0;2007.0;205.1875;30.875;2.125;-0.21051025390625;-0.25628662109375;0.0745849609375;-0.9404296875;-0.5350000262260437;0.1850000023841858;-0.29200002551078796;0.503000020980835;-0.03100000135600567;0.8400000333786011
709985.0;0.007000000216066837;0.10000000149011612;0.4820000231266022;-13.5625;-10.875;-45.875;-459.0;-3743.0;2079.0;204.0;33.0625;3.25;-0.19927978515625;-0.2734375;0.08380126953125;-0.937255859375;-0.5270000100135803;0.1469999998807907;-0.3370000123977661;0.5350000262260437;-0.04700000211596489;0.8200000524520874
709995.0;0.024000000208616257;0.08100000023841858;0.4360000193119049;-13.5625;-10.875;-45.875;-500.0;-3731.0;2178.0;202.6875;35.25;4.5625;-0.1875;-0.29034423828125;0.09332275390625;-0.9337158203125;-0.5410000085830688;0.14500001072883606;-0.36100003123283386;0.5660000443458557;-0.06400000303983688;0.7980000376701355
710005.0;0.07800000160932541;0.04800000041723251;0.42000001668930054;-13.5625;-10.875;-45.875;-563.0;-3717.0;2275.0;201.3125;37.3125;6.0625;-0.17529296875;-0.306884765625;0.103271484375;-0.92974853515625;-0.5160000324249268;0.13100001215934753;-0.3540000021457672;0.5950000286102295;-0.0820000022649765;0.7750000357627869
710015.0;0.10900000482797623;-0.010000000707805157;0.37700000405311584;-13.5625;-10.875;-45.875;-624.0;-3732.0;2351.0;199.9375;39.375;7.75;-0.16265869140625;-0.3232421875;0.113525390625;-0.92529296875;-0.5120000243186951;0.09200000762939453;-0.37300002574920654;0.6220000386238098;-0.10200000554323196;0.7500000596046448
710025.0;0.10900000482797623;-0.010000000707805157;0.37700000405311584;-24.25;-7.5625;-42.1875;-720.0;-3689.0;2410.0;198.4375;41.375;9.75;-0.14990234375;-0.339111328125;0.12432861328125;-0.92034912109375;-0.5370000004768372;0.06800000369548798;-0.3700000047683716;0.6480000019073486;-0.12400000542402267;0.7240000367164612
710031.0;0.11100000888109207;-0.0560000017285347;0.3530000150203705;-24.25;-7.5625;-42.1875;-838.0;-3676.0;2492.0;197.0;43.3125;12.0;-0.1368408203125;-0.3546142578125;0.1357421875;-0.9149169921875;-0.5700000524520874;0.04200000315904617;-0.3540000021457672;0.6720000505447388;-0.14800000190734863;0.6970000267028809
710041.0;0.10200000554323196;-0.10500000417232513;0.34300002455711365;-24.25;-7.5625;-42.1875;-991.0;-3681.0;2560.0;195.4375;45.125;14.5625;-0.1236572265625;-0.3697509765625;0.14794921875;-0.908935546875;-0.5680000185966492;0.03400000184774399;-0.3580000102519989;0.6940000057220459;-0.17400000989437103;0.6690000295639038
710051.0;0.12600000202655792;-0.13900001347064972;0.3100000023841858;-24.25;-7.5625;-42.1875;-1129.0;-3723.0;2579.0;193.9375;46.8125;17.4375;-0.11053466796875;-0.38470458984375;0.1607666015625;-0.90216064453125;-0.5720000267028809;-0.013000000268220901;-0.3960000276565552;0.7150000333786011;-0.20100000500679016;0.6390000581741333
710061.0;0.14300000667572021;-0.21400001645088196;0.242000013589859;-24.25;-7.5625;-42.1875;-1226.0;-3717.0;2551.0;192.4375;48.4375;20.5625;-0.09765625;-0.3994140625;0.17388916015625;-0.89483642578125;-0.562000036239624;-0.024000000208616257;-0.4480000138282776;0.734000027179718;-0.22800001502037048;0.6080000400543213
710071.0;0.1720000058412552;-0.25200000405311584;0.15900000929832458;-24.25;-7.5625;-42.1875;-1226.0;-3717.0;2551.0;192.4375;48.4375;20.5625;-0.08489990234375;-0.41363525390625;0.18701171875;-0.886962890625;-0.5460000038146973;-0.04100000113248825;-0.4870000183582306;0.7500000596046448;-0.25600001215934753;0.5760000348091125
710081.0;0.20400001108646393;-0.2980000078678131;0.08800000697374344;-32.875;-3.5625;-38.0625;-1252.0;-3667.0;2546.0;190.875;49.9375;23.9375;-0.07208251953125;-0.42724609375;0.19970703125;-0.87884521484375;-0.5010000467300415;-0.07300000637769699;-0.51500004529953;0.7640000581741333;-0.28300002217292786;0.5440000295639038
710084.0;0.20400001108646393;-0.2980000078678131;0.08800000697374344;-32.875;-3.5625;-38.0625;-1252.0;-3667.0;2546.0;190.875;49.9375;23.9375;-0.07208251953125;-0.42724609375;0.19970703125;-0.87884521484375;-0.5010000467300415;-0.07300000637769699;-0.51500004529953;0.7640000581741333;-0.28300002217292786;0.5440000295639038
710094.0;0.2630000114440918;-0.3570000231266022;0.02800000086426735;-32.875;-3.5625;-38.0625;-1114.0;-3458.0;2506.0;187.75;52.3125;31.1875;-0.059326171875;-0.4400634765625;0.2117919921875;-0.87060546875;-0.3750000298023224;-0.14600001275539398;-0.5570000410079956;0.7760000228881836;-0.3100000023841858;0.5120000243186951
710104.0;0.4000000059604645;-0.45600003004074097;-0.04400000348687172;-32.875;-3.5625;-38.0625;-1056.0;-3314.0;2396.0;186.1875;53.1875;34.8125;-0.0469970703125;-0.45220947265625;0.22320556640625;-0.86224365234375;-0.3360000252723694;-0.13300000131130219;-0.5170000195503235;0.7850000262260437;-0.33500000834465027;0.48100003600120544
710114.0;0.4480000138282776;-0.4690000116825104;-0.03500000014901161;-32.875;-3.5625;-38.0625;-1008.0;-3124.0;2234.0;184.75;53.875;38.4375;-0.03558349609375;-0.46343994140625;0.23382568359375;-0.85400390625;-0.3360000252723694;-0.0990000069141388;-0.47700002789497375;0.7920000553131104;-0.359000027179718;0.4520000219345093
710123.0;0.45600003004074097;-0.45900002121925354;-0.02500000037252903;-32.875;-3.5625;-38.0625;-1008.0;-3124.0;2234.0;184.75;53.875;38.4375;-0.03558349609375;-0.46343994140625;0.23382568359375;-0.85400390625;-0.367000013589859;-0.04700000211596489;-0.42500001192092896;0.7970000505447388;-0.38100001215934753;0.4230000078678131
710133.0;0.4300000071525574;-0.4280000329017639;-0.0010000000474974513;-39.5;3.875;-32.375;-946.0;-2943.0;2098.0;183.3125;54.4375;41.9375;-0.0247802734375;-0.47381591796875;0.2437744140625;-0.8458251953125;-0.367000013589859;-0.04700000211596489;-0.42500001192092896;0.8010000586509705;-0.4020000100135803;0.3960000276565552
710143.0;0.42000001668930054;-0.4270000159740448;-0.006000000052154064;-39.5;3.875;-32.375;-862.0;-2782.0;2011.0;180.5;55.0;48.625;-0.00408935546875;-0.49249267578125;0.26153564453125;-0.830078125;-0.3920000195503235;-0.005000000353902578;-0.36100003123283386;0.8030000329017639;-0.42100003361701965;0.3700000047683716
710153.0;0.41100001335144043;-0.4270000159740448;0.009000000543892384;-39.5;3.875;-32.375;-766.0;-2665.0;1965.0;179.125;55.125;51.875;0.00616455078125;-0.50115966796875;0.26947021484375;-0.82232666015625;-0.4140000343322754;0.012000000104308128;-0.33100003004074097;0.8040000200271606;-0.4400000274181366;0.3450000286102295
710163.0;0.39000001549720764;-0.4280000329017639;0.014000000432133675;-39.5;3.875;-32.375;-675.0;-2595.0;1922.0;177.6875;55.125;55.0;0.016357421875;-0.50946044921875;0.2769775390625;-0.81451416015625;-0.4230000078678131;0.006000000052154064;-0.30900001525878906;0.8050000667572021;-0.4580000340938568;0.32100000977516174
710173.0;0.38100001215934753;-0.4520000219345093;0.01100000087171793;-39.5;3.875;-32.375;-603.0;-2553.0;1881.0;177.6875;55.125;55.0;0.016357421875;-0.50946044921875;0.2769775390625;-0.81451416015625;-0.4230000078678131;0.006000000052154064;-0.30900001525878906;0.8050000667572021;-0.4580000340938568;0.32100000977516174
710176.0;0.38100001215934753;-0.4520000219345093;0.01100000087171793;-39.5;3.875;-32.375;-603.0;-2553.0;1881.0;177.6875;55.125;55.0;0.016357421875;-0.50946044921875;0.2769775390625;-0.81451416015625;-0.4230000078678131;0.006000000052154064;-0.30900001525878906;0.8050000667572021;-0.4580000340938568;0.32100000977516174
710186.0;0.3630000054836273;-0.4480000138282776;0.04100000113248825;-42.875;11.0;-24.5;-594.0;-2537.0;1908.0;176.1875;55.0;58.125;0.0267333984375;-0.517578125;0.28436279296875;-0.8065185546875;-0.4400000274181366;0.02800000086426735;-0.2540000081062317;0.8030000329017639;-0.47600001096725464;0.29600000381469727
710196.0;0.3270000219345093;-0.41600000858306885;0.06300000101327896;-42.875;11.0;-24.5;-687.0;-2543.0;2010.0;174.625;54.75;61.25;0.04766845703125;-0.5328369140625;0.301513671875;-0.78924560546875;-0.550000011920929;0.10500000417232513;-0.16900001466274261;0.796000063419342;-0.5160000324249268;0.24500000476837158
710206.0;0.2460000067949295;-0.4100000262260437;0.07600000500679016;-42.875;11.0;-24.5;-881.0;-2513.0;2141.0;173.0625;54.3125;64.5625;0.0584716796875;-0.5396728515625;0.31243896484375;-0.779541015625;-0.5170000195503235;0.08900000154972076;-0.12600000202655792;0.7890000343322754;-0.5390000343322754;0.21700000762939453
710214.0;0.2710000276565552;-0.45000001788139343;0.09100000560283661;-42.875;11.0;-24.5;-1170.0;-2528.0;2413.0;171.375;53.5625;68.0;0.0687255859375;-0.54644775390625;0.3245849609375;-0.76898193359375;-0.5270000100135803;0.06000000238418579;-0.13700000941753387;0.7800000309944153;-0.5630000233650208;0.18800000846385956
710224.0;0.25200000405311584;-0.5020000338554382;0.05100000277161598;-42.875;11.0;-24.5;-1441.0;-2554.0;2471.0;169.75;52.6875;71.5;0.0687255859375;-0.54644775390625;0.3245849609375;-0.76898193359375;-0.5270000100135803;0.06000000238418579;-0.13700000941753387;0.7800000309944153;-0.5630000233650208;0.18800000846385956
710234.0;0.2510000169277191;-0.5520000457763672;-0.00800000037997961;-44.5625;15.0;-19.5625;-1521.0;-2613.0;2373.0;168.125;51.8125;74.875;0.07843017578125;-0.553466796875;0.33660888671875;-0.7578125;-0.5190000534057617;0.03200000151991844;-0.16600000858306885;0.7700000405311584;-0.5850000381469727;0.15700000524520874
710244.0;0.26900002360343933;-0.6080000400543213;-0.055000003427267075;-44.5625;15.0;-19.5625;-1489.0;-2673.0;2381.0;166.4375;50.75;78.1875;0.08831787109375;-0.5604248046875;0.34832763671875;-0.7462158203125;-0.42600002884864807;-0.05100000277161598;-0.27900001406669617;0.7470000386238098;-0.6270000338554382;0.09600000083446503
710254.0;0.32100000977516174;-0.6790000200271606;-0.18200001120567322;-44.5625;15.0;-19.5625;-1313.0;-2759.0;2369.0;164.625;49.625;81.25;0.09881591796875;-0.56744384765625;0.359130859375;-0.734375;-0.3530000150203705;-0.08700000494718552;-0.27800002694129944;0.734000027179718;-0.6460000276565552;0.06700000166893005
710264.0;0.3800000250339508;-0.734000027179718;-0.2110000103712082;-44.5625;15.0;-19.5625;-1059.0;-2788.0;2328.0;162.6875;48.4375;84.0;0.1099853515625;-0.57427978515625;0.36871337890625;-0.72265625;-0.320000022649765;-0.09000000357627869;-0.24000000953674316;0.7200000286102295;-0.6640000343322754;0.039000000804662704
710266.0;0.3800000250339508;-0.734000027179718;-0.2110000103712082;-44.5625;15.0;-19.5625;-1059.0;-2788.0;2328.0;162.6875;48.4375;84.0;0.1099853515625;-0.57427978515625;0.36871337890625;-0.72265625;-0.320000022649765;-0.09000000357627869;-0.24000000953674316;0.7200000286102295;-0.6640000343322754;0.039000000804662704
710276.0;0.4000000059604645;-0.7540000081062317;-0.20000000298023224;-44.5625;15.0;-19.5625;-857.0;-2795.0;2273.0;160.5625;47.25;86.5625;0.1214599609375;-0.58087158203125;0.37713623046875;-0.7110595703125;-0.320000022649765;-0.09000000357627869;-0.24000000953674316;0.7200000286102295;-0.6640000343322754;0.039000000804662704
710286.0;0.320000022649765;-0.7280000448226929;-0.22300000488758087;-43.5;21.6875;-11.6875;-762.0;-2724.0;2215.0;158.4375;45.9375;88.8125;0.1328125;-0.58709716796875;0.385009765625;-0.69964599609375;-0.3840000033378601;-0.04700000211596489;-0.2370000183582306;0.7050000429153442;-0.6810000538825989;0.013000000268220901
710296.0;0.3060000240802765;-0.7470000386238098;-0.2900000214576721;-43.5;21.6875;-11.6875;-693.0;-2630.0;2162.0;156.3125;44.625;90.8125;0.14398193359375;-0.5927734375;0.392333984375;-0.68841552734375;-0.38200002908706665;-0.049000002443790436;-0.27900001406669617;0.6890000104904175;-0.6970000267028809;-0.010000000707805157
710306.0;0.3100000023841858;-0.7830000519752502;-0.3370000123977661;-43.5;21.6875;-11.6875;-617.0;-2554.0;2087.0;154.1875;43.3125;92.6875;0.1549072265625;-0.59814453125;0.39910888671875;-0.67742919921875;-0.3620000183582306;-0.07100000232458115;-0.30400002002716064;0.6730000376701355;-0.7120000123977661;-0.032999999821186066
710314.0;0.2990000247955322;-0.7850000262260437;-0.3450000286102295;-43.5;21.6875;-11.6875;-546.0;-2495.0;2019.0;152.0625;42.0;94.3125;0.1656494140625;-0.6031494140625;0.40533447265625;-0.66668701171875;-0.3570000231266022;-0.05900000408291817;-0.2900000214576721;0.656000018119812;-0.7250000238418579;-0.055000003427267075
710324.0;0.2880000174045563;-0.784000039100647;-0.41600000858306885;-43.5;21.6875;-11.6875;-466.0;-2445.0;1998.0;149.875;40.6875;95.8125;0.1763916015625;-0.6077880859375;0.41119384765625;-0.65606689453125;-0.35100001096725464;-0.04500000178813934;-0.3400000035762787;0.6390000581741333;-0.7390000224113464;-0.07500000298023224
710334.0;0.2939999997615814;-0.8240000605583191;-0.44300001859664917;-42.0;27.5625;-5.0625;-409.0;-2378.0;1944.0;147.6875;39.375;97.125;0.18695068359375;-0.61212158203125;0.41656494140625;-0.6456298828125;-0.3270000219345093;-0.07200000435113907;-0.3490000069141388;0.6220000386238098;-0.7510000467300415;-0.09400000423192978
710344.0;0.28200000524520874;-0.8370000123977661;-0.45900002121925354;-42.0;27.5625;-5.0625;-456.0;-2274.0;1834.0;145.5625;38.0625;98.375;0.1966552734375;-0.6162109375;0.4217529296875;-0.6353759765625;-0.32200002670288086;-0.07400000095367432;-0.3460000157356262;0.6050000190734863;-0.7630000114440918;-0.1120000034570694
710354.0;0.26600000262260437;-0.8330000638961792;-0.5020000338554382;-42.0;27.5625;-5.0625;-538.0;-2161.0;1764.0;143.5625;36.8125;99.5625;0.20562744140625;-0.6199951171875;0.427001953125;-0.625244140625;-0.32100000977516174;-0.05900000408291817;-0.3710000216960907;0.5879999995231628;-0.7730000615119934;-0.1300000101327896
710355.0;0.26600000262260437;-0.8330000638961792;-0.5020000338554382;-42.0;27.5625;-5.0625;-538.0;-2161.0;1764.0;143.5625;36.8125;99.5625;0.20562744140625;-0.6199951171875;0.427001953125;-0.625244140625;-0.32100000977516174;-0.05900000408291817;-0.3710000216960907;0.5879999995231628;-0.7730000615119934;-0.1300000101327896
710365.0;0.25699999928474426;-0.8960000276565552;-0.5610000491142273;-42.0;27.5625;-5.0625;-583.0;-2040.0;1718.0;141.625;35.5625;100.6875;0.2139892578125;-0.6234130859375;0.43231201171875;-0.6153564453125;-0.31300002336502075;-0.11300000548362732;-0.41200003027915955;0.5700000524520874;-0.7830000519752502;-0.14800000190734863
710375.0;0.23000000417232513;-0.9010000228881836;-0.531000018119812;-42.0;27.5625;-5.0625;-654.0;-1923.0;1644.0;139.8125;34.375;101.75;0.2215576171875;-0.6265869140625;0.4376220703125;-0.6055908203125;-0.3230000138282776;-0.10900000482797623;-0.3660000264644623;0.5540000200271606;-0.7920000553131104;-0.16500000655651093
710385.0;0.18900001049041748;-0.8730000257492065;-0.5430000424385071;-39.375;31.75;-0.5625;-772.0;-1808.0;1588.0;138.0625;33.1875;102.8125;0.22821044921875;-0.62957763671875;0.4432373046875;-0.595947265625;-0.34700000286102295;-0.07400000095367432;-0.36100003123283386;0.5370000004768372;-0.7990000247955322;-0.1810000091791153
710395.0;0.1380000114440918;-0.8440000414848328;-0.5460000038146973;-39.375;31.75;-0.5625;-866.0;-1691.0;1577.0;136.4375;32.0625;103.8125;0.2342529296875;-0.6322021484375;0.4490966796875;-0.58636474609375;-0.38200002908706665;-0.03700000047683716;-0.34700000286102295;0.5200000405311584;-0.8060000538825989;-0.1980000138282776
710405.0;0.09100000560283661;-0.8330000638961792;-0.5400000214576721;-39.375;31.75;-0.5625;-921.0;-1601.0;1465.0;134.875;30.9375;104.8125;0.23944091796875;-0.634765625;0.454833984375;-0.57696533203125;-0.4130000174045563;-0.020000001415610313;-0.3240000009536743;0.5040000081062317;-0.812000036239624;-0.2150000035762787
710411.0;0.02800000086426735;-0.8110000491142273;-0.5380000472068787;-39.375;31.75;-0.5625;-938.0;-1517.0;1401.0;133.4375;29.875;105.75;0.24420166015625;-0.63714599609375;0.46044921875;-0.56781005859375;-0.46000000834465027;0.006000000052154064;-0.3060000240802765;0.48900002241134644;-0.8170000314712524;-0.23100000619888306
710421.0;-0.03200000151991844;-0.8050000667572021;-0.550000011920929;-39.375;31.75;-0.5625;-969.0;-1480.0;1428.0;131.9375;28.8125;106.6875;0.24884033203125;-0.63934326171875;0.4661865234375;-0.55859375;-0.5049999952316284;0.017000000923871994;-0.30300000309944153;0.47200003266334534;-0.8220000267028809;-0.24700000882148743
710431.0;-0.03200000151991844;-0.8050000667572021;-0.550000011920929;-35.1875;34.375;4.375;-972.0;-1468.0;1351.0;130.5;27.75;107.625;0.25311279296875;-0.64154052734375;0.4716796875;-0.5494384765625;-0.5850000381469727;-0.026000000536441803;-0.29200002551078796;0.4570000171661377;-0.8260000348091125;-0.26200002431869507
710441.0;-0.12800000607967377;-0.8520000576972961;-0.5550000071525574;-35.1875;34.375;4.375;-918.0;-1469.0;1200.0;129.0625;26.8125;108.5;0.25714111328125;-0.64404296875;0.47637939453125;-0.54052734375;-0.6110000014305115;-0.0560000017285347;-0.3700000047683716;0.44200003147125244;-0.8290000557899475;-0.2770000100135803
710451.0;-0.16900001466274261;-0.8860000371932983;-0.6480000019073486;-35.1875;34.375;4.375;-756.0;-1437.0;1112.0;127.6875;25.875;109.25;0.2613525390625;-0.64630126953125;0.4803466796875;-0.53216552734375;-0.6060000061988831;-0.1210000067949295;-0.4230000078678131;0.4280000329017639;-0.8320000171661377;-0.29100000858306885
710455.0;-0.16900001466274261;-0.8860000371932983;-0.6480000019073486;-35.1875;34.375;4.375;-756.0;-1437.0;1112.0;127.6875;25.875;109.25;0.2613525390625;-0.64630126953125;0.4803466796875;-0.53216552734375;-0.6060000061988831;-0.1210000067949295;-0.4230000078678131;0.4280000329017639;-0.8320000171661377;-0.29100000858306885
710465.0;-0.17800000309944153;-0.9530000686645508;-0.7140000462532043;-35.1875;34.375;4.375;-562.0;-1426.0;1076.0;126.1875;25.0;109.875;0.26605224609375;-0.6483154296875;0.483642578125;-0.5244140625;-0.5770000219345093;-0.17100000381469727;-0.45100003480911255;0.4140000343322754;-0.8350000381469727;-0.3020000159740448
710475.0;-0.16300000250339508;-1.0070000886917114;-0.7540000081062317;-35.1875;34.375;4.375;-341.0;-1414.0;1064.0;124.5625;24.0625;110.3125;0.27142333984375;-0.64996337890625;0.4862060546875;-0.51715087890625;-0.43800002336502075;-0.20900000631809235;-0.47200003266334534;0.4000000059604645;-0.8390000462532043;-0.3110000193119049
710485.0;-0.03800000250339508;-1.0490000247955322;-0.7830000519752502;-35.1875;34.375;4.375;-341.0;-1414.0;1064.0;124.5625;24.0625;110.3125;0.27752685546875;-0.6512451171875;0.4881591796875;-0.51043701171875;-0.31800001859664917;-0.27000001072883606;-0.39900001883506775;0.38600000739097595;-0.843000054359436;-0.31800001859664917
710495.0;0.06800000369548798;-1.1130000352859497;-0.718000054359436;-32.25;36.5625;9.375;-126.0;-1409.0;1064.0;122.9375;23.1875;110.6875;0.28338623046875;-0.65264892578125;0.48870849609375;-0.5048828125;-0.2760000228881836;-0.26500001549720764;-0.45500001311302185;0.37400001287460327;-0.8460000157356262;-0.3230000138282776
710505.0;0.09700000286102295;-1.1120001077651978;-0.7790000438690186;-32.25;36.5625;9.375;189.0;-1145.0;591.0;120.0625;21.875;110.9375;0.28857421875;-0.65386962890625;0.488525390625;-0.50048828125;-0.25200000405311584;-0.3320000171661377;-0.484000027179718;0.36500000953674316;-0.8490000367164612;-0.32500001788139343
710509.0;0.09700000286102295;-1.1120001077651978;-0.7790000438690186;-32.25;36.5625;9.375;189.0;-1145.0;591.0;120.0625;21.875;110.9375;0.28857421875;-0.65386962890625;0.488525390625;-0.50048828125;-0.25200000405311584;-0.3320000171661377;-0.484000027179718;0.36500000953674316;-0.8490000367164612;-0.32500001788139343
710519.0;0.1120000034570694;-1.1810001134872437;-0.8100000619888306;-32.25;36.5625;9.375;165.0;-906.0;456.0;119.0;21.375;111.0;0.29266357421875;-0.65484619140625;0.48828125;-0.49713134765625;-0.3400000035762787;-0.07300000637769699;-0.6600000262260437;0.3580000102519989;-0.8510000109672546;-0.3270000219345093
710529.0;0.017000000923871994;-0.9250000715255737;-0.9880000352859497;-32.25;36.5625;9.375;-140.0;-878.0;504.0;118.0625;20.9375;111.25;0.2957763671875;-0.65606689453125;0.489013671875;-0.492919921875;-0.22200001776218414;-0.19600000977516174;-0.6190000176429749;0.3500000238418579;-0.8530000448226929;-0.3320000171661377
710539.0;0.12700000405311584;-1.0490000247955322;-0.9510000348091125;-32.25;36.5625;9.375;-140.0;-878.0;504.0;118.0625;20.9375;111.25;0.2957763671875;-0.65606689453125;0.489013671875;-0.492919921875;-0.22200001776218414;-0.19600000977516174;-0.6190000176429749;0.3500000238418579;-0.8510000109672546;-0.33800002932548523
710549.0;0.242000013589859;-1.2390000820159912;-0.9240000247955322;-29.1875;38.0625;11.75;-509.0;-382.0;-91.0;117.9375;20.875;111.625;0.29473876953125;-0.6580810546875;0.48944091796875;-0.49041748046875;-0.10700000822544098;-0.3880000114440918;-0.5860000252723694;0.3490000069141388;-0.8490000367164612;-0.3440000116825104
710559.0;0.20600001513957977;-1.3280000686645508;-0.9120000600814819;-29.1875;38.0625;11.75;-509.0;-382.0;-91.0;117.875;20.875;112.1875;0.29339599609375;-0.6607666015625;0.48968505859375;-0.4873046875;-0.23500001430511475;-0.46800002455711365;-0.5740000009536743;0.3490000069141388;-0.8480000495910645;-0.3460000157356262
710563.0;0.11400000751018524;-1.3160001039505005;-0.9200000166893005;-29.1875;38.0625;11.75;-127.0;-114.0;-83.0;117.625;20.875;111.9375;0.29510498046875;-0.66033935546875;0.4884033203125;-0.4881591796875;-0.19600000977516174;-0.29600000381469727;-0.5700000524520874;0.3490000069141388;-0.8490000367164612;-0.34200000762939453
710573.0;0.15200001001358032;-1.1460000276565552;-0.9130000472068787;-29.1875;38.0625;11.75;435.0;-89.0;-5.0;118.1875;21.25;111.8125;0.2933349609375;-0.6612548828125;0.48602294921875;-0.49041748046875;-0.14400000870227814;-0.27400001883506775;-0.49000000953674316;0.35600000619888306;-0.8470000624656677;-0.3400000035762787
710583.0;0.2110000103712082;-1.121000051498413;-0.831000030040741;-29.1875;38.0625;11.75;155.0;232.0;-673.0;118.1875;21.25;111.8125;0.2933349609375;-0.6612548828125;0.48602294921875;-0.49041748046875;-0.14400000870227814;-0.27400001883506775;-0.49000000953674316;0.35600000619888306;-0.8470000624656677;-0.3400000035762787
710593.0;0.18300001323223114;-1.227000117301941;-0.781000018119812;-27.75;38.0625;12.6875;-29.0;609.0;-436.0;118.9375;21.6875;111.75;0.29052734375;-0.66082763671875;0.48553466796875;-0.49310302734375;-0.17900000512599945;-0.38100001215934753;-0.44300001859664917;0.3620000183582306;-0.8460000157356262;-0.33800002932548523
710603.0;0.09800000488758087;-1.2070000171661377;-0.734000027179718;-27.75;38.0625;12.6875;142.0;784.0;-259.0;119.6875;22.0;111.5;0.28729248046875;-0.65679931640625;0.48443603515625;-0.50140380859375;-0.3190000057220459;-0.2990000247955322;-0.41100001335144043;0.3720000088214874;-0.8460000157356262;-0.32500001788139343
710613.0;0.05300000309944153;-1.1460000276565552;-0.737000048160553;-27.75;38.0625;12.6875;527.0;867.0;-265.0;120.375;22.3125;111.0;0.286376953125;-0.6544189453125;0.482177734375;-0.50714111328125;-0.27900001406669617;-0.2710000276565552;-0.4130000174045563;0.3800000250339508;-0.8470000624656677;-0.3150000274181366
710615.0;0.05300000309944153;-1.1460000276565552;-0.737000048160553;-27.75;38.0625;12.6875;527.0;867.0;-265.0;120.375;22.3125;111.0;0.286376953125;-0.6544189453125;0.482177734375;-0.50714111328125;-0.27900001406669617;-0.2710000276565552;-0.4130000174045563;0.3800000250339508;-0.8470000624656677;-0.3150000274181366
710625.0;0.10000000149011612;-1.1180000305175781;-0.7290000319480896;-27.75;38.0625;12.6875;770.0;900.0;-467.0;121.0625;22.75;110.375;0.28375244140625;-0.653076171875;0.47802734375;-0.5142822265625;-0.164000004529953;-0.15900000929832458;-0.3490000069141388;0.3920000195503235;-0.8450000286102295;-0.30300000309944153
710635.0;0.22800001502037048;-1.0049999952316284;-0.6530000567436218;-27.75;38.0625;12.6875;797.0;1032.0;-1029.0;122.1875;23.5625;109.75;0.28375244140625;-0.653076171875;0.47802734375;-0.5142822265625;-0.164000004529953;-0.15900000929832458;-0.3490000069141388;0.3920000195503235;-0.8450000286102295;-0.30300000309944153
710645.0;0.1600000113248825;-0.9530000686645508;-0.6370000243186951;-29.1875;38.75;11.5;746.0;1282.0;-1506.0;123.8125;24.6875;109.125;0.27899169921875;-0.6522216796875;0.47265625;-0.5228271484375;-0.24900001287460327;-0.1120000034570694;-0.3450000286102295;0.4100000262260437;-0.8410000205039978;-0.29100000858306885
710655.0;0.046000003814697266;-0.9040000438690186;-0.6810000538825989;-29.1875;38.75;11.5;565.0;1451.0;-1625.0;125.625;25.9375;108.5;0.2728271484375;-0.6513671875;0.4676513671875;-0.5316162109375;-0.5049999952316284;-0.027000000700354576;-0.44300001859664917;0.445000022649765;-0.8300000429153442;-0.2710000276565552
710661.0;-0.06000000238418579;-0.8580000400543213;-0.7150000333786011;-29.1875;38.75;11.5;208.0;1479.0;-1347.0;127.4375;26.9375;108.0625;0.26605224609375;-0.65020751953125;0.46453857421875;-0.53912353515625;-0.46700000762939453;-0.04400000348687172;-0.4130000174045563;0.45600003004074097;-0.8250000476837158;-0.2670000195503235
710671.0;-0.010000000707805157;-0.8700000643730164;-0.6800000071525574;-29.1875;38.75;11.5;-240.0;1418.0;-855.0;129.0625;27.75;107.875;0.25933837890625;-0.64862060546875;0.4642333984375;-0.5445556640625;-0.46700000762939453;-0.04400000348687172;-0.4130000174045563;0.4650000333786011;-0.8210000395774841;-0.2639999985694885
710681.0;0.07600000500679016;-0.7740000486373901;-0.5770000219345093;-29.1875;38.75;11.5;-564.0;1447.0;-519.0;130.5625;28.3125;107.875;0.2523193359375;-0.646484375;0.466064453125;-0.548828125;-0.3880000114440918;0.04700000211596489;-0.31200000643730164;0.4650000333786011;-0.8210000395774841;-0.2639999985694885
710691.0;0.17900000512599945;-0.921000063419342;-0.5080000162124634;-32.1875;38.375;8.1875;-206.0;1610.0;-680.0;132.1875;29.0;107.5;0.24566650390625;-0.64373779296875;0.4664306640625;-0.5546875;-0.29600000381469727;-0.10400000214576721;-0.24900001287460327;0.4750000238418579;-0.8170000314712524;-0.2580000162124634
710695.0;0.17900000512599945;-0.921000063419342;-0.5080000162124634;-32.1875;38.375;8.1875;-206.0;1610.0;-680.0;132.1875;29.0;107.5;0.24566650390625;-0.64373779296875;0.4664306640625;-0.5546875;-0.29600000381469727;-0.10400000214576721;-0.24900001287460327;0.4750000238418579;-0.8170000314712524;-0.2580000162124634
710705.0;0.3270000219345093;-0.8820000290870667;-0.5630000233650208;-32.1875;38.375;8.1875;-136.0;1804.0;-969.0;134.0625;29.875;107.125;0.2379150390625;-0.6409912109375;0.46588134765625;-0.56170654296875;-0.1600000113248825;-0.07000000029802322;-0.31200000643730164;0.4880000352859497;-0.812000036239624;-0.25
710715.0;0.24700000882148743;-0.8600000143051147;-0.5560000538825989;-32.1875;38.375;8.1875;286.0;1971.0;-1235.0;136.0;30.9375;106.4375;0.2303466796875;-0.63775634765625;0.4632568359375;-0.57061767578125;-0.25699999928474426;-0.05300000309944153;-0.31800001859664917;0.5040000081062317;-0.8060000538825989;-0.2370000183582306
710725.0;0.18300001323223114;-0.9440000653266907;-0.6110000014305115;-32.1875;38.375;8.1875;736.0;2067.0;-1182.0;137.75;31.9375;105.375;0.2242431640625;-0.63348388671875;0.45953369140625;-0.58074951171875;-0.3360000252723694;-0.1420000046491623;-0.39000001549720764;0.5190000534057617;-0.8020000457763672;-0.2200000137090683
710731.0;0.16300000250339508;-0.8800000548362732;-0.6310000419616699;-32.1875;38.375;8.1875;826.0;2063.0;-952.0;139.25;32.8125;104.1875;0.21905517578125;-0.62841796875;0.45623779296875;-0.59075927734375;-0.3680000305175781;-0.08100000023841858;-0.42900002002716064;0.5320000052452087;-0.7980000376701355;-0.20200000703334808
710741.0;0.19500000774860382;-0.6600000262260437;-0.5690000057220459;-34.75;35.875;6.5625;828.0;2035.0;-899.0;140.75;33.625;103.0;0.21405029296875;-0.62322998046875;0.4530029296875;-0.6004638671875;-0.34800001978874207;0.1340000033378601;-0.3850000202655792;0.5430000424385071;-0.7950000166893005;-0.18300001323223114
710751.0;0.203000009059906;-0.6660000085830688;-0.5570000410079956;-34.75;35.875;6.5625;750.0;2111.0;-970.0;142.25;34.5;101.75;0.2083740234375;-0.61798095703125;0.44976806640625;-0.61029052734375;-0.35200002789497375;0.12400000542402267;-0.3920000195503235;0.5550000071525574;-0.7900000214576721;-0.16500000655651093
710761.0;0.21000000834465027;-0.7590000629425049;-0.5590000152587891;-34.75;35.875;6.5625;569.0;2268.0;-1018.0;143.9375;35.375;100.5625;0.2015380859375;-0.61236572265625;0.44708251953125;-0.62005615234375;-0.3570000231266022;0.02500000037252903;-0.41200003027915955;0.5680000185966492;-0.7850000262260437;-0.14600001275539398
710763.0;0.21000000834465027;-0.7590000629425049;-0.5590000152587891;-34.75;35.875;6.5625;569.0;2268.0;-1018.0;143.9375;35.375;100.5625;0.2015380859375;-0.61236572265625;0.44708251953125;-0.62005615234375;-0.3570000231266022;0.02500000037252903;-0.41200003027915955;0.5680000185966492;-0.7850000262260437;-0.14600001275539398
710773.0;0.19100001454353333;-0.8080000281333923;-0.4830000102519989;-34.75;35.875;6.5625;375.0;2402.0;-1025.0;145.75;36.25;99.375;0.1937255859375;-0.60650634765625;0.44500732421875;-0.6297607421875;-0.3880000114440918;-0.02800000086426735;-0.3540000021457672;0.5800000429153442;-0.7800000309944153;-0.1290000081062317
710783.0;0.1990000158548355;-0.8050000667572021;-0.48500001430511475;-34.75;35.875;6.5625;367.0;2487.0;-1143.0;147.6875;37.125;98.125;0.18524169921875;-0.6004638671875;0.442626953125;-0.63970947265625;-0.3930000066757202;-0.03100000135600567;-0.37400001287460327;0.5920000076293945;-0.7730000615119934;-0.11000000685453415
710793.0;0.22500000894069672;-0.8010000586509705;-0.45100003480911255;-37.0;34.0;0.75;376.0;2552.0;-1432.0;149.75;38.1875;96.8125;0.17559814453125;-0.5947265625;0.43927001953125;-0.64996337890625;-0.38100001215934753;-0.036000002175569534;-0.36000001430511475;0.6060000061988831;-0.7640000581741333;-0.09100000560283661
710795.0;0.22500000894069672;-0.8010000586509705;-0.45100003480911255;-37.0;34.0;0.75;376.0;2552.0;-1432.0;149.75;38.1875;96.8125;0.17559814453125;-0.5947265625;0.43927001953125;-0.64996337890625;-0.38100001215934753;-0.036000002175569534;-0.36000001430511475;0.6060000061988831;-0.7640000581741333;-0.09100000560283661
710805.0;0.24700000882148743;-0.7970000505447388;-0.4130000174045563;-37.0;34.0;0.75;321.0;2703.0;-1677.0;152.0;39.375;95.375;0.16455078125;-0.5889892578125;0.43536376953125;-0.66064453125;-0.3750000298023224;-0.0430000014603138;-0.3410000205039978;0.6220000386238098;-0.7540000081062317;-0.07100000232458115
710815.0;0.20900000631809235;-0.8170000314712524;-0.4010000228881836;-37.0;34.0;0.75;272.0;2881.0;-1811.0;154.375;40.625;93.8125;0.1524658203125;-0.582763671875;0.43121337890625;-0.6717529296875;-0.42900002002716064;-0.07500000298023224;-0.35100001096725464;0.6380000114440918;-0.7420000433921814;-0.05000000074505806
710825.0;0.1900000125169754;-0.812000036239624;-0.3710000216960907;-37.0;34.0;0.75;268.0;2962.0;-1829.0;156.8125;41.8125;92.125;0.1400146484375;-0.57611083984375;0.42694091796875;-0.68280029296875;-0.46300002932548523;-0.0820000022649765;-0.34300002455711365;0.6540000438690186;-0.7290000319480896;-0.027000000700354576
710827.0;0.1900000125169754;-0.812000036239624;-0.3710000216960907;-37.0;34.0;0.75;268.0;2962.0;-1829.0;156.8125;41.8125;92.125;0.1400146484375;-0.57611083984375;0.42694091796875;-0.68280029296875;-0.46300002932548523;-0.0820000022649765;-0.34300002455711365;0.6540000438690186;-0.7290000319480896;-0.027000000700354576
710837.0;0.19200000166893005;-0.8060000538825989;-0.3460000157356262;-37.0;34.0;0.75;327.0;2988.0;-1777.0;159.0625;42.9375;90.3125;0.12786865234375;-0.5689697265625;0.4224853515625;-0.69384765625;-0.4750000238418579;-0.08900000154972076;-0.34200000762939453;0.6680000424385071;-0.7170000076293945;-0.004000000189989805
710847.0;0.19200000166893005;-0.8060000538825989;-0.3460000157356262;-38.75;32.5625;-4.5625;397.0;2985.0;-1709.0;161.25;43.9375;88.375;0.1160888671875;-0.5615234375;0.4178466796875;-0.7047119140625;-0.48500001430511475;-0.09300000220537186;-0.33400002121925354;0.6800000071525574;-0.7050000429153442;0.01900000125169754
710857.0;0.19500000774860382;-0.7990000247955322;-0.3150000274181366;-38.75;32.5625;-4.5625;448.0;3010.0;-1658.0;163.3125;44.875;86.25;0.1046142578125;-0.5535888671875;0.41302490234375;-0.71551513671875;-0.5100000500679016;-0.08900000154972076;-0.32500001788139343;0.6920000314712524;-0.6930000185966492;0.04400000348687172
710862.0;0.1810000091791153;-0.7820000648498535;-0.2800000011920929;-38.75;32.5625;-4.5625;476.0;3024.0;-1628.0;165.3125;45.6875;84.0625;0.09326171875;-0.54534912109375;0.4080810546875;-0.7261962890625;-0.5320000052452087;-0.10900000482797623;-0.3270000219345093;0.7020000219345093;-0.6800000071525574;0.07000000029802322
710872.0;0.16900001466274261;-0.7900000214576721;-0.25600001215934753;-38.75;32.5625;-4.5625;490.0;3016.0;-1620.0;167.25;46.4375;81.75;0.0819091796875;-0.5369873046875;0.4029541015625;-0.736572265625;-0.5509999990463257;-0.11800000816583633;-0.32600000500679016;0.7110000252723694;-0.6680000424385071;0.09600000083446503
710882.0;0.15900000929832458;-0.7860000133514404;-0.23000000417232513;-38.75;32.5625;-4.5625;519.0;2992.0;-1616.0;169.125;47.125;79.375;0.07073974609375;-0.5284423828125;0.3975830078125;-0.74676513671875;-0.5550000071525574;-0.12400000542402267;-0.33400002121925354;0.718000054359436;-0.6550000309944153;0.12200000882148743
710892.0;0.16300000250339508;-0.7800000309944153;-0.2110000103712082;-38.75;32.5625;-4.5625;519.0;2992.0;-1616.0;170.9375;47.6875;76.875;0.059814453125;-0.51983642578125;0.3919677734375;-0.7567138671875;-0.5660000443458557;-0.10600000619888306;-0.3140000104904175;0.7250000238418579;-0.6420000195503235;0.14900000393390656
710894.0;0.16300000250339508;-0.7800000309944153;-0.2110000103712082;-38.75;32.5625;-4.5625;519.0;2992.0;-1616.0;170.9375;47.6875;76.875;0.059814453125;-0.51983642578125;0.3919677734375;-0.7567138671875;-0.5660000443458557;-0.10600000619888306;-0.3140000104904175;0.7250000238418579;-0.6420000195503235;0.14900000393390656
710904.0;0.15900000929832458;-0.7480000257492065;-0.16500000655651093;-41.375;27.6875;-11.5625;563.0;2962.0;-1594.0;170.9375;47.6875;76.875;0.0491943359375;-0.51104736328125;0.38616943359375;-0.766357421875;-0.5680000185966492;-0.1120000034570694;-0.3320000171661377;0.7300000190734863;-0.6290000081062317;0.17500001192092896
710914.0;0.16200000047683716;-0.7420000433921814;-0.15600000321865082;-41.375;27.6875;-11.5625;632.0;2881.0;-1489.0;174.1875;48.5;71.8125;0.03900146484375;-0.502197265625;0.3802490234375;-0.77569580078125;-0.5570000410079956;-0.11500000208616257;-0.3530000150203705;0.734000027179718;-0.6160000562667847;0.20200000703334808
710924.0;0.1770000010728836;-0.7320000529289246;-0.15000000596046448;-41.375;27.6875;-11.5625;680.0;2832.0;-1425.0;175.6875;48.75;69.25;0.029296875;-0.49322509765625;0.374267578125;-0.78472900390625;-0.5370000004768372;-0.08900000154972076;-0.34200000762939453;0.737000048160553;-0.6040000319480896;0.22800001502037048
710927.0;0.1770000010728836;-0.7320000529289246;-0.15000000596046448;-41.375;27.6875;-11.5625;680.0;2832.0;-1425.0;175.6875;48.75;69.25;0.029296875;-0.49322509765625;0.374267578125;-0.78472900390625;-0.5370000004768372;-0.08900000154972076;-0.34200000762939453;0.737000048160553;-0.6040000319480896;0.22800001502037048
710937.0;0.20000000298023224;-0.6930000185966492;-0.11300000548362732;-41.375;27.6875;-11.5625;761.0;2788.0;-1391.0;177.0625;48.875;66.625;0.01995849609375;-0.4842529296875;0.36785888671875;-0.7935791015625;-0.5370000004768372;-0.07200000435113907;-0.3330000042915344;0.7390000224113464;-0.5910000205039978;0.2550000250339508
710947.0;0.20200000703334808;-0.6640000343322754;-0.07800000160932541;-41.375;27.6875;-11.5625;761.0;2788.0;-1391.0;177.0625;48.875;66.625;0.01995849609375;-0.4842529296875;0.36785888671875;-0.7935791015625;-0.5460000038146973;-0.05300000309944153;-0.328000009059906;0.7400000095367432;-0.5770000219345093;0.28200000524520874
710957.0;0.19300000369548798;-0.6310000419616699;-0.046000003814697266;-41.75;23.1875;-18.5625;878.0;2756.0;-1430.0;178.4375;49.0;63.9375;0.010498046875;-0.47515869140625;0.3609619140625;-0.8023681640625;-0.5600000023841858;-0.06599999964237213;-0.3450000286102295;0.7400000095367432;-0.562000036239624;0.3100000023841858
710961.0;0.18000000715255737;-0.6290000081062317;-0.03500000014901161;-41.75;23.1875;-18.5625;1050.0;2739.0;-1524.0;181.0;49.0625;58.1875;-0.00738525390625;-0.457763671875;0.3433837890625;-0.820068359375;-0.5940000414848328;-0.0990000069141388;-0.3710000216960907;0.7410000562667847;-0.5450000166893005;0.33800002932548523
710971.0;0.1469999998807907;-0.6450000405311584;-0.03200000151991844;-41.75;23.1875;-18.5625;1258.0;2681.0;-1623.0;182.125;49.0625;55.0625;-0.015625;-0.44952392578125;0.33233642578125;-0.8289794921875;-0.6020000576972961;-0.11000000685453415;-0.406000018119812;0.7410000562667847;-0.5260000228881836;0.367000013589859
710981.0;0.1380000114440918;-0.6360000371932983;-0.03800000250339508;-41.75;23.1875;-18.5625;1562.0;2612.0;-1685.0;183.0625;49.0;51.75;-0.0228271484375;-0.44158935546875;0.3194580078125;-0.838134765625;-0.6070000529289246;-0.10400000214576721;-0.42900002002716064;0.7400000095367432;-0.5049999952316284;0.398000031709671
710991.0;0.13199999928474426;-0.6100000143051147;-0.03100000135600567;-41.75;23.1875;-18.5625;1960.0;2519.0;-1704.0;183.0625;49.0;51.75;-0.0228271484375;-0.44158935546875;0.3194580078125;-0.838134765625;-0.6070000529289246;-0.10400000214576721;-0.42900002002716064;0.7400000095367432;-0.5049999952316284;0.398000031709671
710995.0;0.13199999928474426;-0.6100000143051147;-0.03100000135600567;-41.75;23.1875;-18.5625;1960.0;2519.0;-1704.0;183.0625;49.0;51.75;-0.0228271484375;-0.44158935546875;0.3194580078125;-0.838134765625;-0.6070000529289246;-0.10400000214576721;-0.42900002002716064;0.7400000095367432;-0.5049999952316284;0.398000031709671
711005.0;0.1210000067949295;-0.5580000281333923;-0.007000000216066837;-40.25;18.75;-24.6875;2391.0;2414.0;-1692.0;183.875;48.8125;48.25;-0.02880859375;-0.4339599609375;0.30462646484375;-0.847412109375;-0.6160000562667847;-0.07600000500679016;-0.4360000193119049;0.7380000352859497;-0.48100003600120544;0.42900002002716064
711015.0;0.06800000369548798;-0.4240000247955322;-0.004000000189989805;-40.25;18.75;-24.6875;2813.0;2343.0;-1687.0;184.5;48.5625;44.5625;-0.0377197265625;-0.419189453125;0.26885986328125;-0.86639404296875;-0.6950000524520874;0.07200000435113907;-0.5390000343322754;0.7320000529289246;-0.42500001192092896;0.49400001764297485
711025.0;0.03700000047683716;-0.3530000150203705;-0.04500000178813934;-40.25;18.75;-24.6875;3211.0;2299.0;-1712.0;184.9375;48.25;40.6875;-0.04107666015625;-0.41180419921875;0.248046875;-0.87591552734375;-0.6990000605583191;0.09200000762939453;-0.6200000047683716;0.7270000576972961;-0.3920000195503235;0.5270000100135803
711029.0;0.03700000047683716;-0.3530000150203705;-0.04500000178813934;-40.25;18.75;-24.6875;3211.0;2299.0;-1712.0;184.9375;48.25;40.6875;-0.04107666015625;-0.41180419921875;0.248046875;-0.87591552734375;-0.6990000605583191;0.09200000762939453;-0.6200000047683716;0.7270000576972961;-0.3920000195503235;0.5270000100135803
711039.0;0.02800000086426735;-0.30000001192092896;-0.09300000220537186;-40.25;18.75;-24.6875;3586.0;2282.0;-1766.0;185.3125;47.875;36.6875;-0.04425048828125;-0.404541015625;0.22540283203125;-0.88519287109375;-0.6520000100135803;0.1210000067949295;-0.6480000019073486;0.7210000157356262;-0.35600000619888306;0.5600000023841858
711049.0;0.0690000057220459;-0.23400001227855682;-0.08800000697374344;-40.25;18.75;-24.6875;3890.0;2257.0;-1877.0;185.6875;47.375;32.4375;-0.04425048828125;-0.404541015625;0.22540283203125;-0.88519287109375;-0.6520000100135803;0.1210000067949295;-0.6480000019073486;0.7210000157356262;-0.35600000619888306;0.5600000023841858
711059.0;0.10600000619888306;-0.2150000035762787;-0.052000001072883606;-38.375;13.1875;-30.0625;4053.0;2266.0;-2007.0;186.0625;46.8125;28.125;-0.04766845703125;-0.39715576171875;0.2015380859375;-0.89410400390625;-0.6080000400543213;0.10000000149011612;-0.6440000534057617;0.7150000333786011;-0.3160000145435333;0.5910000205039978
711063.0;0.125;-0.18000000715255737;0.0;-38.375;13.1875;-30.0625;4028.0;2344.0;-2156.0;186.5625;46.125;23.75;-0.05181884765625;-0.3892822265625;0.1773681640625;-0.90240478515625;-0.5770000219345093;0.10700000822544098;-0.6000000238418579;0.6960000395774841;-0.23100000619888306;0.6500000357627869
711073.0;0.11800000816583633;-0.12400000542402267;0.049000002443790436;-38.375;13.1875;-30.0625;3841.0;2504.0;-2351.0;187.1875;45.1875;19.5;-0.0574951171875;-0.38043212890625;0.15350341796875;-0.91015625;-0.6010000109672546;0.16700001060962677;-0.5509999990463257;0.6830000281333923;-0.18700000643730164;0.6780000329017639
711083.0;0.0820000022649765;-0.020000001415610313;0.12600000202655792;-38.375;13.1875;-30.0625;3565.0;2701.0;-2578.0;188.0625;44.125;15.4375;-0.06488037109375;-0.3704833984375;0.13031005859375;-0.9173583984375;-0.6080000400543213;0.15600000321865082;-0.5649999976158142;0.6660000085830688;-0.14300000667572021;0.7040000557899475
711093.0;0.058000002056360245;0.013000000268220901;0.13900001347064972;-38.375;13.1875;-30.0625;3272.0;2916.0;-2829.0;189.125;42.8125;11.4375;-0.07415771484375;-0.35931396484375;0.10791015625;-0.92401123046875;-0.6080000400543213;0.15600000321865082;-0.5649999976158142;0.6660000085830688;-0.14300000667572021;0.7040000557899475
711097.0;0.058000002056360245;0.013000000268220901;0.13900001347064972;-38.375;13.1875;-30.0625;3272.0;2916.0;-2829.0;189.125;42.8125;11.4375;-0.07415771484375;-0.35931396484375;0.10791015625;-0.92401123046875;-0.6080000400543213;0.15600000321865082;-0.5649999976158142;0.6660000085830688;-0.14300000667572021;0.7040000557899475
711107.0;0.04400000348687172;0.03400000184774399;0.14900000393390656;-34.25;4.0;-35.875;3030.0;3149.0;-3092.0;190.4375;41.25;7.6875;-0.08526611328125;-0.34674072265625;0.08599853515625;-0.93011474609375;-0.6020000576972961;0.13300000131130219;-0.5800000429153442;0.6460000276565552;-0.09800000488758087;0.7300000190734863
711117.0;0.029000001028180122;0.05400000140070915;0.1550000011920929;-34.25;4.0;-35.875;2886.0;3353.0;-3294.0;191.875;39.4375;4.0625;-0.09759521484375;-0.33294677734375;0.06427001953125;-0.9356689453125;-0.593000054359436;0.1080000028014183;-0.5990000367164612;0.6230000257492065;-0.05400000140070915;0.7550000548362732
711127.0;-0.030000001192092896;0.11000000685453415;0.22200001776218414;-34.25;4.0;-35.875;2825.0;3575.0;-3406.0;193.375;37.375;0.6875;-0.11065673828125;-0.3177490234375;0.04241943359375;-0.94073486328125;-0.6260000467300415;0.11900000274181366;-0.5560000538825989;0.5950000286102295;-0.009000000543892384;0.7790000438690186
711131.0;-0.08400000631809235;0.13700000941753387;0.3150000274181366;-34.25;4.0;-35.875;2761.0;3837.0;-3477.0;194.9375;35.0;-2.4375;-0.12408447265625;-0.3009033203125;0.0206298828125;-0.9453125;-0.6470000147819519;0.10200000554323196;-0.48600003123283386;0.562000036239624;0.03400000184774399;0.8020000457763672
711141.0;-0.16600000858306885;0.16700001060962677;0.4300000071525574;-34.25;4.0;-35.875;2660.0;4039.0;-3606.0;196.5625;32.4375;-5.4375;-0.13818359375;-0.28277587890625;-0.0009765625;-0.94915771484375;-0.6930000185966492;0.08900000154972076;-0.3930000066757202;0.5260000228881836;0.07800000160932541;0.8230000138282776
711151.0;-0.25200000405311584;0.2070000171661377;0.5260000228881836;-29.5;-7.0625;-41.1875;2542.0;4162.0;-3782.0;198.25;29.625;-8.125;-0.15325927734375;-0.26361083984375;-0.02239990234375;-0.95208740234375;-0.7380000352859497;0.0860000029206276;-0.31700000166893005;0.48500001430511475;0.1210000067949295;0.843000054359436
711161.0;-0.40800002217292786;0.2930000126361847;0.6050000190734863;-29.5;-7.0625;-41.1875;2440.0;4262.0;-3958.0;200.0625;26.6875;-10.6875;-0.169189453125;-0.2435302734375;-0.04364013671875;-0.95404052734375;-0.8490000367164612;0.13100001215934753;-0.2550000250339508;0.4410000145435333;0.16200000047683716;0.8600000143051147
711165.0;-0.40800002217292786;0.2930000126361847;0.6050000190734863;-29.5;-7.0625;-41.1875;2440.0;4262.0;-3958.0;200.0625;26.6875;-10.6875;-0.169189453125;-0.2435302734375;-0.04364013671875;-0.95404052734375;-0.8490000367164612;0.13100001215934753;-0.2550000250339508;0.4410000145435333;0.16200000047683716;0.8600000143051147
711175.0;-0.47600001096725464;0.34200000762939453;0.612000048160553;-29.5;-7.0625;-41.1875;2385.0;4288.0;-4097.0;202.0;23.6875;-13.0;-0.1856689453125;-0.2230224609375;-0.064697265625;-0.95477294921875;-0.8700000643730164;0.14000000059604645;-0.26200002431869507;0.39400002360343933;0.20200000703334808;0.8740000128746033
711185.0;-0.5440000295639038;0.406000018119812;0.628000020980835;-29.5;-7.0625;-41.1875;2362.0;4225.0;-4229.0;203.9375;20.5625;-15.1875;-0.20263671875;-0.20245361328125;-0.085693359375;-0.95428466796875;-0.8890000581741333;0.16600000858306885;-0.25699999928474426;0.3440000116825104;0.24000000953674316;0.8850000500679016
711195.0;-0.6460000276565552;0.5010000467300415;0.7430000305175781;-29.5;-7.0625;-41.1875;2351.0;4150.0;-4311.0;205.9375;17.4375;-17.25;-0.2198486328125;-0.1820068359375;-0.10650634765625;-0.95245361328125;-0.940000057220459;0.22300000488758087;-0.15000000596046448;0.2939999997615814;0.2770000100135803;0.893000066280365
711199.0;-0.6460000276565552;0.5010000467300415;0.7430000305175781;-29.5;-7.0625;-41.1875;2351.0;4150.0;-4311.0;205.9375;17.4375;-17.25;-0.2198486328125;-0.1820068359375;-0.10650634765625;-0.95245361328125;-0.940000057220459;0.22300000488758087;-0.15000000596046448;0.2939999997615814;0.2770000100135803;0.893000066280365
711209.0;-0.6980000138282776;0.5200000405311584;0.796000063419342;-16.5;-17.5;-41.5;2305.0;4027.0;-4341.0;208.0;14.3125;-19.125;-0.237060546875;-0.16192626953125;-0.12689208984375;-0.949462890625;-0.9410000443458557;0.20800000429153442;-0.10000000149011612;0.242000013589859;0.3110000193119049;0.8970000147819519
711219.0;-0.7490000128746033;0.5400000214576721;0.8260000348091125;-16.5;-17.5;-41.5;2221.0;3876.0;-4333.0;210.0625;11.1875;-20.8125;-0.254150390625;-0.14227294921875;-0.146484375;-0.94537353515625;-0.9390000700950623;0.19700001180171967;-0.07200000435113907;0.1900000125169754;0.34200000762939453;0.8980000615119934
711229.0;-0.7930000424385071;0.5690000057220459;0.8190000653266907;-16.5;-17.5;-41.5;2191.0;3675.0;-4265.0;212.125;8.1875;-22.4375;-0.27081298828125;-0.12353515625;-0.16546630859375;-0.94024658203125;-0.9330000281333923;0.1990000158548355;-0.07700000703334808;0.13900001347064972;0.3700000047683716;0.8970000147819519
711233.0;-0.7570000290870667;0.6820000410079956;0.8340000510215759;-16.5;-17.5;-41.5;2225.0;3487.0;-4118.0;214.0625;5.25;-23.9375;-0.28662109375;-0.10577392578125;-0.18408203125;-0.9342041015625;-0.8480000495910645;0.28600001335144043;-0.058000002056360245;0.09000000357627869;0.3960000276565552;0.8920000195503235
711243.0;-0.7070000171661377;0.7040000557899475;0.89000004529953;-16.5;-17.5;-41.5;2298.0;3318.0;-3913.0;215.9375;2.4375;-25.4375;-0.30126953125;-0.0889892578125;-0.20257568359375;-0.927490234375;-0.7500000596046448;0.28300002217292786;0.005000000353902578;0.04200000315904617;0.42100003361701965;0.8840000629425049
711253.0;-0.7070000171661377;0.7040000557899475;0.89000004529953;-16.5;-17.5;-41.5;2321.0;3224.0;-3785.0;217.75;-0.25;-26.875;-0.31512451171875;-0.07281494140625;-0.220703125;-0.920166015625;-0.6640000343322754;0.25200000405311584;0.03700000047683716;-0.004000000189989805;0.44300001859664917;0.8740000128746033
711263.0;-0.6690000295639038;0.6960000395774841;0.9110000729560852;-3.0;-26.0625;-39.875;2270.0;3192.0;-3754.0;219.625;-3.0;-28.1875;-0.32861328125;-0.05670166015625;-0.2384033203125;-0.912109375;-0.5890000462532043;0.21300001442432404;0.07800000160932541;-0.052000001072883606;0.46300002932548523;0.862000048160553
711263.0;-0.6690000295639038;0.6960000395774841;0.9110000729560852;-3.0;-26.0625;-39.875;2270.0;3192.0;-3754.0;219.625;-3.0;-28.1875;-0.32861328125;-0.05670166015625;-0.2384033203125;-0.912109375;-0.5890000462532043;0.21300001442432404;0.07800000160932541;-0.052000001072883606;0.46300002932548523;0.862000048160553
711273.0;-0.6410000324249268;0.6760000586509705;0.940000057220459;-3.0;-26.0625;-39.875;2171.0;3081.0;-3753.0;221.4375;-5.75;-29.4375;-0.342041015625;-0.0408935546875;-0.2552490234375;-0.9034423828125;-0.6060000061988831;0.20100000500679016;0.08500000089406967;-0.09800000488758087;0.4790000319480896;0.8490000367164612
711283.0;-0.7050000429153442;0.6810000538825989;0.9340000152587891;-3.0;-26.0625;-39.875;2133.0;3059.0;-3813.0;223.3125;-8.5;-30.5625;-0.35552978515625;-0.0250244140625;-0.27166748046875;-0.89398193359375;-0.6470000147819519;0.15000000596046448;0.05000000074505806;-0.14500001072883606;0.4930000305175781;0.8340000510215759
711293.0;-0.7930000424385071;0.6440000534057617;0.8850000500679016;-3.0;-26.0625;-39.875;2214.0;3013.0;-3891.0;225.3125;-11.3125;-31.75;-0.369140625;-0.00933837890625;-0.28814697265625;-0.883544921875;-0.6770000457763672;0.0950000062584877;0.05300000309944153;-0.19200000166893005;0.5060000419616699;0.8170000314712524
711303.0;-0.8690000176429749;0.6010000109672546;0.8710000514984131;-3.0;-26.0625;-39.875;2214.0;3013.0;-3891.0;227.3125;-14.0625;-32.9375;-0.38232421875;0.005615234375;-0.3050537109375;-0.8721923828125;-0.718000054359436;0.10000000149011612;0.04400000348687172;-0.23800000548362732;0.5170000195503235;0.7980000376701355
711309.0;-0.8690000176429749;0.6010000109672546;0.8710000514984131;-3.0;-26.0625;-39.875;2214.0;3013.0;-3891.0;227.3125;-14.0625;-32.9375;-0.38232421875;0.005615234375;-0.3050537109375;-0.8721923828125;-0.718000054359436;0.10000000149011612;0.04400000348687172;-0.23800000548362732;0.5170000195503235;0.7980000376701355
711319.0;-0.956000030040741;0.6180000305175781;0.8420000672340393;11.0;-29.0625;-35.25;2379.0;2949.0;-3857.0;227.3125;-14.0625;-32.9375;-0.39398193359375;0.01934814453125;-0.32281494140625;-0.8603515625;-0.6570000052452087;0.10900000482797623;0.09600000083446503;-0.28200000524520874;0.5290000438690186;0.7750000357627869
711329.0;-0.9390000700950623;0.6390000581741333;0.8710000514984131;11.0;-29.0625;-35.25;2840.0;2897.0;-3432.0;231.0;-19.3125;-35.8125;-0.40478515625;0.032470703125;-0.34124755859375;-0.84771728515625;-0.44700002670288086;0.1420000046491623;0.12600000202655792;-0.3240000009536743;0.5410000085830688;0.7500000596046448
711339.0;-0.7720000147819519;0.6840000152587891;0.8760000467300415;11.0;-29.0625;-35.25;2751.0;2775.0;-4199.0;233.375;-22.1875;-37.0625;-0.4188232421875;0.0465087890625;-0.358642578125;-0.83294677734375;-0.5590000152587891;0.23800000548362732;0.19600000977516174;-0.3700000047683716;0.5470000505447388;0.7240000367164612
711349.0;-0.9300000667572021;0.7860000133514404;0.9200000166893005;11.0;-29.0625;-35.25;2940.0;2745.0;-4107.0;235.6875;-25.0;-38.4375;-0.4322509765625;0.05987548828125;-0.37646484375;-0.8172607421875;-0.5049999952316284;0.16100001335144043;0.19100001454353333;-0.4150000214576721;0.5520000457763672;0.6950000524520874
711359.0;-0.9200000166893005;0.7130000591278076;0.8870000243186951;11.0;-29.0625;-35.25;2940.0;2745.0;-4107.0;235.6875;-25.0;-38.4375;-0.4322509765625;0.05987548828125;-0.37646484375;-0.8172607421875;-0.5049999952316284;0.16100001335144043;0.19100001454353333;-0.4540000259876251;0.5570000410079956;0.6670000553131104
711367.0;-0.9660000205039978;0.7770000100135803;0.8500000238418579;22.5;-30.6875;-30.0625;2797.0;2665.0;-3436.0;237.6875;-27.5625;-39.8125;-0.4425048828125;0.07177734375;-0.39337158203125;-0.80267333984375;-0.5110000371932983;0.2200000137090683;0.18300001323223114;-0.4540000259876251;0.5570000410079956;0.6670000553131104
711377.0;-1.0140000581741333;0.8740000128746033;0.8050000667572021;22.5;-30.6875;-30.0625;2281.0;2479.0;-3059.0;241.3125;-32.3125;-41.6875;-0.460693359375;0.095947265625;-0.4190673828125;-0.7764892578125;-0.5290000438690186;0.36900001764297485;0.1300000101327896;-0.5240000486373901;0.5509999990463257;0.6180000305175781
711387.0;-1.0540000200271606;0.9200000166893005;0.7480000257492065;22.5;-30.6875;-30.0625;1804.0;2335.0;-3371.0;243.625;-34.9375;-42.0;-0.47283935546875;0.110107421875;-0.4283447265625;-0.76214599609375;-0.49800002574920654;0.2800000011920929;0.1080000028014183;-0.5610000491142273;0.5380000472068787;0.597000002861023
711397.0;-1.0600000619888306;0.8180000185966492;0.7050000429153442;22.5;-30.6875;-30.0625;1497.0;2195.0;-3988.0;246.25;-37.75;-42.0625;-0.48699951171875;0.12530517578125;-0.43701171875;-0.7457275390625;-0.4440000355243683;0.1980000138282776;0.125;-0.6000000238418579;0.5190000534057617;0.5750000476837158
711401.0;-1.0450000762939453;0.718000054359436;0.7000000476837158;22.5;-30.6875;-30.0625;1515.0;2161.0;-4571.0;246.25;-37.75;-42.0625;-0.48699951171875;0.12530517578125;-0.43701171875;-0.7457275390625;-0.4440000355243683;0.1980000138282776;0.125;-0.6000000238418579;0.5190000534057617;0.5750000476837158
711411.0;-1.0880000591278076;0.6220000386238098;0.6650000214576721;32.5;-28.75;-22.25;1923.0;2275.0;-4913.0;249.25;-40.75;-42.1875;-0.50213623046875;0.14056396484375;-0.44696044921875;-0.726806640625;-0.4480000138282776;0.12400000542402267;0.11500000208616257;-0.64000004529953;0.49800002574920654;0.550000011920929
711421.0;-1.1410000324249268;0.5790000557899475;0.6420000195503235;32.5;-28.75;-22.25;2419.0;2396.0;-4648.0;252.25;-43.75;-42.625;-0.5262451171875;0.16485595703125;-0.47235107421875;-0.68756103515625;-0.4910000264644623;0.14600001275539398;0.09300000220537186;-0.7090000510215759;0.4660000205039978;0.48900002241134644
711431.0;-1.2010000944137573;0.6130000352859497;0.5820000171661377;32.5;-28.75;-22.25;2721.0;2384.0;-3789.0;254.8125;-46.3125;-43.625;-0.53338623046875;0.171630859375;-0.486083984375;-0.670654296875;-0.4620000123977661;0.19700001180171967;0.12600000202655792;-0.734000027179718;0.45900002121925354;0.45900002121925354
711435.0;-1.2010000944137573;0.6130000352859497;0.5820000171661377;32.5;-28.75;-22.25;2721.0;2384.0;-3789.0;254.8125;-46.3125;-43.625;-0.53338623046875;0.171630859375;-0.486083984375;-0.670654296875;-0.4620000123977661;0.19700001180171967;0.12600000202655792;-0.734000027179718;0.45900002121925354;0.45900002121925354
711445.0;-1.196000099182129;0.656000018119812;0.5850000381469727;32.5;-28.75;-22.25;2853.0;2146.0;-2796.0;256.9375;-48.4375;-45.0;-0.5386962890625;0.17529296875;-0.499755859375;-0.65521240234375;-0.4150000214576721;0.23500001430511475;0.1680000126361847;-0.753000020980835;0.45600003004074097;0.4300000071525574
711455.0;-1.1690000295639038;0.6920000314712524;0.5980000495910645;32.5;-28.75;-22.25;2962.0;1860.0;-2130.0;258.8125;-50.1875;-46.6875;-0.5386962890625;0.17529296875;-0.499755859375;-0.65521240234375;-0.4150000214576721;0.23500001430511475;0.1680000126361847;-0.753000020980835;0.45600003004074097;0.4300000071525574
711465.0;-1.1750000715255737;0.7400000095367432;0.5649999976158142;41.75;-23.25;-14.0;2998.0;1717.0;-1913.0;260.625;-51.6875;-48.5;-0.54345703125;0.177734375;-0.51312255859375;-0.64013671875;-0.4050000309944153;0.2850000262260437;0.16200000047683716;-0.7700000405311584;0.4540000259876251;0.4020000100135803
711469.0;-1.1750000715255737;0.7400000095367432;0.5649999976158142;41.75;-23.25;-14.0;2998.0;1717.0;-1913.0;260.625;-51.6875;-48.5;-0.54345703125;0.177734375;-0.51312255859375;-0.64013671875;-0.4050000309944153;0.2850000262260437;0.16200000047683716;-0.7700000405311584;0.4540000259876251;0.4020000100135803
711479.0;-1.2090001106262207;0.7560000419616699;0.5139999985694885;41.75;-23.25;-14.0;2861.0;1723.0;-2051.0;262.5;-53.3125;-50.1875;-0.54827880859375;0.18084716796875;-0.52569580078125;-0.62469482421875;-0.43700000643730164;0.31200000643730164;0.10700000822544098;-0.8040000200271606;0.4390000104904175;0.34700000286102295
711489.0;-1.2420001029968262;0.7520000338554382;0.45500001311302185;41.75;-23.25;-14.0;2589.0;1732.0;-2398.0;264.5625;-55.125;-51.625;-0.55377197265625;0.1856689453125;-0.536865234375;-0.60882568359375;-0.41600000858306885;0.3110000193119049;0.08800000697374344;-0.8230000138282776;0.4240000247955322;0.32200002670288086
711499.0;-1.2390000820159912;0.7350000143051147;0.4100000262260437;41.75;-23.25;-14.0;2279.0;1690.0;-2701.0;266.6875;-57.0625;-52.6875;-0.55975341796875;0.19207763671875;-0.54638671875;-0.5926513671875;-0.37400001287460327;0.3060000240802765;0.06300000101327896;-0.8410000205039978;0.40400001406669617;0.30000001192092896
711506.0;-1.2160000801086426;0.7110000252723694;0.3630000054836273;41.75;-23.25;-14.0;1897.0;1621.0;-2941.0;268.875;-59.0625;-53.375;-0.56610107421875;0.20001220703125;-0.55401611328125;-0.57672119140625;-0.37400001287460327;0.3060000240802765;0.06300000101327896;-0.8410000205039978;0.40400001406669617;0.30000001192092896
711516.0;-1.2190001010894775;0.7510000467300415;0.40800002217292786;45.5;-20.25;-7.0;1370.0;1636.0;-3299.0;271.125;-61.25;-53.5625;-0.57269287109375;0.21044921875;-0.5594482421875;-0.56103515625;-0.359000027179718;0.3720000088214874;0.12800000607967377;-0.859000027179718;0.3790000081062317;0.27900001406669617
711526.0;-1.2370001077651978;0.6330000162124634;0.4020000100135803;45.5;-20.25;-7.0;1356.0;1653.0;-3552.0;273.5625;-63.5625;-53.4375;-0.57965087890625;0.22174072265625;-0.56439208984375;-0.5443115234375;-0.359000027179718;0.28300002217292786;0.14300000667572021;-0.878000020980835;0.3500000238418579;0.2590000033378601
711536.0;-1.25600004196167;0.5120000243186951;0.39500001072883606;45.5;-20.25;-7.0;1554.0;1616.0;-3337.0;276.0;-65.75;-53.5;-0.58612060546875;0.23150634765625;-0.56976318359375;-0.5274658203125;-0.36100003123283386;0.18900001049041748;0.15600000321865082;-0.8940000534057617;0.3230000138282776;0.23800000548362732
711541.0;-1.3010001182556152;0.6460000276565552;0.4180000126361847;45.5;-20.25;-7.0;1412.0;1548.0;-3070.0;278.25;-67.8125;-53.5625;-0.5916748046875;0.2406005859375;-0.57464599609375;-0.51171875;-0.3920000195503235;0.3490000069141388;0.1980000138282776;-0.9080000519752502;0.2970000207424164;0.21900001168251038
711551.0;-1.319000005722046;0.6990000605583191;0.398000031709671;45.5;-20.25;-7.0;1239.0;1533.0;-3132.0;280.5;-69.875;-53.3125;-0.596923828125;0.2503662109375;-0.57867431640625;-0.49615478515625;-0.398000031709671;0.42900002002716064;0.19700001180171967;-0.921000063419342;0.26900002360343933;0.20000000298023224
711561.0;-1.3720000982284546;0.6330000162124634;0.4020000100135803;49.5625;-13.6875;-1.25;1162.0;1448.0;-3214.0;282.8125;-72.0;-52.625;-0.60235595703125;0.26025390625;-0.5819091796875;-0.48040771484375;-0.4390000104904175;0.3920000195503235;0.21900001168251038;-0.9320000410079956;0.24000000953674316;0.18300001323223114
711571.0;-1.3550000190734863;0.406000018119812;0.37300002574920654;49.5625;-13.6875;-1.25;1311.0;1174.0;-2949.0;285.125;-73.8125;-51.6875;-0.60791015625;0.26806640625;-0.5848388671875;-0.46533203125;-0.4130000174045563;0.19200000166893005;0.20400001108646393;-0.9410000443458557;0.21400001645088196;0.1680000126361847
711574.0;-1.3550000190734863;0.406000018119812;0.37300002574920654;49.5625;-13.6875;-1.25;1311.0;1174.0;-2949.0;285.125;-73.8125;-51.6875;-0.60791015625;0.26806640625;-0.5848388671875;-0.46533203125;-0.4130000174045563;0.19200000166893005;0.20400001108646393;-0.9410000443458557;0.21400001645088196;0.1680000126361847
711584.0;-1.308000087738037;0.48000001907348633;0.3530000150203705;49.5625;-13.6875;-1.25;1478.0;1057.0;-2810.0;287.4375;-75.5625;-50.5;-0.613525390625;0.27459716796875;-0.58782958984375;-0.4501953125;-0.359000027179718;0.29200002551078796;0.1980000138282776;-0.9490000605583191;0.18800000846385956;0.1550000011920929
711594.0;-1.3170000314712524;0.5730000138282776;0.37800002098083496;49.5625;-13.6875;-1.25;1664.0;1041.0;-2927.0;289.9375;-77.3125;-48.75;-0.61956787109375;0.28070068359375;-0.59075927734375;-0.4339599609375;-0.36100003123283386;0.41100001335144043;0.2370000183582306;-0.956000030040741;0.16100001335144043;0.14100000262260437
711604.0;-1.283000111579895;0.5300000309944153;0.3490000069141388;49.5625;-13.6875;-1.25;2191.0;881.0;-2457.0;292.5;-78.75;-47.25;-0.6256103515625;0.28314208984375;-0.594970703125;-0.417724609375;-0.32100000977516174;0.39000001549720764;0.2200000137090683;-0.9610000252723694;0.13900001347064972;0.1290000081062317
711606.0;-1.283000111579895;0.5300000309944153;0.3490000069141388;49.5625;-13.6875;-1.25;2191.0;881.0;-2457.0;292.5;-78.75;-47.25;-0.6256103515625;0.28314208984375;-0.594970703125;-0.417724609375;-0.32100000977516174;0.39000001549720764;0.2200000137090683;-0.9610000252723694;0.13900001347064972;0.1290000081062317
711616.0;-1.2820000648498535;0.39500001072883606;0.2840000092983246;51.6875;-4.6875;0.375;2690.0;602.0;-1659.0;294.875;-79.75;-46.6875;-0.63128662109375;0.28076171875;-0.60028076171875;-0.40283203125;-0.31700000166893005;0.26900002360343933;0.16500000655651093;-0.9650000333786011;0.12600000202655792;0.11900000274181366
711626.0;-1.1750000715255737;0.5120000243186951;0.2410000115633011;51.6875;-4.6875;0.375;2988.0;469.0;-1173.0;297.1875;-80.4375;-46.875;-0.63665771484375;0.2755126953125;-0.60638427734375;-0.388671875;-0.20800000429153442;0.39400002360343933;0.13100001215934753;-0.9670000672340393;0.11800000816583633;0.11000000685453415
711636.0;-1.0670000314712524;0.7570000290870667;0.2240000069141388;51.6875;-4.6875;0.375;2430.0;504.0;-1428.0;299.3125;-81.3125;-46.0;-0.64141845703125;0.27288818359375;-0.61090087890625;-0.37530517578125;-0.09800000488758087;0.6500000357627869;0.1210000067949295;-0.9690000414848328;0.10600000619888306;0.10200000554323196
711646.0;-1.03000009059906;0.8020000457763672;0.23400001227855682;51.6875;-4.6875;0.375;2066.0;713.0;-2025.0;301.625;-82.5;-43.25;-0.64605712890625;0.2738037109375;-0.61444091796875;-0.3607177734375;-0.05700000375509262;0.7150000333786011;0.14100000262260437;-0.9720000624656677;0.08700000494718552;0.09300000220537186
711655.0;-1.03000009059906;0.8020000457763672;0.23400001227855682;51.6875;-4.6875;0.375;2135.0;978.0;-2219.0;304.0625;-83.8125;-3.875;-0.65008544921875;0.27557373046875;-0.6185302734375;-0.34478759765625;-0.1510000079870224;0.37400001287460327;0.1900000125169754;-0.9740000367164612;0.06599999964237213;0.08100000023841858
711665.0;-1.1260000467300415;0.4400000274181366;0.2710000276565552;50.875;0.5;3.25;2355.0;1103.0;-2050.0;306.625;-85.0625;-2.75;-0.65350341796875;0.276123046875;-0.62353515625;-0.328369140625;-0.20800000429153442;0.29600000381469727;0.2150000035762787;-0.9770000576972961;0.04700000211596489;0.06800000369548798
711675.0;-1.1850000619888306;0.3440000116825104;0.28300002217292786;50.875;0.5;3.25;2474.0;1082.0;-1786.0;309.0625;-86.1875;-1.75;-0.65655517578125;0.27532958984375;-0.62890625;-0.31243896484375;-0.2200000137090683;0.3140000104904175;0.22200001776218414;-0.9780000448226929;0.030000001192092896;0.0560000017285347
711685.0;-1.1980000734329224;0.3450000286102295;0.27800002694129944;50.875;0.5;3.25;2521.0;956.0;-1645.0;311.5;-87.125;-0.875;-0.65966796875;0.2735595703125;-0.63385009765625;-0.29693603515625;-0.19500000774860382;0.36900001764297485;0.20200000703334808;-0.9790000319480896;0.015000000596046448;0.04500000178813934
711695.0;-1.1740000247955322;0.3840000033378601;0.24800001084804535;50.875;0.5;3.25;2571.0;849.0;-1497.0;313.875;-87.8125;0.0;-0.66278076171875;0.27093505859375;-0.63861083984375;-0.2818603515625;-0.12600000202655792;0.4240000247955322;0.2120000123977661;-0.9790000319480896;0.0;0.036000002175569534
711705.0;-1.1060000658035278;0.42500001192092896;0.24900001287460327;50.875;0.5;3.25;2566.0;781.0;-1228.0;316.125;-88.1875;0.625;-0.66558837890625;0.2672119140625;-0.643310546875;-0.26776123046875;-0.13100001215934753;0.40800002217292786;0.18200001120567322;-0.9800000190734863;-0.010000000707805157;0.02800000086426735
711711.0;-1.1120001077651978;0.3970000147819519;0.2110000103712082;50.875;0.5;3.25;2566.0;781.0;-1228.0;316.125;-88.1875;0.625;-0.667724609375;0.26300048828125;-0.647705078125;-0.2557373046875;-0.16300000250339508;0.3800000250339508;0.12400000542402267;-0.9800000190734863;-0.01900000125169754;0.02200000174343586
711721.0;-1.1440000534057617;0.36000001430511475;0.1469999998807907;52.0;6.75;5.1875;2326.0;688.0;-887.0;318.0625;-88.25;1.125;-0.66912841796875;0.25946044921875;-0.65118408203125;-0.24676513671875;-0.1860000044107437;0.3620000183582306;0.0430000014603138;-0.9800000190734863;-0.02500000037252903;0.01600000075995922
711731.0;-1.1660000085830688;0.3370000123977661;0.06000000238418579;52.0;6.75;5.1875;1169.0;431.0;-442.0;320.4375;-88.0625;1.6875;-0.6697998046875;0.2574462890625;-0.65362548828125;-0.2406005859375;-0.14400000870227814;0.3450000286102295;0.007000000216066837;-0.9800000190734863;-0.029000001028180122;0.012000000104308128
711741.0;-1.125;0.3150000274181366;0.020000001415610313;52.0;6.75;5.1875;670.0;356.0;-411.0;321.125;-87.9375;1.9375;-0.66998291015625;0.25689697265625;-0.6551513671875;-0.236328125;-0.11300000548362732;0.3190000057220459;0.0;-0.9800000190734863;-0.032999999821186066;0.009000000543892384
711751.0;-1.093000054359436;0.2850000262260437;0.00800000037997961;52.0;6.75;5.1875;237.0;330.0;-442.0;321.5;-87.6875;2.1875;-0.66973876953125;0.25799560546875;-0.656005859375;-0.2335205078125;-0.08100000023841858;0.3060000240802765;0.014000000432133675;-0.9790000319480896;-0.03800000250339508;0.005000000353902578
711761.0;-1.061000108718872;0.2680000066757202;0.020000001415610313;52.0;6.75;5.1875;237.0;330.0;-442.0;321.5;-87.6875;2.1875;-0.66973876953125;0.25799560546875;-0.656005859375;-0.2335205078125;-0.08100000023841858;0.3060000240802765;0.014000000432133675;-0.9790000319480896;-0.0430000014603138;0.0020000000949949026
711761.0;-1.061000108718872;0.2680000066757202;0.020000001415610313;52.0;6.75;5.1875;237.0;330.0;-442.0;321.5;-87.6875;2.1875;-0.66973876953125;0.25799560546875;-0.656005859375;-0.2335205078125;-0.08100000023841858;0.3060000240802765;0.014000000432133675;-0.9790000319480896;-0.0430000014603138;0.0020000000949949026
711771.0;-1.0380001068115234;0.24800001084804535;0.04100000113248825;51.5625;10.5;6.5;-160.0;354.0;-521.0;321.75;-87.375;2.5625;-0.66888427734375;0.26080322265625;-0.6563720703125;-0.23175048828125;-0.05900000408291817;0.29200002551078796;0.039000000804662704;-0.9790000319480896;-0.0430000014603138;0.0020000000949949026
711781.0;-1.0380001068115234;0.242000013589859;0.06599999964237213;51.5625;10.5;6.5;-508.0;402.0;-626.0;321.8125;-86.5625;176.5625;-0.66583251953125;0.2711181640625;-0.6558837890625;-0.2301025390625;-0.07100000232458115;0.28300002217292786;0.0990000069141388;-0.9780000448226929;-0.058000002056360245;-0.007000000216066837
711791.0;-1.0500000715255737;0.22500000894069672;0.09200000762939453;51.5625;10.5;6.5;-758.0;451.0;-748.0;321.875;-86.0;176.0625;-0.66400146484375;0.27777099609375;-0.65521240234375;-0.22943115234375;-0.07600000500679016;0.28300002217292786;0.17500001192092896;-0.9780000448226929;-0.06599999964237213;-0.012000000104308128
711801.0;-1.0550000667572021;0.2160000056028366;0.16200000047683716;51.5625;10.5;6.5;-882.0;462.0;-867.0;321.9375;-85.375;175.5;-0.66229248046875;0.2847900390625;-0.654296875;-0.2283935546875;-0.09300000220537186;0.3230000138282776;0.25699999928474426;-0.9770000576972961;-0.07600000500679016;-0.018000001087784767
711807.0;-1.0550000667572021;0.2160000056028366;0.16200000047683716;51.5625;10.5;6.5;-882.0;462.0;-867.0;321.9375;-85.375;175.5;-0.66229248046875;0.2847900390625;-0.654296875;-0.2283935546875;-0.09300000220537186;0.3230000138282776;0.25699999928474426;-0.9770000576972961;-0.07600000500679016;-0.018000001087784767
711817.0;-1.071000099182129;0.2460000067949295;0.23900000751018524;51.5625;10.5;6.5;-886.0;463.0;-969.0;321.9375;-85.375;175.5;-0.66229248046875;0.2847900390625;-0.654296875;-0.2283935546875;-0.09300000220537186;0.3230000138282776;0.25699999928474426;-0.9770000576972961;-0.07600000500679016;-0.018000001087784767
711827.0;-1.0850000381469727;0.2630000114440918;0.2580000162124634;50.5;10.875;6.875;-689.0;434.0;-1029.0;322.125;-84.6875;174.875;-0.66094970703125;0.291259765625;-0.6534423828125;-0.2265625;-0.10900000482797623;0.3500000238418579;0.281000018119812;-0.9760000705718994;-0.08700000494718552;-0.023000001907348633
711837.0;-1.1050000190734863;0.28600001335144043;0.25;50.5;10.875;6.875;-204.0;438.0;-1077.0;322.6875;-84.0;174.1875;-0.66046142578125;0.29931640625;-0.65350341796875;-0.21710205078125;-0.32100000977516174;1.13100004196167;0.7630000114440918;-0.9730000495910645;-0.10900000482797623;-0.03200000151991844
711842.0;-1.2950000762939453;1.0220000743865967;0.7300000190734863;50.5;10.875;6.875;330.0;500.0;-1074.0;323.5625;-83.25;173.5625;-0.66058349609375;0.30084228515625;-0.6544189453125;-0.2117919921875;-0.23900000751018524;1.599000096321106;0.48500001430511475;-0.9720000624656677;-0.11700000613927841;-0.036000002175569534
711852.0;-1.2120000123977661;1.4810000658035278;0.4480000138282776;50.5;10.875;6.875;516.0;459.0;-812.0;324.4375;-82.75;107.25;-0.6619873046875;0.2991943359375;-0.6549072265625;-0.208251953125;-0.1340000033378601;1.2090001106262207;0.19200000166893005;-0.9720000624656677;-0.12000000476837158;-0.036000002175569534
711862.0;-1.1069999933242798;1.0880000591278076;0.15600000321865082;50.5;10.875;6.875;749.0;34.0;-262.0;325.0625;-82.5625;106.625;-0.6619873046875;0.2991943359375;-0.6549072265625;-0.208251953125;-0.1340000033378601;1.2090001106262207;0.19200000166893005;-0.9720000624656677;-0.12000000476837158;-0.036000002175569534
711872.0;-1.0320000648498535;0.4750000238418579;0.08900000154972076;50.5;14.5;7.6875;733.0;-241.0;232.0;325.3125;-82.75;105.375;-0.6636962890625;0.2955322265625;-0.6552734375;-0.20684814453125;-0.05900000408291817;0.5940000414848328;0.12200000882148743;-0.9720000624656677;-0.11800000816583633;-0.03200000151991844
711875.0;-1.0320000648498535;0.4750000238418579;0.08900000154972076;50.5;14.5;7.6875;733.0;-241.0;232.0;325.3125;-82.75;105.375;-0.6636962890625;0.2955322265625;-0.6552734375;-0.20684814453125;-0.05900000408291817;0.5940000414848328;0.12200000882148743;-0.9720000624656677;-0.11800000816583633;-0.03200000151991844
711885.0;-0.9180000424385071;-0.22100001573562622;0.07600000500679016;50.5;14.5;7.6875;-98.0;-195.0;573.0;324.9375;-83.125;105.25;-0.66357421875;0.293701171875;-0.65533447265625;-0.20953369140625;0.055000003427267075;-0.1080000028014183;0.10700000822544098;-0.9740000367164612;-0.10500000417232513;-0.030000001192092896
711895.0;-0.9140000343322754;-0.36400002241134644;0.10400000214576721;50.5;14.5;7.6875;-824.0;-94.0;648.0;324.0;-83.5;173.75;-0.66192626953125;0.29425048828125;-0.65509033203125;-0.21478271484375;0.07800000160932541;-0.29200002551078796;0.04200000315904617;-0.9740000367164612;-0.10100000351667404;-0.03200000151991844
711905.0;-0.8960000276565552;-0.39400002360343933;0.010000000707805157;50.5;14.5;7.6875;-1122.0;46.0;372.0;323.0625;-83.6875;174.0;-0.6595458984375;0.29693603515625;-0.654541015625;-0.21990966796875;0.07800000160932541;-0.29200002551078796;0.04200000315904617;-0.9740000367164612;-0.10300000756978989;-0.036000002175569534
711911.0;-0.8670000433921814;-0.36500000953674316;-0.07900000363588333;50.5;14.5;7.6875;-970.0;231.0;-197.0;322.625;-83.5625;173.9375;-0.657470703125;0.30126953125;-0.6539306640625;-0.22222900390625;0.10600000619888306;-0.26200002431869507;-0.0430000014603138;-0.9740000367164612;-0.10300000756978989;-0.036000002175569534
711921.0;-0.8690000176429749;-0.36000001430511475;-0.10400000214576721;50.375;14.5;8.5625;-444.0;429.0;-662.0;322.75;-83.0625;110.375;-0.65606689453125;0.30560302734375;-0.65380859375;-0.22076416015625;0.10400000214576721;-0.25;-0.06300000101327896;-0.9730000495910645;-0.11000000685453415;-0.04000000283122063
711931.0;-0.9280000329017639;-0.21300001442432404;-0.04000000283122063;50.375;14.5;8.5625;-144.0;515.0;-782.0;323.1875;-82.5625;111.4375;-0.65496826171875;0.30938720703125;-0.6541748046875;-0.21771240234375;0.04400000348687172;-0.0950000062584877;0.006000000052154064;-0.9720000624656677;-0.11800000816583633;-0.046000003814697266
711941.0;-0.9690000414848328;-0.04000000283122063;-0.017000000923871994;50.375;14.5;8.5625;-57.0;349.0;-551.0;323.5;-82.125;112.0;-0.654296875;0.3118896484375;-0.6544189453125;-0.2154541015625;0.0020000000949949026;0.08300000429153442;0.03200000151991844;-0.971000075340271;-0.12300000339746475;-0.05000000074505806
711951.0;-0.9650000333786011;-0.015000000596046448;-0.021000001579523087;50.375;14.5;8.5625;166.0;84.0;-209.0;323.75;-82.0;111.875;-0.65447998046875;0.3121337890625;-0.654541015625;-0.2139892578125;0.006000000052154064;0.11000000685453415;0.029000001028180122;-0.971000075340271;-0.125;-0.05000000074505806
711961.0;-0.909000039100647;-0.17100000381469727;0.07800000160932541;50.375;14.5;8.5625;442.0;-174.0;96.0;323.9375;-82.125;111.0625;-0.65570068359375;0.31005859375;-0.65460205078125;-0.21307373046875;0.06100000441074371;-0.046000003814697266;0.12600000202655792;-0.971000075340271;-0.125;-0.04800000041723251
711965.0;-0.909000039100647;-0.17100000381469727;0.07800000160932541;50.375;14.5;8.5625;442.0;-174.0;96.0;323.9375;-82.125;111.0625;-0.65570068359375;0.31005859375;-0.65460205078125;-0.21307373046875;0.06100000441074371;-0.046000003814697266;0.12600000202655792;-0.971000075340271;-0.125;-0.04800000041723251
711975.0;-0.8920000195503235;-0.13700000941753387;0.125;50.0;13.0;8.5625;591.0;-246.0;304.0;324.125;-82.3125;110.1875;-0.65716552734375;0.30670166015625;-0.6549072265625;-0.21246337890625;0.07900000363588333;-0.015000000596046448;0.17000000178813934;-0.971000075340271;-0.12200000882148743;-0.04500000178813934
711985.0;-0.9040000438690186;-0.039000000804662704;0.1300000101327896;50.0;13.0;8.5625;673.0;-175.0;307.0;324.375;-82.5625;109.5;-0.65850830078125;0.3031005859375;-0.655517578125;-0.21148681640625;0.06700000166893005;0.07900000363588333;0.1720000058412552;-0.9720000624656677;-0.11900000274181366;-0.04200000315904617
711995.0;-0.968000054359436;0.15600000321865082;0.046000003814697266;50.0;13.0;8.5625;729.0;-85.0;189.0;324.6875;-82.6875;108.9375;-0.6597900390625;0.2998046875;-0.6563720703125;-0.20977783203125;0.003000000026077032;0.27400001883506775;0.08700000494718552;-0.9720000624656677;-0.11700000613927841;-0.04000000283122063
712005.0;-0.9890000224113464;0.25200000405311584;0.0010000000474974513;50.0;13.0;8.5625;668.0;-39.0;47.0;325.0625;-82.6875;108.4375;-0.660888671875;0.2972412109375;-0.65704345703125;-0.20770263671875;-0.01600000075995922;0.3700000047683716;0.04000000283122063;-0.9720000624656677;-0.11700000613927841;-0.039000000804662704
712015.0;-1.00600004196167;0.3050000071525574;-0.04700000211596489;50.0;13.0;8.5625;431.0;-51.0;-10.0;325.375;-82.6875;107.9375;-0.66180419921875;0.29571533203125;-0.65728759765625;-0.20623779296875;-0.032999999821186066;0.4220000207424164;-0.009000000543892384;-0.9720000624656677;-0.11700000613927841;-0.03800000250339508
712018.0;-1.00600004196167;0.3050000071525574;-0.04700000211596489;50.0;13.0;8.5625;431.0;-51.0;-10.0;325.375;-82.6875;107.9375;-0.66180419921875;0.29571533203125;-0.65728759765625;-0.20623779296875;-0.032999999821186066;0.4220000207424164;-0.009000000543892384;-0.9720000624656677;-0.11700000613927841;-0.03800000250339508
712028.0;-1.00600004196167;0.3050000071525574;-0.04700000211596489;48.875;13.75;7.6875;105.0;-66.0;5.0;325.4375;-82.6875;107.5625;-0.66217041015625;0.2952880859375;-0.65716552734375;-0.20599365234375;-0.05100000277161598;0.3970000147819519;-0.058000002056360245;-0.9720000624656677;-0.11800000816583633;-0.03700000047683716
712038.0;-1.0240000486373901;0.02500000037252903;-0.1510000079870224;48.875;13.75;7.6875;-205.0;-57.0;-1.0;325.25;-82.75;107.4375;-0.66204833984375;0.29595947265625;-0.65673828125;-0.206787109375;-0.05100000277161598;0.14300000667572021;-0.11400000751018524;-0.9720000624656677;-0.11700000613927841;-0.03700000047683716
712048.0;-1.002000093460083;-0.0950000062584877;-0.14500001072883606;48.875;13.75;7.6875;-437.0;-57.0;-42.0;325.0;-82.6875;107.375;-0.66162109375;0.29754638671875;-0.656005859375;-0.208251953125;-0.030000001192092896;0.02200000174343586;-0.1080000028014183;-0.9720000624656677;-0.11800000816583633;-0.03700000047683716
712055.0;-1.002000093460083;-0.0950000062584877;-0.14500001072883606;48.875;13.75;7.6875;-508.0;-52.0;-115.0;324.75;-82.625;107.3125;-0.6611328125;0.2996826171875;-0.65509033203125;-0.20965576171875;-0.010000000707805157;-0.04400000348687172;-0.06400000303983688;-0.9720000624656677;-0.11900000274181366;-0.03700000047683716
712065.0;-0.9820000529289246;-0.16300000250339508;-0.10100000351667404;48.875;13.75;7.6875;-428.0;-20.0;-153.0;324.625;-82.5625;107.25;-0.66070556640625;0.30169677734375;-0.654296875;-0.21063232421875;0.005000000353902578;-0.06700000166893005;-0.007000000216066837;-0.9720000624656677;-0.12000000476837158;-0.03700000047683716
712075.0;-0.9670000672340393;-0.18800000846385956;-0.04400000348687172;48.875;13.75;7.6875;-428.0;-20.0;-153.0;324.5;-82.5;107.5;-0.66015625;0.30322265625;-0.6539306640625;-0.21124267578125;0.021000001579523087;0.046000003814697266;0.0560000017285347;-0.9720000624656677;-0.1210000067949295;-0.03800000250339508
712085.0;-0.9510000348091125;-0.07500000298023224;0.018000001087784767;50.0;14.5625;8.5;-305.0;46.0;-120.0;324.375;-82.4375;107.875;-0.65960693359375;0.30413818359375;-0.65386962890625;-0.2117919921875;0.020000001415610313;0.1300000101327896;0.0650000050663948;-0.9720000624656677;-0.1210000067949295;-0.039000000804662704
712091.0;-0.9510000348091125;0.00800000037997961;0.026000000536441803;50.0;14.5625;8.5;-199.0;55.0;99.0;324.1875;-82.5;108.375;-0.65899658203125;0.3045654296875;-0.654052734375;-0.21270751953125;0.01600000075995922;0.18300001323223114;0.05900000408291817;-0.9720000624656677;-0.12000000476837158;-0.04000000283122063
712101.0;-0.9550000429153442;0.06200000271201134;0.01900000125169754;50.0;14.5625;8.5;-260.0;20.0;215.0;323.875;-82.625;108.9375;-0.65826416015625;0.30474853515625;-0.6541748046875;-0.21435546875;0.004000000189989805;0.1730000078678131;0.055000003427267075;-0.9720000624656677;-0.11800000816583633;-0.04000000283122063
712111.0;-0.9670000672340393;0.055000003427267075;0.014000000432133675;50.0;14.5625;8.5;-366.0;-1.0;277.0;323.5;-82.8125;109.625;-0.6573486328125;0.3050537109375;-0.6541748046875;-0.216552734375;0.004000000189989805;0.11100000888109207;0.05000000074505806;-0.9720000624656677;-0.11500000208616257;-0.04100000113248825
712121.0;-0.968000054359436;-0.004000000189989805;0.009000000543892384;50.0;14.5625;8.5;-366.0;-1.0;277.0;323.5;-82.8125;109.625;-0.656494140625;0.30517578125;-0.65435791015625;-0.21832275390625;0.007000000216066837;0.03500000014901161;0.05300000309944153;-0.9730000495910645;-0.1120000034570694;-0.04100000113248825
712124.0;-0.968000054359436;-0.004000000189989805;0.009000000543892384;50.0;14.5625;8.5;-366.0;-1.0;277.0;323.5;-82.8125;109.625;-0.656494140625;0.30517578125;-0.65435791015625;-0.21832275390625;0.007000000216066837;0.03500000014901161;0.05300000309944153;-0.9730000495910645;-0.1120000034570694;-0.04100000113248825
712134.0;-0.9650000333786011;-0.07700000703334808;0.01100000087171793;49.6875;13.875;8.0625;-445.0;13.0;236.0;323.1875;-82.9375;110.3125;-0.656494140625;0.30517578125;-0.65435791015625;-0.21832275390625;0.01100000087171793;0.0;0.07400000095367432;-0.9730000495910645;-0.11100000888109207;-0.04200000315904617
712144.0;-0.9620000720024109;-0.11000000685453415;0.03100000135600567;49.6875;13.875;8.0625;-459.0;79.0;65.0;322.5;-83.0;111.8125;-0.654296875;0.307861328125;-0.654052734375;-0.2220458984375;-0.004000000189989805;0.00800000037997961;0.10300000756978989;-0.9730000495910645;-0.11000000685453415;-0.04400000348687172
712154.0;-0.9780000448226929;-0.10200000554323196;0.058000002056360245;49.6875;13.875;8.0625;-399.0;96.0;40.0;322.1875;-83.0;112.625;-0.65325927734375;0.3092041015625;-0.65399169921875;-0.223388671875;-0.007000000216066837;0.01900000125169754;0.10400000214576721;-0.9730000495910645;-0.10900000482797623;-0.04500000178813934
712158.0;-0.9780000448226929;-0.10200000554323196;0.058000002056360245;49.6875;13.875;8.0625;-399.0;96.0;40.0;322.1875;-83.0;112.625;-0.65325927734375;0.3092041015625;-0.65399169921875;-0.223388671875;-0.007000000216066837;0.01900000125169754;0.10400000214576721;-0.9730000495910645;-0.10900000482797623;-0.04500000178813934
712168.0;-0.9800000190734863;-0.09000000357627869;0.058000002056360245;49.6875;13.875;8.0625;-399.0;96.0;40.0;321.9375;-83.0;113.3125;-0.65240478515625;0.31024169921875;-0.65399169921875;-0.22467041015625;-0.00800000037997961;0.03700000047683716;0.11400000751018524;-0.9730000495910645;-0.1080000028014183;-0.046000003814697266
712178.0;-0.9810000658035278;-0.07100000232458115;0.06700000166893005;49.6875;13.875;8.0625;-334.0;77.0;63.0;321.9375;-83.0;113.3125;-0.65240478515625;0.31024169921875;-0.65399169921875;-0.22467041015625;-0.00800000037997961;0.03700000047683716;0.11400000751018524;-0.9730000495910645;-0.10700000822544098;-0.04700000211596489
712188.0;-0.9730000495910645;-0.04200000315904617;0.08000000566244125;49.25;13.5;9.375;-292.0;30.0;112.0;321.6875;-83.0625;113.8125;-0.65167236328125;0.31085205078125;-0.6539306640625;-0.22601318359375;0.0;0.0650000050663948;0.12800000607967377;-0.9730000495910645;-0.10500000417232513;-0.04700000211596489
712193.0;-0.9540000557899475;0.004000000189989805;0.08700000494718552;49.25;13.5;9.375;-252.0;-7.0;139.0;321.3125;-83.25;173.8125;-0.65069580078125;0.31146240234375;-0.65374755859375;-0.2283935546875;0.026000000536441803;0.09100000560283661;0.11700000613927841;-0.9730000495910645;-0.10400000214576721;-0.04700000211596489
712203.0;-0.9460000395774841;-0.012000000104308128;0.0690000057220459;49.25;13.5;9.375;-186.0;-14.0;115.0;321.1875;-83.25;173.875;-0.650390625;0.31170654296875;-0.65374755859375;-0.22894287109375;0.03100000135600567;0.07100000232458115;0.10900000482797623;-0.9730000495910645;-0.10400000214576721;-0.04800000041723251
712213.0;-0.9420000314712524;-0.03200000151991844;0.06100000441074371;49.25;13.5;9.375;-108.0;14.0;57.0;321.1875;-83.25;173.875;-0.65020751953125;0.3118896484375;-0.65380859375;-0.22906494140625;0.02800000086426735;0.05900000408291817;0.10600000619888306;-0.9730000495910645;-0.10300000756978989;-0.04800000041723251
712223.0;-0.9450000524520874;-0.04400000348687172;0.058000002056360245;49.25;13.5;9.375;-49.0;38.0;7.0;321.125;-83.25;173.875;-0.65020751953125;0.3118896484375;-0.65380859375;-0.22906494140625;0.02800000086426735;0.05900000408291817;0.10600000619888306;-0.9730000495910645;-0.10300000756978989;-0.04800000041723251
712227.0;-0.9450000524520874;-0.04400000348687172;0.058000002056360245;49.25;13.5;9.375;-49.0;38.0;7.0;321.125;-83.25;173.875;-0.65020751953125;0.3118896484375;-0.65380859375;-0.22906494140625;0.02800000086426735;0.05900000408291817;0.10600000619888306;-0.9730000495910645;-0.10300000756978989;-0.04800000041723251
712237.0;-0.9500000476837158;-0.06300000101327896;0.06100000441074371;49.6875;13.5;8.875;5.0;42.0;-19.0;321.3125;-83.25;173.875;-0.650390625;0.31109619140625;-0.65435791015625;-0.22802734375;0.023000001907348633;0.04000000283122063;0.11000000685453415;-0.9730000495910645;-0.10400000214576721;-0.049000002443790436
712247.0;-0.9620000720024109;-0.04800000041723251;0.06400000303983688;49.6875;13.5;8.875;32.0;33.0;-38.0;321.375;-83.1875;173.875;-0.650390625;0.3111572265625;-0.65447998046875;-0.22772216796875;0.0010000000474974513;0.0860000029206276;0.09200000762939453;-0.9740000367164612;-0.10300000756978989;-0.046000003814697266
712257.0;-0.9720000624656677;-0.01600000075995922;0.046000003814697266;49.6875;13.5;8.875;29.0;34.0;-48.0;321.3125;-83.375;173.9375;-0.65118408203125;0.31024169921875;-0.65386962890625;-0.22833251953125;-0.0010000000474974513;0.14800000190734863;0.07500000298023224;-0.9740000367164612;-0.10300000756978989;-0.046000003814697266
712267.0;-0.9750000238418579;0.04400000348687172;0.02800000086426735;49.6875;13.5;8.875;13.0;25.0;-34.0;321.3125;-83.3125;173.9375;-0.65118408203125;0.31024169921875;-0.65386962890625;-0.22833251953125;0.007000000216066837;0.15300001204013824;0.07100000232458115;-0.9740000367164612;-0.10300000756978989;-0.046000003814697266
712277.0;-0.9670000672340393;0.05000000074505806;0.024000000208616257;49.6875;13.5;8.875;-15.0;13.0;-27.0;321.3125;-83.3125;173.875;-0.651123046875;0.3104248046875;-0.65386962890625;-0.228271484375;0.007000000216066837;0.15300001204013824;0.07100000232458115;-0.9740000367164612;-0.10300000756978989;-0.046000003814697266
712281.0;-0.9600000381469727;0.049000002443790436;0.029000001028180122;49.25;12.75;9.375;-71.0;-1.0;11.0;321.3125;-83.3125;173.9375;-0.65106201171875;0.3104248046875;-0.6539306640625;-0.2283935546875;0.013000000268220901;0.15200001001358032;0.07600000500679016;-0.9740000367164612;-0.10300000756978989;-0.046000003814697266
712291.0;-0.956000030040741;0.049000002443790436;0.0430000014603138;49.25;12.75;9.375;-143.0;-12.0;50.0;321.1875;-83.375;173.9375;-0.65081787109375;0.31072998046875;-0.65374755859375;-0.22906494140625;0.017000000923871994;0.15200001001358032;0.09000000357627869;-0.9740000367164612;-0.10200000554323196;-0.046000003814697266
712301.0;-0.9590000510215759;0.02800000086426735;0.06700000166893005;49.25;12.75;9.375;-214.0;-9.0;69.0;321.0;-83.375;174.0;-0.650390625;0.31121826171875;-0.65362548828125;-0.23004150390625;0.014000000432133675;0.1300000101327896;0.11400000751018524;-0.9740000367164612;-0.10100000351667404;-0.04700000211596489
712311.0;-0.9700000286102295;0.03500000014901161;0.0820000022649765;49.25;12.75;9.375;-298.0;-4.0;71.0;320.75;-83.4375;174.0625;-0.64984130859375;0.31201171875;-0.65338134765625;-0.2313232421875;0.003000000026077032;0.13700000941753387;0.1300000101327896;-0.9740000367164612;-0.10000000149011612;-0.04700000211596489
712316.0;-0.9700000286102295;0.03500000014901161;0.0820000022649765;49.25;12.75;9.375;-298.0;-4.0;71.0;320.75;-83.4375;174.0625;-0.64984130859375;0.31201171875;-0.65338134765625;-0.2313232421875;0.003000000026077032;0.13700000941753387;0.1300000101327896;-0.9740000367164612;-0.10000000149011612;-0.04700000211596489
712326.0;-0.9880000352859497;0.052000001072883606;0.09400000423192978;49.25;12.75;9.375;-393.0;-10.0;62.0;320.5;-83.4375;174.125;-0.64910888671875;0.3131103515625;-0.6529541015625;-0.23291015625;-0.014000000432133675;0.15300001204013824;0.1420000046491623;-0.9740000367164612;-0.10000000149011612;-0.04700000211596489
712336.0;-1.0049999952316284;0.07900000363588333;0.1080000028014183;49.25;13.5;8.5;-493.0;-38.0;53.0;320.375;-83.5;174.125;-0.64886474609375;0.313232421875;-0.6529541015625;-0.2335205078125;-0.03100000135600567;0.17900000512599945;0.15600000321865082;-0.9740000367164612;-0.0990000069141388;-0.04700000211596489
712346.0;-1.0120000839233398;0.17600001394748688;0.14600001275539398;49.25;13.5;8.5;-597.0;-102.0;64.0;319.9375;-83.5625;174.1875;-0.64813232421875;0.31494140625;-0.6519775390625;-0.23602294921875;-0.03700000047683716;0.27400001883506775;0.19300000369548798;-0.9740000367164612;-0.09800000488758087;-0.04700000211596489
712349.0;-1.0120000839233398;0.17600001394748688;0.14600001275539398;49.25;13.5;8.5;-597.0;-102.0;64.0;319.9375;-83.5625;174.1875;-0.64813232421875;0.31494140625;-0.6519775390625;-0.23602294921875;-0.03700000047683716;0.27400001883506775;0.19300000369548798;-0.9740000367164612;-0.09800000488758087;-0.04700000211596489
712359.0;-1.0010000467300415;0.2240000069141388;0.14500001072883606;49.25;13.5;8.5;-713.0;-198.0;93.0;319.4375;-83.6875;174.25;-0.64752197265625;0.31683349609375;-0.6505126953125;-0.23907470703125;-0.026000000536441803;0.32100000977516174;0.19100001454353333;-0.9740000367164612;-0.09700000286102295;-0.046000003814697266
712369.0;-0.9910000562667847;0.2370000183582306;0.14100000262260437;49.25;13.5;8.5;-888.0;-309.0;148.0;318.75;-83.8125;174.375;-0.6468505859375;0.3189697265625;-0.64862060546875;-0.2431640625;-0.01600000075995922;0.3330000042915344;0.1850000023841858;-0.9750000238418579;-0.0950000062584877;-0.0430000014603138
712379.0;-1.0260000228881836;0.25;0.1680000126361847;49.25;13.5;8.5;-1050.0;-323.0;201.0;317.9375;-84.0;174.5625;-0.64593505859375;0.3214111328125;-0.646484375;-0.24798583984375;-0.05100000277161598;0.34300002455711365;0.20900000631809235;-0.9750000238418579;-0.09200000762939453;-0.04100000113248825
712389.0;-1.0440000295639038;0.23400001227855682;0.20500001311302185;50.6875;13.0625;8.875;-1126.0;-295.0;210.0;317.3125;-84.1875;174.6875;-0.6451416015625;0.3231201171875;-0.64483642578125;-0.2520751953125;-0.06800000369548798;0.3240000009536743;0.24500000476837158;-0.9750000238418579;-0.09000000357627869;-0.039000000804662704
712397.0;-1.0600000619888306;0.23500001430511475;0.2550000250339508;50.6875;13.0625;8.875;-1097.0;-273.0;175.0;316.5;-84.375;174.8125;-0.64398193359375;0.325927734375;-0.64276123046875;-0.2568359375;-0.08400000631809235;0.32200002670288086;0.2930000126361847;-0.9750000238418579;-0.08700000494718552;-0.03700000047683716
712407.0;-1.0700000524520874;0.25600001215934753;0.281000018119812;50.6875;13.0625;8.875;-993.0;-282.0;152.0;315.75;-84.5;174.9375;-0.64300537109375;0.328369140625;-0.64068603515625;-0.26123046875;-0.09400000423192978;0.34200000762939453;0.31700000166893005;-0.9760000705718994;-0.08500000089406967;-0.03500000014901161
712417.0;-1.0920000076293945;0.3680000305175781;0.3530000150203705;50.6875;13.0625;8.875;-826.0;-304.0;166.0;315.125;-84.6875;175.0625;-0.64239501953125;0.3302001953125;-0.6387939453125;-0.26507568359375;-0.11500000208616257;0.4520000219345093;0.38700002431869507;-0.9760000705718994;-0.08300000429153442;-0.032999999821186066
712427.0;-1.1040000915527344;0.41200003027915955;0.37300002574920654;50.6875;13.0625;8.875;-642.0;-348.0;221.0;314.5625;-84.875;175.1875;-0.64208984375;0.33111572265625;-0.6370849609375;-0.26861572265625;-0.12800000607967377;0.49400001764297485;0.40400001406669617;-0.9760000705718994;-0.08100000023841858;-0.030000001192092896
712437.0;-1.1040000915527344;0.41200003027915955;0.37300002574920654;49.6875;12.75;9.6875;-518.0;-426.0;301.0;314.1875;-85.125;175.375;-0.642578125;0.3304443359375;-0.6358642578125;-0.27130126953125;-0.13700000941753387;0.5250000357627869;0.4130000174045563;-0.9770000576972961;-0.07800000160932541;-0.026000000536441803
712447.0;-1.1140000820159912;0.44700002670288086;0.38700002431869507;49.6875;12.75;9.6875;-533.0;-526.0;382.0;313.625;-85.4375;175.625;-0.642822265625;0.3302001953125;-0.63397216796875;-0.27532958984375;-0.1510000079870224;0.5560000538825989;0.4130000174045563;-0.9770000576972961;-0.07400000095367432;-0.021000001579523087
712453.0;-1.152000069618225;0.5139999985694885;0.36900001764297485;49.6875;12.75;9.6875;-662.0;-629.0;452.0;312.875;-85.8125;175.9375;-0.64312744140625;0.33001708984375;-0.63165283203125;-0.2801513671875;-0.17400000989437103;0.5830000042915344;0.3840000033378601;-0.9780000448226929;-0.0690000057220459;-0.015000000596046448
712463.0;-1.152000069618225;0.5139999985694885;0.36900001764297485;49.6875;12.75;9.6875;-872.0;-713.0;495.0;312.0;-86.1875;176.25;-0.64324951171875;0.33026123046875;-0.6287841796875;-0.28594970703125;-0.18300001323223114;0.5710000395774841;0.37700000405311584;-0.9780000448226929;-0.06300000101327896;-0.00800000037997961
712473.0;-1.162000060081482;0.5070000290870667;0.3680000305175781;49.6875;12.75;9.6875;-1149.0;-795.0;523.0;311.0;-86.5625;176.5625;-0.64306640625;0.33123779296875;-0.625244140625;-0.29296875;-0.19200000166893005;0.5540000200271606;0.3680000305175781;-0.9780000448226929;-0.058000002056360245;-0.0010000000474974513
712483.0;-1.1710000038146973;0.49500003457069397;0.367000013589859;49.6875;12.75;9.6875;-1149.0;-795.0;523.0;309.9375;-86.875;3.0625;-0.64300537109375;0.33197021484375;-0.62158203125;-0.29998779296875;-0.20600001513957977;0.5440000295639038;0.3630000054836273;-0.9790000319480896;-0.052000001072883606;0.006000000052154064
712493.0;-1.1850000619888306;0.4910000264644623;0.3700000047683716;50.0;11.25;8.0625;-1475.0;-859.0;543.0;308.5;-87.0625;2.75;-0.6419677734375;0.3348388671875;-0.61651611328125;-0.30938720703125;-0.24900001287460327;0.5360000133514404;0.34800001978874207;-0.9790000319480896;-0.04700000211596489;0.015000000596046448
712503.0;-1.2280000448226929;0.48900002241134644;0.3630000054836273;50.0;11.25;8.0625;-2071.0;-993.0;551.0;306.9375;-87.125;2.4375;-0.64056396484375;0.33843994140625;-0.61065673828125;-0.3197021484375;-0.27000001072883606;0.5230000019073486;0.3500000238418579;-0.9790000319480896;-0.04200000315904617;0.024000000208616257
712508.0;-1.2280000448226929;0.48900002241134644;0.3630000054836273;50.0;11.25;8.0625;-2071.0;-993.0;551.0;306.9375;-87.125;2.4375;-0.64056396484375;0.33843994140625;-0.61065673828125;-0.3197021484375;-0.27000001072883606;0.5230000019073486;0.3500000238418579;-0.9790000319480896;-0.04200000315904617;0.024000000208616257
712518.0;-1.249000072479248;0.48100003600120544;0.3750000298023224;50.0;11.25;8.0625;-2317.0;-1118.0;573.0;305.1875;-87.0;2.125;-0.63897705078125;0.34246826171875;-0.60394287109375;-0.3310546875;-0.28300002217292786;0.5230000019073486;0.36500000953674316;-0.9790000319480896;-0.03700000047683716;0.03500000014901161
712528.0;-1.2620000839233398;0.48600003123283386;0.4000000059604645;50.0;11.25;8.0625;-2577.0;-1276.0;609.0;303.3125;-86.625;1.8125;-0.63726806640625;0.34698486328125;-0.59619140625;-0.3436279296875;-0.32200002670288086;0.531000018119812;0.3890000283718109;-0.9780000448226929;-0.03100000135600567;0.04700000211596489
712538.0;-1.3010001182556152;0.49900001287460327;0.4360000193119049;50.0;11.25;8.0625;-2577.0;-1276.0;609.0;303.3125;-86.625;1.8125;-0.63525390625;0.35174560546875;-0.58740234375;-0.35736083984375;-0.3460000157356262;0.5080000162124634;0.37400001287460327;-0.9780000448226929;-0.026000000536441803;0.06100000441074371
712548.0;-1.3240001201629639;0.4820000231266022;0.4350000321865082;50.6875;9.0625;8.0625;-2835.0;-1422.0;669.0;301.25;-86.0625;1.5;-0.63525390625;0.35174560546875;-0.58740234375;-0.35736083984375;-0.3580000102519989;0.4700000286102295;0.3570000231266022;-0.9770000576972961;-0.021000001579523087;0.07600000500679016
712558.0;-1.3360000848770142;0.4490000307559967;0.43400001525878906;50.6875;9.0625;8.0625;-3391.0;-1806.0;896.0;296.5625;-84.375;0.8125;-0.630126953125;0.36175537109375;-0.56634521484375;-0.38909912109375;-0.3720000088214874;0.40800002217292786;0.33800002932548523;-0.9750000238418579;-0.014000000432133675;0.09400000423192978
712563.0;-1.3480000495910645;0.39400002360343933;0.43300002813339233;50.6875;9.0625;8.0625;-3391.0;-1806.0;896.0;293.9375;-83.1875;0.4375;-0.6268310546875;0.366455078125;-0.55401611328125;-0.4072265625;-0.3890000283718109;0.3100000023841858;0.3490000069141388;-0.9730000495910645;-0.00800000037997961;0.11500000208616257
712573.0;-1.3630000352859497;0.3020000159740448;0.46400001645088196;50.6875;9.0625;8.0625;-3646.0;-2010.0;1057.0;291.1875;-81.875;0.25;-0.623046875;0.37078857421875;-0.5406494140625;-0.42669677734375;-0.40400001406669617;0.2880000174045563;0.367000013589859;-0.9700000286102295;0.0;0.13700000941753387
712583.0;-1.374000072479248;0.2880000174045563;0.5040000081062317;50.6875;9.0625;8.0625;-3851.0;-2207.0;1214.0;291.1875;-81.875;0.25;-0.623046875;0.37078857421875;-0.5406494140625;-0.42669677734375;-0.40400001406669617;0.2880000174045563;0.367000013589859;-0.9700000286102295;0.0;0.13700000941753387
712593.0;-1.3840000629425049;0.2770000100135803;0.534000039100647;51.5;6.875;4.75;-3958.0;-2411.0;1338.0;288.3125;-80.4375;-2.375;-0.61895751953125;0.37445068359375;-0.5262451171875;-0.44696044921875;-0.41700002551078796;0.27000001072883606;0.3720000088214874;-0.9670000672340393;0.006000000052154064;0.16200000047683716
712603.0;-1.3970000743865967;0.24500000476837158;0.5520000457763672;51.5;6.875;4.75;-3971.0;-2577.0;1419.0;282.625;-77.0625;-5.375;-0.61029052734375;0.379150390625;-0.49530029296875;-0.4884033203125;-0.46000000834465027;0.17600001394748688;0.3700000047683716;-0.9550000429153442;0.020000001415610313;0.21700000762939453
712613.0;-1.4160000085830688;0.19700001180171967;0.5879999995231628;51.5;6.875;4.75;-3951.0;-2736.0;1506.0;282.625;-77.0625;-5.375;-0.60565185546875;0.3797607421875;-0.4788818359375;-0.509521484375;-0.4610000252723694;0.1550000011920929;0.3570000231266022;-0.9480000734329224;0.027000000700354576;0.24800001084804535
712618.0;-1.4160000085830688;0.19700001180171967;0.5879999995231628;51.5;6.875;4.75;-3951.0;-2736.0;1506.0;282.625;-77.0625;-5.375;-0.60565185546875;0.3797607421875;-0.4788818359375;-0.509521484375;-0.4610000252723694;0.1550000011920929;0.3570000231266022;-0.9480000734329224;0.027000000700354576;0.24800001084804535
712628.0;-1.409000039100647;0.18200001120567322;0.6050000190734863;51.5;6.875;4.75;-3906.0;-2925.0;1634.0;279.8125;-75.25;-6.25;-0.60076904296875;0.379150390625;-0.46197509765625;-0.5308837890625;-0.46000000834465027;0.13300000131130219;0.3490000069141388;-0.9390000700950623;0.03400000184774399;0.2800000011920929
712638.0;-1.3990000486373901;0.1680000126361847;0.6290000081062317;51.5;6.875;4.75;-3847.0;-3095.0;1766.0;277.0625;-73.25;-6.9375;-0.60076904296875;0.379150390625;-0.46197509765625;-0.5308837890625;-0.46000000834465027;0.13300000131130219;0.3490000069141388;-0.9390000700950623;0.03400000184774399;0.2800000011920929
712648.0;-1.4040000438690186;0.14900000393390656;0.6760000586509705;52.1875;3.0625;-0.875;-3748.0;-3228.0;1855.0;274.3125;-71.1875;-7.375;-0.59576416015625;0.3773193359375;-0.44476318359375;-0.55218505859375;-0.47600001096725464;0.1080000028014183;0.3630000054836273;-0.9280000329017639;0.04000000283122063;0.31300002336502075
712658.0;-1.408000111579895;0.15700000524520874;0.6950000524520874;52.1875;3.0625;-0.875;-3599.0;-3315.0;1889.0;271.6875;-69.0;-7.625;-0.58563232421875;0.37042236328125;-0.41015625;-0.59295654296875;-0.5049999952316284;0.10900000482797623;0.320000022649765;-0.9010000228881836;0.05100000277161598;0.38100001215934753
712668.0;-1.4070000648498535;0.16100001335144043;0.7020000219345093;52.1875;3.0625;-0.875;-3409.0;-3383.0;1863.0;269.25;-66.875;-7.625;-0.58563232421875;0.37042236328125;-0.41015625;-0.59295654296875;-0.5170000195503235;0.09800000488758087;0.30000001192092896;-0.8860000371932983;0.05400000140070915;0.41600000858306885
712671.0;-1.4030001163482666;0.15300001204013824;0.7160000205039978;52.1875;3.0625;-0.875;-3225.0;-3461.0;1800.0;267.0;-64.625;-7.5;-0.58099365234375;0.36553955078125;-0.3927001953125;-0.61199951171875;-0.5160000324249268;0.04400000348687172;0.29200002551078796;-0.8690000176429749;0.0560000017285347;0.45000001788139343
712681.0;-1.3850001096725464;0.10100000351667404;0.7420000433921814;52.1875;3.0625;-0.875;-3060.0;-3528.0;1722.0;264.875;-62.375;-7.1875;-0.57666015625;0.35986328125;-0.37518310546875;-0.6302490234375;-0.5160000324249268;0.04400000348687172;0.29200002551078796;-0.8690000176429749;0.0560000017285347;0.45000001788139343
712691.0;-1.3750001192092896;0.08100000023841858;0.7490000128746033;51.5;-1.75;-8.75;-2915.0;-3599.0;1644.0;262.9375;-60.125;-6.6875;-0.57257080078125;0.35333251953125;-0.3575439453125;-0.64764404296875;-0.5250000357627869;0.024000000208616257;0.2639999985694885;-0.8500000238418579;0.05700000375509262;0.48500001430511475
712701.0;-1.3550000190734863;0.07600000500679016;0.7590000629425049;51.5;-1.75;-8.75;-2748.0;-3685.0;1564.0;261.125;-57.75;-6.1875;-0.56884765625;0.34600830078125;-0.33984375;-0.66424560546875;-0.5250000357627869;0.01900000125169754;0.23900000751018524;-0.8290000557899475;0.0560000017285347;0.5190000534057617
712711.0;-1.3320000171661377;0.0820000022649765;0.7680000066757202;51.5;-1.75;-8.75;-2550.0;-3766.0;1484.0;259.5;-55.4375;-5.625;-0.56561279296875;0.33770751953125;-0.32220458984375;-0.679931640625;-0.5240000486373901;0.027000000700354576;0.2150000035762787;-0.7830000519752502;0.05300000309944153;0.5860000252723694
712714.0;-1.3320000171661377;0.0820000022649765;0.7680000066757202;51.5;-1.75;-8.75;-2550.0;-3766.0;1484.0;259.5;-55.4375;-5.625;-0.56561279296875;0.33770751953125;-0.32220458984375;-0.679931640625;-0.5240000486373901;0.027000000700354576;0.2150000035762787;-0.7830000519752502;0.05300000309944153;0.5860000252723694
712724.0;-1.2970000505447388;0.10000000149011612;0.7870000600814819;51.5;-1.75;-8.75;-2339.0;-3814.0;1442.0;257.9375;-53.0625;-5.125;-0.56256103515625;0.32843017578125;-0.30487060546875;-0.69476318359375;-0.5130000114440918;0.046000003814697266;0.20000000298023224;-0.7830000519752502;0.05300000309944153;0.5860000252723694
712734.0;-1.2820000648498535;0.10500000417232513;0.8160000443458557;51.5;-1.75;-8.75;-2135.0;-3852.0;1440.0;256.5625;-50.625;-4.6875;-0.5595703125;0.3182373046875;-0.28802490234375;-0.708984375;-0.5230000019073486;0.05400000140070915;0.19700001180171967;-0.7580000162124634;0.05100000277161598;0.6190000176429749
712744.0;-1.2740000486373901;0.08800000697374344;0.8200000524520874;47.375;-5.0625;-18.6875;-1978.0;-3861.0;1472.0;255.1875;-48.25;-4.3125;-0.55645751953125;0.3072509765625;-0.2716064453125;-0.72259521484375;-0.5420000553131104;0.03800000250339508;0.16900001466274261;-0.7310000061988831;0.049000002443790436;0.6500000357627869
712754.0;-1.2680000066757202;0.05900000408291817;0.8170000314712524;47.375;-5.0625;-18.6875;-1880.0;-3857.0;1488.0;253.8125;-45.875;-3.9375;-0.5531005859375;0.2958984375;-0.25543212890625;-0.7357177734375;-0.5640000104904175;0.01100000087171793;0.13600000739097595;-0.7040000557899475;0.04700000211596489;0.6810000538825989
712764.0;-1.2190001010894775;0.04800000041723251;0.8350000381469727;47.375;-5.0625;-18.6875;-1791.0;-3872.0;1481.0;252.5625;-43.4375;-3.625;-0.54962158203125;0.28399658203125;-0.23944091796875;-0.748291015625;-0.5440000295639038;0.003000000026077032;0.125;-0.6740000247955322;0.04500000178813934;0.7100000381469727
712767.0;-1.2190001010894775;0.04800000041723251;0.8350000381469727;47.375;-5.0625;-18.6875;-1791.0;-3872.0;1481.0;252.5625;-43.4375;-3.625;-0.54962158203125;0.28399658203125;-0.23944091796875;-0.748291015625;-0.5440000295639038;0.003000000026077032;0.125;-0.6740000247955322;0.04500000178813934;0.7100000381469727
712777.0;-1.1800000667572021;0.06100000441074371;0.8440000414848328;47.375;-5.0625;-18.6875;-1676.0;-3895.0;1467.0;251.375;-41.0625;-3.25;-0.54608154296875;0.27154541015625;-0.2236328125;-0.76031494140625;-0.5350000262260437;0.018000001087784767;0.10600000619888306;-0.6440000534057617;0.04200000315904617;0.737000048160553
712787.0;-1.1400001049041748;0.06400000303983688;0.8580000400543213;47.375;-5.0625;-18.6875;-1520.0;-3880.0;1467.0;250.1875;-38.6875;-3.0;-0.54248046875;0.258544921875;-0.2083740234375;-0.77166748046875;-0.5270000100135803;0.024000000208616257;0.09300000220537186;-0.612000048160553;0.04000000283122063;0.7640000581741333
712797.0;-1.0890001058578491;0.08000000566244125;0.9390000700950623;42.5625;-5.75;-26.375;-1360.0;-3861.0;1510.0;249.0625;-36.25;-2.75;-0.53857421875;0.2449951171875;-0.19378662109375;-0.78253173828125;-0.5080000162124634;0.04100000113248825;0.14900000393390656;-0.5800000429153442;0.03800000250339508;0.7890000343322754
712807.0;-1.062000036239624;0.07800000160932541;0.9360000491142273;42.5625;-5.75;-26.375;-1232.0;-3845.0;1546.0;247.9375;-33.9375;-2.625;-0.53436279296875;0.23095703125;-0.17974853515625;-0.79296875;-0.51500004529953;0.04100000113248825;0.12300000339746475;-0.5470000505447388;0.03700000047683716;0.812000036239624
712817.0;-1.040000081062317;0.06599999964237213;0.9110000729560852;42.5625;-5.75;-26.375;-1093.0;-3828.0;1554.0;246.8125;-31.5625;-2.5;-0.530029296875;0.21649169921875;-0.16619873046875;-0.8028564453125;-0.5260000228881836;0.029000001028180122;0.07700000703334808;-0.5130000114440918;0.036000002175569534;0.8340000510215759
712826.0;-1.0190000534057617;0.05300000309944153;0.859000027179718;42.5625;-5.75;-26.375;-935.0;-3814.0;1522.0;245.8125;-29.1875;-2.375;-0.52569580078125;0.2015380859375;-0.15325927734375;-0.8121337890625;-0.5400000214576721;0.017000000923871994;0.004000000189989805;-0.4790000319480896;0.036000002175569534;0.8540000319480896
712836.0;-0.9330000281333923;0.06800000369548798;0.8360000252723694;42.5625;-5.75;-26.375;-741.0;-3808.0;1457.0;244.875;-26.875;-2.375;-0.5216064453125;0.18603515625;-0.14105224609375;-0.82061767578125;-0.48900002241134644;0.03100000135600567;-0.03700000047683716;-0.44300001859664917;0.036000002175569534;0.8730000257492065
712846.0;-0.878000020980835;0.07800000160932541;0.8680000305175781;34.0625;-5.0625;-33.875;-550.0;-3807.0;1433.0;243.9375;-24.5625;-2.4375;-0.517578125;0.16998291015625;-0.1295166015625;-0.8284912109375;-0.4700000286102295;0.04000000283122063;-0.02200000174343586;-0.40700000524520874;0.03700000047683716;0.8910000324249268
712856.0;-0.831000030040741;0.08700000494718552;0.8840000629425049;34.0625;-5.0625;-33.875;-426.0;-3820.0;1441.0;243.0625;-22.1875;-2.5;-0.51336669921875;0.15338134765625;-0.1185302734375;-0.83599853515625;-0.46000000834465027;0.04700000211596489;-0.02200000174343586;-0.3700000047683716;0.039000000804662704;0.906000018119812
712866.0;-0.831000030040741;0.08700000494718552;0.8840000629425049;34.0625;-5.0625;-33.875;-389.0;-3841.0;1412.0;242.25;-19.8125;-2.5625;-0.5091552734375;0.1365966796875;-0.10748291015625;-0.84295654296875;-0.4690000116825104;0.06200000271201134;-0.03700000047683716;-0.3330000042915344;0.04100000113248825;0.921000063419342
712872.0;-0.8020000457763672;0.10300000756978989;0.8840000629425049;34.0625;-5.0625;-33.875;-432.0;-3866.0;1319.0;241.4375;-17.4375;-2.5;-0.5050048828125;0.1197509765625;-0.09613037109375;-0.849365234375;-0.46400001645088196;0.08900000154972076;-0.04700000211596489;-0.2939999997615814;0.04100000113248825;0.9340000152587891
712882.0;-0.7590000629425049;0.1300000101327896;0.8870000243186951;34.0625;-5.0625;-33.875;-540.0;-3885.0;1218.0;240.6875;-15.0625;-2.375;-0.50103759765625;0.1031494140625;-0.08404541015625;-0.8551025390625;-0.4710000157356262;0.0820000022649765;-0.05400000140070915;-0.2550000250339508;0.039000000804662704;0.9450000524520874
712892.0;-0.7270000576972961;0.12200000882148743;0.8910000324249268;34.0625;-5.0625;-33.875;-540.0;-3885.0;1218.0;240.0;-12.6875;-2.125;-0.49700927734375;0.0869140625;-0.07122802734375;-0.86041259765625;-0.4750000238418579;0.06300000101327896;-0.06700000166893005;-0.2160000056028366;0.03500000014901161;0.9550000429153442
712902.0;-0.6910000443458557;0.09800000488758087;0.8880000710487366;24.375;-6.5;-41.375;-701.0;-3893.0;1165.0;239.25;-10.3125;-1.6875;-0.49273681640625;0.071044921875;-0.05755615234375;-0.8653564453125;-0.4360000193119049;0.03800000250339508;-0.10100000351667404;-0.17600001394748688;0.029000001028180122;0.9640000462532043
712912.0;-0.612000048160553;0.06700000166893005;0.862000048160553;24.375;-6.5;-41.375;-1009.0;-3895.0;1147.0;238.5625;-7.9375;-1.1875;-0.4881591796875;0.05548095703125;-0.043212890625;-0.86993408203125;-0.4400000274181366;0.030000001192092896;-0.11600000411272049;-0.13600000739097595;0.020000001415610313;0.9700000286102295
712922.0;-0.5760000348091125;0.05000000074505806;0.8540000319480896;24.375;-6.5;-41.375;-1071.0;-3886.0;1146.0;237.875;-5.5625;-0.625;-0.48333740234375;0.0401611328125;-0.02862548828125;-0.8740234375;-0.4520000219345093;0.01900000125169754;-0.13199999928474426;-0.0950000062584877;0.01100000087171793;0.9750000238418579
712927.0;-0.5760000348091125;0.05000000074505806;0.8540000319480896;24.375;-6.5;-41.375;-1071.0;-3886.0;1146.0;237.875;-5.5625;-0.625;-0.48333740234375;0.0401611328125;-0.02862548828125;-0.8740234375;-0.4520000219345093;0.01900000125169754;-0.13199999928474426;-0.0950000062584877;0.01100000087171793;0.9750000238418579
712937.0;-0.5480000376701355;0.030000001192092896;0.843000054359436;24.375;-6.5;-41.375;-1076.0;-3861.0;1163.0;237.125;-3.25;0.0;-0.47821044921875;0.02490234375;-0.0140380859375;-0.87774658203125;-0.47200003266334534;0.004000000189989805;-0.1680000126361847;-0.0560000017285347;0.0;0.9790000319480896
712947.0;-0.527999997138977;0.005000000353902578;0.8100000619888306;24.375;-6.5;-41.375;-1076.0;-3861.0;1163.0;237.125;-3.25;0.0;-0.47283935546875;0.00958251953125;0.0001220703125;-0.881103515625;-0.45900002121925354;-0.03400000184774399;-0.20000000298023224;-0.01600000075995922;-0.009000000543892384;0.9800000190734863
712957.0;-0.4750000238418579;-0.04400000348687172;0.7800000309944153;16.25;-6.1875;-45.5625;-1001.0;-3826.0;1167.0;236.4375;-0.9375;0.5;-0.47283935546875;0.00958251953125;0.0001220703125;-0.881103515625;-0.445000022649765;-0.04000000283122063;-0.22100001573562622;0.02200000174343586;-0.017000000923871994;0.9800000190734863
712967.0;-0.4220000207424164;-0.058000002056360245;0.7580000162124634;16.25;-6.1875;-45.5625;-848.0;-3789.0;1174.0;234.9375;3.5625;1.4375;-0.46124267578125;-0.021728515625;0.02569580078125;-0.88665771484375;-0.4300000071525574;-0.032999999821186066;-0.242000013589859;0.06100000441074371;-0.024000000208616257;0.9780000448226929
712977.0;-0.36900001764297485;-0.058000002056360245;0.7360000610351562;16.25;-6.1875;-45.5625;-634.0;-3748.0;1214.0;234.125;5.75;1.75;-0.45465087890625;-0.0379638671875;0.03668212890625;-0.88909912109375;-0.41700002551078796;-0.017000000923871994;-0.23100000619888306;0.09800000488758087;-0.030000001192092896;0.9750000238418579
712984.0;-0.31800001859664917;-0.04700000211596489;0.7440000176429749;16.25;-6.1875;-45.5625;-393.0;-3709.0;1290.0;233.3125;7.9375;1.9375;-0.447509765625;-0.054443359375;0.046630859375;-0.89141845703125;-0.38100001215934753;0.0430000014603138;-0.2110000103712082;0.13600000739097595;-0.032999999821186066;0.9700000286102295
712994.0;-0.24400001764297485;0.010000000707805157;0.7590000629425049;16.25;-6.1875;-45.5625;-181.0;-3666.0;1352.0;233.3125;7.9375;1.9375;-0.447509765625;-0.054443359375;0.046630859375;-0.89141845703125;-0.38100001215934753;0.0430000014603138;-0.2110000103712082;0.13600000739097595;-0.032999999821186066;0.9700000286102295
713004.0;-0.2110000103712082;0.024000000208616257;0.7600000500679016;6.25;-5.0625;-48.0625;-63.0;-3609.0;1358.0;232.4375;10.125;2.125;-0.440185546875;-0.0709228515625;0.0557861328125;-0.89337158203125;-0.3840000033378601;0.06100000441074371;-0.20400001108646393;0.1720000058412552;-0.036000002175569534;0.9640000462532043
713014.0;-0.16500000655651093;0.014000000432133675;0.7500000596046448;6.25;-5.0625;-48.0625;-63.0;-3577.0;1346.0;231.5625;12.25;2.375;-0.4251708984375;-0.10321044921875;0.074462890625;-0.8961181640625;-0.35600000619888306;0.03800000250339508;-0.1850000023841858;0.24300001561641693;-0.04400000348687172;0.9480000734329224
713024.0;-0.11300000548362732;-0.006000000052154064;0.7630000114440918;6.25;-5.0625;-48.0625;-174.0;-3560.0;1331.0;230.75;14.375;2.6875;-0.41766357421875;-0.11883544921875;0.08489990234375;-0.89678955078125;-0.3750000298023224;0.07300000637769699;-0.28600001335144043;0.27800002694129944;-0.05100000277161598;0.9380000233650208
713031.0;-0.09600000083446503;0.021000001579523087;0.6520000100135803;6.25;-5.0625;-48.0625;-351.0;-3590.0;1317.0;229.9375;16.5;3.125;-0.41058349609375;-0.1339111328125;0.095947265625;-0.8968505859375;-0.39400002360343933;0.07600000500679016;-0.29500001668930054;0.31200000643730164;-0.06000000238418579;0.9270000457763672
713041.0;-0.0820000022649765;0.015000000596046448;0.6310000419616699;6.25;-5.0625;-48.0625;-523.0;-3541.0;1208.0;229.1875;18.5625;3.75;-0.41058349609375;-0.1339111328125;0.095947265625;-0.8968505859375;-0.39400002360343933;0.07600000500679016;-0.29500001668930054;0.31200000643730164;-0.06000000238418579;0.9270000457763672
713051.0;-0.039000000804662704;-0.0020000000949949026;0.6150000095367432;-1.5;-4.6875;-48.5;-683.0;-3441.0;982.0;228.5625;20.625;4.375;-0.40460205078125;-0.148193359375;0.1072998046875;-0.89599609375;-0.3850000202655792;0.06800000369548798;-0.2990000247955322;0.3450000286102295;-0.07000000029802322;0.9150000214576721
713061.0;0.03200000151991844;-0.0430000014603138;0.6180000305175781;-1.5;-4.6875;-48.5;-683.0;-3441.0;982.0;228.0;22.625;5.125;-0.3984375;-0.16241455078125;0.11859130859375;-0.89483642578125;-0.3440000116825104;0.02800000086426735;-0.27000001072883606;0.40800002217292786;-0.09200000762939453;0.8860000371932983
713071.0;0.06400000303983688;-0.06300000101327896;0.6150000095367432;-1.5;-4.6875;-48.5;-711.0;-3396.0;985.0;227.375;24.625;5.875;-0.3922119140625;-0.17633056640625;0.12994384765625;-0.8934326171875;-0.33900001645088196;0.01600000075995922;-0.2590000033378601;0.43800002336502075;-0.10300000756978989;0.8700000643730164
713081.0;0.0990000069141388;-0.08700000494718552;0.6110000014305115;-1.5;-4.6875;-48.5;-707.0;-3328.0;1021.0;226.75;26.5625;6.75;-0.38568115234375;-0.1898193359375;0.14111328125;-0.89178466796875;-0.33900001645088196;0.012000000104308128;-0.24500000476837158;0.46700000762939453;-0.11400000751018524;0.8540000319480896
713086.0;0.0990000069141388;-0.08700000494718552;0.6110000014305115;-1.5;-4.6875;-48.5;-707.0;-3328.0;1021.0;226.75;26.5625;6.75;-0.38568115234375;-0.1898193359375;0.14111328125;-0.89178466796875;-0.33900001645088196;0.012000000104308128;-0.24500000476837158;0.46700000762939453;-0.11400000751018524;0.8540000319480896
713096.0;0.12800000607967377;-0.10200000554323196;0.609000027179718;-1.5;-4.6875;-48.5;-707.0;-3328.0;1021.0;226.125;28.4375;7.625;-0.3790283203125;-0.2032470703125;0.1522216796875;-0.88983154296875;-0.33900001645088196;0.012000000104308128;-0.24500000476837158;0.46700000762939453;-0.11400000751018524;0.8540000319480896
713106.0;0.16700001060962677;-0.11000000685453415;0.6210000514984131;-13.0625;-3.25;-47.1875;-763.0;-3316.0;1137.0;225.4375;30.375;8.625;-0.371826171875;-0.21636962890625;0.16363525390625;-0.8878173828125;-0.328000009059906;0.01600000075995922;-0.2150000035762787;0.4960000216960907;-0.12700000405311584;0.8360000252723694
713116.0;0.17000000178813934;-0.11600000411272049;0.6070000529289246;-13.0625;-3.25;-47.1875;-901.0;-3321.0;1216.0;224.6875;32.25;9.8125;-0.36419677734375;-0.22906494140625;0.17572021484375;-0.88543701171875;-0.35200002789497375;0.024000000208616257;-0.20900000631809235;0.5490000247955322;-0.15800000727176666;0.796000063419342
713126.0;0.1900000125169754;-0.13600000739097595;0.5670000314712524;-13.0625;-3.25;-47.1875;-1105.0;-3351.0;1265.0;223.9375;34.0625;11.1875;-0.3564453125;-0.24139404296875;0.1888427734375;-0.88262939453125;-0.359000027179718;0.02200000174343586;-0.22800001502037048;0.5750000476837158;-0.1770000010728836;0.7730000615119934
713136.0;0.20100000500679016;-0.1550000011920929;0.5400000214576721;-13.0625;-3.25;-47.1875;-1354.0;-3396.0;1299.0;223.25;35.9375;12.875;-0.3486328125;-0.2532958984375;0.203125;-0.87921142578125;-0.37400001287460327;0.021000001579523087;-0.2330000102519989;0.5750000476837158;-0.1770000010728836;0.7730000615119934
713141.0;0.22100001573562622;-0.18200001120567322;0.4520000219345093;-13.0625;-3.25;-47.1875;-1572.0;-3437.0;1350.0;222.5;37.75;14.75;-0.3406982421875;-0.264892578125;0.218505859375;-0.875244140625;-0.37800002098083496;0.015000000596046448;-0.2970000207424164;0.6000000238418579;-0.1980000138282776;0.7490000128746033
713151.0;0.22100001573562622;-0.1770000010728836;0.42500001192092896;-20.875;-1.0;-43.5625;-1734.0;-3507.0;1378.0;221.8125;39.5625;16.9375;-0.3326416015625;-0.27630615234375;0.23468017578125;-0.87060546875;-0.4020000100135803;0.04200000315904617;-0.2970000207424164;0.6240000128746033;-0.2200000137090683;0.7220000624656677
713161.0;0.21400001645088196;-0.17000000178813934;0.4050000309944153;-20.875;-1.0;-43.5625;-1817.0;-3572.0;1410.0;221.0625;41.3125;19.3125;-0.32427978515625;-0.2877197265625;0.2513427734375;-0.8653564453125;-0.43300002813339233;0.07300000637769699;-0.289000004529953;0.6480000019073486;-0.24300001561641693;0.6940000057220459
713171.0;0.2160000056028366;-0.17800000309944153;0.37800002098083496;-20.875;-1.0;-43.5625;-1773.0;-3669.0;1457.0;220.25;43.125;21.8125;-0.31536865234375;-0.2994384765625;0.26788330078125;-0.8597412109375;-0.4540000259876251;0.08700000494718552;-0.2850000262260437;0.6700000166893005;-0.26600000262260437;0.6640000343322754
713181.0;0.21400001645088196;-0.19600000977516174;0.3630000054836273;-20.875;-1.0;-43.5625;-1611.0;-3757.0;1545.0;219.375;44.8125;24.5;-0.3055419921875;-0.3115234375;0.2838134765625;-0.8538818359375;-0.47600001096725464;0.09200000762939453;-0.26900002360343933;0.6910000443458557;-0.2880000174045563;0.6320000290870667
713182.0;0.21400001645088196;-0.19600000977516174;0.3630000054836273;-20.875;-1.0;-43.5625;-1611.0;-3757.0;1545.0;219.375;44.8125;24.5;-0.3055419921875;-0.3115234375;0.2838134765625;-0.8538818359375;-0.47600001096725464;0.09200000762939453;-0.26900002360343933;0.6910000443458557;-0.2880000174045563;0.6320000290870667
713192.0;0.20200000703334808;-0.22200001776218414;0.3450000286102295;-20.875;-1.0;-43.5625;-1335.0;-3837.0;1688.0;218.25;46.5;27.3125;-0.2943115234375;-0.32403564453125;0.2987060546875;-0.8480224609375;-0.5090000033378601;0.08700000494718552;-0.25300002098083496;0.7110000252723694;-0.30900001525878906;0.5990000367164612
713202.0;0.22100001573562622;-0.27300000190734863;0.30300000309944153;-28.0;3.75;-40.25;-962.0;-3947.0;1812.0;216.9375;48.0625;30.125;-0.28155517578125;-0.3372802734375;0.3121337890625;-0.84234619140625;-0.5080000162124634;0.0560000017285347;-0.26200002431869507;0.7290000319480896;-0.3290000259876251;0.5660000443458557
713212.0;0.22600001096725464;-0.33100003004074097;0.1900000125169754;-28.0;3.75;-40.25;-507.0;-4092.0;1704.0;215.5;49.625;32.9375;-0.26800537109375;-0.351806640625;0.32342529296875;-0.8365478515625;-0.5200000405311584;0.013000000268220901;-0.34200000762939453;0.7470000386238098;-0.3450000286102295;0.5320000052452087
713222.0;0.20100000500679016;-0.31700000166893005;0.10400000214576721;-28.0;3.75;-40.25;-21.0;-4203.0;1650.0;213.9375;51.125;35.6875;-0.2535400390625;-0.367431640625;0.33245849609375;-0.830810546875;-0.562000036239624;0.04100000113248825;-0.39400002360343933;0.7640000581741333;-0.359000027179718;0.49900001287460327
713232.0;0.15000000596046448;-0.289000004529953;0.03400000184774399;-28.0;3.75;-40.25;272.0;-4201.0;1970.0;212.0;52.4375;38.6875;-0.2369384765625;-0.38262939453125;0.340576171875;-0.82550048828125;-0.6270000338554382;0.08300000429153442;-0.4310000240802765;0.7770000100135803;-0.37300002574920654;0.4650000333786011
713241.0;0.398000031709671;-0.25;-0.05300000309944153;-28.0;3.75;-40.25;148.0;-4046.0;2260.0;209.9375;53.4375;42.0625;-0.21942138671875;-0.396240234375;0.3494873046875;-0.8201904296875;-0.3890000283718109;0.14100000262260437;-0.48600003123283386;0.7870000600814819;-0.39100003242492676;0.43300002813339233
713251.0;0.5330000519752502;-0.3570000231266022;0.0;-35.0;9.6875;-35.1875;-26.0;-3908.0;1842.0;208.125;54.375;45.4375;-0.2042236328125;-0.40966796875;0.35784912109375;-0.8138427734375;-0.2630000114440918;0.049000002443790436;-0.4010000228881836;0.7970000505447388;-0.40700000524520874;0.4000000059604645
713261.0;0.5330000519752502;-0.3570000231266022;0.0;-35.0;9.6875;-35.1875;-272.0;-3647.0;1697.0;206.5625;55.125;48.875;-0.19061279296875;-0.4217529296875;0.3665771484375;-0.80712890625;-0.328000009059906;-0.0020000000949949026;-0.33100003004074097;0.8040000200271606;-0.4220000207424164;0.3680000305175781
713271.0;0.4750000238418579;-0.4240000247955322;0.036000002175569534;-35.0;9.6875;-35.1875;-381.0;-3472.0;1642.0;205.0;55.6875;52.375;-0.17767333984375;-0.432861328125;0.375244140625;-0.80010986328125;-0.36000001430511475;-0.04000000283122063;-0.28600001335144043;0.8100000619888306;-0.43800002336502075;0.3360000252723694
713281.0;0.4490000307559967;-0.4780000150203705;0.05000000074505806;-35.0;9.6875;-35.1875;-388.0;-3383.0;1485.0;203.5625;56.125;55.875;-0.16558837890625;-0.44378662109375;0.3834228515625;-0.7928466796875;-0.3150000274181366;-0.049000002443790436;-0.27000001072883606;0.8140000104904175;-0.4520000219345093;0.3060000240802765
713289.0;0.4490000307559967;-0.4780000150203705;0.05000000074505806;-35.0;9.6875;-35.1875;-388.0;-3383.0;1485.0;203.5625;56.125;55.875;-0.16558837890625;-0.44378662109375;0.3834228515625;-0.7928466796875;-0.3150000274181366;-0.049000002443790436;-0.27000001072883606;0.8140000104904175;-0.4520000219345093;0.3060000240802765
713299.0;0.49800002574920654;-0.5010000467300415;0.03500000014901161;-35.0;9.6875;-35.1875;-320.0;-3257.0;1347.0;202.1875;56.5;59.1875;-0.154052734375;-0.454345703125;0.39068603515625;-0.78564453125;-0.31200000643730164;-0.024000000208616257;-0.2980000078678131;0.8180000185966492;-0.46400001645088196;0.2760000228881836
713309.0;0.5049999952316284;-0.48900002241134644;-0.02200000174343586;-35.0;9.6875;-35.1875;-201.0;-3158.0;1252.0;200.75;56.75;62.4375;-0.142822265625;-0.464599609375;0.39703369140625;-0.778564453125;-0.3240000009536743;-0.01100000087171793;-0.3100000023841858;0.8200000524520874;-0.47600001096725464;0.24800001084804535
713319.0;0.4960000216960907;-0.4870000183582306;-0.06200000271201134;-40.5;14.875;-27.0;-201.0;-3158.0;1252.0;199.3125;56.9375;65.5625;-0.13165283203125;-0.47479248046875;0.40252685546875;-0.77154541015625;-0.3360000252723694;-0.004000000189989805;-0.3290000259876251;0.8220000267028809;-0.48600003123283386;0.2200000137090683
713329.0;0.48500001430511475;-0.49000000953674316;-0.1080000028014183;-40.5;14.875;-27.0;8.0;-3078.0;1166.0;197.875;57.0625;68.625;-0.120361328125;-0.4847412109375;0.40753173828125;-0.7645263671875;-0.3880000114440918;0.009000000543892384;-0.36100003123283386;0.8230000138282776;-0.4960000216960907;0.1940000057220459
713335.0;0.43400001525878906;-0.4870000183582306;-0.16700001060962677;-40.5;14.875;-27.0;76.0;-3089.0;1184.0;196.3125;57.0;71.6875;-0.10870361328125;-0.49462890625;0.41217041015625;-0.75738525390625;-0.43300002813339233;0.012000000104308128;-0.3370000123977661;0.8220000267028809;-0.5060000419616699;0.16700001060962677
713345.0;0.3890000283718109;-0.49400001764297485;-0.16900001466274261;-40.5;14.875;-27.0;128.0;-3130.0;1218.0;194.625;56.8125;74.6875;-0.0966796875;-0.5045166015625;0.41656494140625;-0.75006103515625;-0.4870000183582306;0.02200000174343586;-0.3150000274181366;0.8210000395774841;-0.5170000195503235;0.14100000262260437
713355.0;0.3330000042915344;-0.49500003457069397;-0.17400000989437103;-40.5;14.875;-27.0;128.0;-3130.0;1218.0;194.625;56.8125;74.6875;-0.0966796875;-0.5045166015625;0.41656494140625;-0.75006103515625;-0.5200000405311584;0.014000000432133675;-0.3020000159740448;0.8180000185966492;-0.5270000100135803;0.11400000751018524
713365.0;0.2980000078678131;-0.5130000114440918;-0.18800000846385956;-43.75;17.1875;-21.25;168.0;-3205.0;1269.0;192.875;56.5625;77.75;-0.0841064453125;-0.514404296875;0.42083740234375;-0.742431640625;-0.5190000534057617;-0.006000000052154064;-0.3110000193119049;0.8140000104904175;-0.5390000343322754;0.08700000494718552
713375.0;0.2939999997615814;-0.5450000166893005;-0.2240000069141388;-43.75;17.1875;-21.25;178.0;-3270.0;1314.0;189.125;55.5625;83.8125;-0.05816650390625;-0.53399658203125;0.42950439453125;-0.72589111328125;-0.5160000324249268;-0.00800000037997961;-0.33000001311302185;0.8090000152587891;-0.550000011920929;0.05900000408291817
713385.0;0.29200002551078796;-0.5580000281333923;-0.27000001072883606;-43.75;17.1875;-21.25;123.0;-3304.0;1356.0;187.1875;54.9375;86.75;-0.0452880859375;-0.54351806640625;0.43414306640625;-0.71697998046875;-0.484000027179718;-0.02800000086426735;-0.3660000264644623;0.8020000457763672;-0.562000036239624;0.03100000135600567
713388.0;0.29200002551078796;-0.5580000281333923;-0.27000001072883606;-43.75;17.1875;-21.25;123.0;-3304.0;1356.0;187.1875;54.9375;86.75;-0.0452880859375;-0.54351806640625;0.43414306640625;-0.71697998046875;-0.484000027179718;-0.02800000086426735;-0.3660000264644623;0.8020000457763672;-0.562000036239624;0.03100000135600567
713398.0;0.31800001859664917;-0.5900000333786011;-0.33400002121925354;-43.75;17.1875;-21.25;44.0;-3308.0;1373.0;185.25;54.125;89.5625;-0.03271484375;-0.552490234375;0.43896484375;-0.707763671875;-0.42500001192092896;-0.05900000408291817;-0.38100001215934753;0.7950000166893005;-0.5730000138282776;0.003000000026077032
713408.0;0.36900001764297485;-0.6330000162124634;-0.37700000405311584;-43.75;17.1875;-21.25;-40.0;-3248.0;1383.0;185.25;54.125;89.5625;-0.03271484375;-0.552490234375;0.43896484375;-0.707763671875;-0.42500001192092896;-0.05900000408291817;-0.38100001215934753;0.7950000166893005;-0.5730000138282776;0.003000000026077032
713418.0;0.40300002694129944;-0.6690000295639038;-0.453000009059906;-44.875;20.1875;-13.875;-97.0;-3122.0;1388.0;183.3125;53.25;92.1875;-0.02056884765625;-0.56085205078125;0.44384765625;-0.69854736328125;-0.38200002908706665;-0.08400000631809235;-0.4310000240802765;0.7860000133514404;-0.5850000381469727;-0.02200000174343586
713428.0;0.42500001192092896;-0.6970000267028809;-0.5100000500679016;-44.875;20.1875;-13.875;-109.0;-2962.0;1337.0;181.5;52.375;94.5625;0.00189208984375;-0.57562255859375;0.45269775390625;-0.68096923828125;-0.31700000166893005;-0.1120000034570694;-0.47700002789497375;0.7670000195503235;-0.6060000061988831;-0.07100000232458115
713436.0;0.4490000307559967;-0.718000054359436;-0.5480000376701355;-44.875;20.1875;-13.875;-91.0;-2786.0;1263.0;179.625;51.4375;96.625;0.01220703125;-0.58203125;0.4564208984375;-0.6728515625;-0.29100000858306885;-0.11900000274181366;-0.5330000519752502;0.7570000290870667;-0.6160000562667847;-0.09200000762939453
713446.0;0.4650000333786011;-0.7350000143051147;-0.625;-44.875;20.1875;-13.875;-56.0;-2597.0;1192.0;177.875;50.5;98.5;0.02197265625;-0.58782958984375;0.459716796875;-0.665283203125;-0.2760000228881836;-0.1420000046491623;-0.5490000247955322;0.7470000386238098;-0.625;-0.11100000888109207
713456.0;0.4700000286102295;-0.7670000195503235;-0.6600000262260437;-44.875;20.1875;-13.875;-13.0;-2407.0;1124.0;176.1875;49.625;100.0625;0.02197265625;-0.58782958984375;0.459716796875;-0.665283203125;-0.2760000228881836;-0.1420000046491623;-0.5490000247955322;0.7470000386238098;-0.625;-0.11100000888109207
713466.0;0.41200003027915955;-0.784000039100647;-0.6630000472068787;-44.0625;22.75;-6.0;49.0;-2244.0;1105.0;174.5;48.6875;101.4375;0.03143310546875;-0.59295654296875;0.46270751953125;-0.65826416015625;-0.3240000009536743;-0.15000000596046448;-0.534000039100647;0.737000048160553;-0.6330000162124634;-0.12800000607967377
713471.0;0.2970000207424164;-0.7310000061988831;-0.6810000538825989;-44.0625;22.75;-6.0;78.0;-2207.0;1265.0;172.6875;47.6875;102.6875;0.04150390625;-0.59747314453125;0.4659423828125;-0.65130615234375;-0.1680000126361847;-0.02500000037252903;-0.5;0.7090000510215759;-0.6550000309944153;-0.16600000858306885
713481.0;0.5410000085830688;-0.6800000071525574;-0.6660000085830688;-44.0625;22.75;-6.0;-526.0;-2307.0;1683.0;170.8125;46.375;104.1875;0.05126953125;-0.601318359375;0.4725341796875;-0.64227294921875;-0.3370000123977661;-0.09000000357627869;-0.47200003266334534;0.6990000605583191;-0.6610000133514404;-0.18700000643730164
713491.0;0.36100003123283386;-0.7520000338554382;-0.659000039100647;-44.0625;22.75;-6.0;-785.0;-2062.0;997.0;169.625;45.4375;105.75;0.05731201171875;-0.60601806640625;0.477783203125;-0.6334228515625;-0.5300000309944153;-0.20100000500679016;-0.5770000219345093;0.6840000152587891;-0.6710000038146973;-0.20500001311302185
713501.0;0.15400001406669617;-0.8720000386238098;-0.7830000519752502;-44.0625;22.75;-6.0;-647.0;-1939.0;1500.0;168.0625;44.25;107.0;0.06512451171875;-0.60882568359375;0.48406982421875;-0.62506103515625;-0.5300000309944153;-0.20100000500679016;-0.5770000219345093;0.6840000152587891;-0.6710000038146973;-0.20500001311302185
713504.0;0.15400001406669617;-0.8720000386238098;-0.7830000519752502;-44.0625;22.75;-6.0;-647.0;-1939.0;1500.0;168.0625;44.25;107.0;0.06512451171875;-0.60882568359375;0.48406982421875;-0.62506103515625;-0.5300000309944153;-0.20100000500679016;-0.5770000219345093;0.6840000152587891;-0.6710000038146973;-0.20500001311302185
713514.0;0.20000000298023224;-0.9360000491142273;-0.8410000205039978;-42.5625;26.5;-0.6875;-386.0;-1947.0;1168.0;166.5625;43.1875;108.125;0.07269287109375;-0.61236572265625;0.4884033203125;-0.61737060546875;-0.4700000286102295;-0.25699999928474426;-0.6180000305175781;0.6710000038146973;-0.6780000329017639;-0.22200001776218414
713524.0;0.3240000009536743;-0.8940000534057617;-0.9380000233650208;-42.5625;26.5;-0.6875;-148.0;-1827.0;989.0;165.0;42.3125;109.0;0.08013916015625;-0.61578369140625;0.49139404296875;-0.61065673828125;-0.33500000834465027;-0.20900000631809235;-0.7010000348091125;0.6600000262260437;-0.6850000619888306;-0.23600001633167267
713534.0;0.3150000274181366;-0.8980000615119934;-0.9600000381469727;-42.5625;26.5;-0.6875;-17.0;-1603.0;707.0;163.6875;41.5625;109.75;0.0865478515625;-0.61907958984375;0.4930419921875;-0.6051025390625;-0.33500000834465027;-0.20800000429153442;-0.7120000123977661;0.6440000534057617;-0.6930000185966492;-0.25600001215934753
713538.0;0.3150000274181366;-0.8980000615119934;-0.9600000381469727;-42.5625;26.5;-0.6875;-17.0;-1603.0;707.0;163.6875;41.5625;109.75;0.0865478515625;-0.61907958984375;0.4930419921875;-0.6051025390625;-0.33500000834465027;-0.20800000429153442;-0.7120000123977661;0.6440000534057617;-0.6930000185966492;-0.25600001215934753
713548.0;0.28200000524520874;-0.9190000295639038;-0.9540000557899475;-42.5625;26.5;-0.6875;84.0;-1322.0;429.0;162.625;41.0625;110.25;0.09161376953125;-0.62213134765625;0.4935302734375;-0.60076904296875;-0.3620000183582306;-0.22500000894069672;-0.6980000138282776;0.6440000534057617;-0.6930000185966492;-0.25600001215934753
713558.0;0.281000018119812;-0.9380000233650208;-0.9770000576972961;-42.5625;26.5;-0.6875;198.0;-1088.0;262.0;161.75;40.6875;110.625;0.095947265625;-0.62481689453125;0.49322509765625;-0.59759521484375;-0.3580000102519989;-0.242000013589859;-0.7150000333786011;0.6390000581741333;-0.6950000524520874;-0.26200002431869507
713568.0;0.36500000953674316;-1.0120000839233398;-1.027000069618225;-41.0625;28.6875;3.5625;329.0;-865.0;90.0;161.0;40.4375;110.8125;0.099609375;-0.62713623046875;0.4920654296875;-0.59552001953125;-0.2710000276565552;-0.3150000274181366;-0.7610000371932983;0.6360000371932983;-0.6970000267028809;-0.26500001549720764
713576.0;0.3680000305175781;-1.0390000343322754;-1.031000018119812;-41.0625;28.6875;3.5625;435.0;-615.0;-5.0;160.375;40.3125;110.875;0.10260009765625;-0.62884521484375;0.4903564453125;-0.5946044921875;-0.26600000262260437;-0.3410000205039978;-0.76500004529953;0.6340000033378601;-0.6980000138282776;-0.26600000262260437
713586.0;0.36900001764297485;-1.0329999923706055;-1.0480000972747803;-41.0625;28.6875;3.5625;497.0;-371.0;-92.0;159.9375;40.25;110.75;0.10491943359375;-0.62994384765625;0.48828125;-0.5947265625;-0.2639999985694885;-0.33400002121925354;-0.7820000648498535;0.6340000033378601;-0.6990000605583191;-0.26500001549720764
713596.0;0.4100000262260437;-1.1060000658035278;-1.0130000114440918;-41.0625;28.6875;3.5625;622.0;-117.0;-293.0;159.75;40.4375;110.5;0.10638427734375;-0.6307373046875;0.48529052734375;-0.59613037109375;-0.22600001096725464;-0.40700000524520874;-0.7510000467300415;0.6360000371932983;-0.6990000605583191;-0.26100000739097595
713606.0;0.3710000216960907;-0.9690000414848328;-0.971000075340271;-41.0625;28.6875;3.5625;650.0;118.0;-562.0;159.8125;40.75;110.125;0.10650634765625;-0.63140869140625;0.4814453125;-0.59844970703125;-0.26900002360343933;-0.2720000147819519;-0.7160000205039978;0.64000004529953;-0.6960000395774841;-0.2550000250339508
713616.0;0.2800000011920929;-0.9940000176429749;-0.9030000567436218;-39.5625;29.75;5.1875;580.0;400.0;-665.0;160.125;41.1875;109.6875;0.10528564453125;-0.63153076171875;0.47760009765625;-0.6016845703125;-0.36500000953674316;-0.30000001192092896;-0.6550000309944153;0.6460000276565552;-0.6940000057220459;-0.24800001084804535
713626.0;0.28700000047683716;-1.037000060081482;-0.9070000648498535;-39.5625;29.75;5.1875;460.0;514.0;-554.0;160.5;41.625;109.25;0.103759765625;-0.63104248046875;0.47454833984375;-0.6048583984375;-0.36400002241134644;-0.3450000286102295;-0.6650000214576721;0.6510000228881836;-0.6910000443458557;-0.242000013589859
713631.0;0.3750000298023224;-0.906000018119812;-0.8200000524520874;-39.5625;29.75;5.1875;380.0;558.0;-850.0;161.125;42.25;108.875;0.1009521484375;-0.63116455078125;0.4708251953125;-0.60809326171875;-0.28300002217292786;-0.21900001168251038;-0.5840000510215759;0.659000039100647;-0.6860000491142273;-0.23500001430511475
713641.0;0.35600000619888306;-0.9350000619888306;-0.7930000424385071;-39.5625;29.75;5.1875;497.0;780.0;-978.0;161.875;42.9375;108.375;0.09747314453125;-0.63079833984375;0.46636962890625;-0.6124267578125;-0.31200000643730164;-0.2540000081062317;-0.5670000314712524;0.6680000424385071;-0.6800000071525574;-0.22600001096725464
713651.0;0.3320000171661377;-0.8980000615119934;-0.76500004529953;-39.5625;29.75;5.1875;491.0;920.0;-868.0;162.625;43.625;107.6875;0.09405517578125;-0.62969970703125;0.46234130859375;-0.61712646484375;-0.3440000116825104;-0.22200001776218414;-0.5490000247955322;0.6760000586509705;-0.675000011920929;-0.2160000056028366
713661.0;0.3320000171661377;-0.8980000615119934;-0.76500004529953;-40.25;29.5;5.5625;495.0;1023.0;-796.0;163.375;44.25;107.0;0.09063720703125;-0.6280517578125;0.45855712890625;-0.62213134765625;-0.3360000252723694;-0.20200000703334808;-0.5390000343322754;0.6840000152587891;-0.6710000038146973;-0.20500001311302185
713665.0;0.3320000171661377;-0.8980000615119934;-0.76500004529953;-40.25;29.5;5.5625;495.0;1023.0;-796.0;163.375;44.25;107.0;0.09063720703125;-0.6280517578125;0.45855712890625;-0.62213134765625;-0.3360000252723694;-0.20200000703334808;-0.5390000343322754;0.6840000152587891;-0.6710000038146973;-0.20500001311302185
713675.0;0.34800001978874207;-0.8730000257492065;-0.7440000176429749;-40.25;29.5;5.5625;568.0;1151.0;-742.0;164.125;44.875;106.125;0.0872802734375;-0.62579345703125;0.45477294921875;-0.627685546875;-0.27900001406669617;-0.22700001299381256;-0.5220000147819519;0.6920000314712524;-0.6660000085830688;-0.19300000369548798
713685.0;0.4130000174045563;-0.8940000534057617;-0.7150000333786011;-40.25;29.5;5.5625;599.0;1272.0;-617.0;164.8125;45.4375;105.125;0.08416748046875;-0.62274169921875;0.45135498046875;-0.63360595703125;-0.29100000858306885;-0.14600001275539398;-0.5640000104904175;0.6990000605583191;-0.6630000472068787;-0.17900000512599945
713695.0;0.40700000524520874;-0.8100000619888306;-0.7440000176429749;-40.25;29.5;5.5625;403.0;1353.0;-692.0;165.6875;46.0625;104.125;0.0799560546875;-0.61968994140625;0.44830322265625;-0.6392822265625;-0.18900001049041748;-0.0650000050663948;-0.48500001430511475;0.706000030040741;-0.659000039100647;-0.16600000858306885
713705.0;0.5160000324249268;-0.7240000367164612;-0.6510000228881836;-40.25;29.5;5.5625;371.0;1700.0;-976.0;166.9375;46.875;103.0;0.07379150390625;-0.61602783203125;0.44451904296875;-0.6461181640625;-0.22800001502037048;-0.24800001084804535;-0.48100003600120544;0.7160000205039978;-0.6520000100135803;-0.1510000079870224
713715.0;0.4870000183582306;-0.9000000357627869;-0.6320000290870667;-40.25;29.5;5.5625;180.0;1953.0;-1035.0;168.375;47.75;101.8125;0.0662841796875;-0.6116943359375;0.4412841796875;-0.6531982421875;-0.3060000240802765;-0.2550000250339508;-0.4910000264644623;0.7260000109672546;-0.6440000534057617;-0.13500000536441803
713721.0;0.4190000295639038;-0.9000000357627869;-0.6260000467300415;-42.1875;26.5;2.375;180.0;1953.0;-1035.0;169.875;48.625;100.4375;0.058349609375;-0.6068115234375;0.43798828125;-0.6607666015625;-0.31300002336502075;-0.242000013589859;-0.4700000286102295;0.7360000610351562;-0.6370000243186951;-0.11700000613927841
713731.0;0.4220000207424164;-0.8790000677108765;-0.5870000123977661;-42.1875;26.5;2.375;144.0;2207.0;-1028.0;171.375;49.4375;98.9375;0.0501708984375;-0.60137939453125;0.434814453125;-0.66839599609375;-0.29500001668930054;-0.18700000643730164;-0.4480000138282776;0.7450000643730164;-0.6290000081062317;-0.0990000069141388
713741.0;0.45000001788139343;-0.8160000443458557;-0.5480000376701355;-42.1875;26.5;2.375;137.0;2352.0;-1108.0;173.0;50.3125;97.3125;0.041259765625;-0.59552001953125;0.431396484375;-0.6763916015625;-0.3110000193119049;-0.14300000667572021;-0.41700002551078796;0.7550000548362732;-0.6200000047683716;-0.07900000363588333
713751.0;0.44300001859664917;-0.7640000581741333;-0.4960000216960907;-42.1875;26.5;2.375;136.0;2475.0;-1256.0;174.6875;51.25;95.5;0.03155517578125;-0.5894775390625;0.42742919921875;-0.6846923828125;-0.32600000500679016;-0.16500000655651093;-0.4580000340938568;0.76500004529953;-0.6100000143051147;-0.05900000408291817
713761.0;0.43800002336502075;-0.7760000228881836;-0.5170000195503235;-42.1875;26.5;2.375;136.0;2475.0;-1256.0;174.6875;51.25;95.5;0.03155517578125;-0.5894775390625;0.42742919921875;-0.6846923828125;-0.32600000500679016;-0.16500000655651093;-0.4580000340938568;0.7750000357627869;-0.5990000367164612;-0.03700000047683716
713771.0;0.44700002670288086;-0.7970000505447388;-0.5040000081062317;-43.6875;26.0625;-2.5625;137.0;2560.0;-1404.0;176.5;52.25;93.5625;0.0211181640625;-0.58331298828125;0.4229736328125;-0.693115234375;-0.3570000231266022;-0.17800000309944153;-0.44700002670288086;0.7850000262260437;-0.5870000123977661;-0.015000000596046448
713775.0;0.44700002670288086;-0.7970000505447388;-0.5040000081062317;-43.6875;26.0625;-2.5625;137.0;2560.0;-1404.0;176.5;52.25;93.5625;0.0211181640625;-0.58331298828125;0.4229736328125;-0.693115234375;-0.3570000231266022;-0.17800000309944153;-0.44700002670288086;0.7850000262260437;-0.5870000123977661;-0.015000000596046448
713785.0;0.4280000329017639;-0.76500004529953;-0.4620000123977661;-43.6875;26.0625;-2.5625;99.0;2638.0;-1478.0;180.125;54.0625;89.1875;-0.00103759765625;-0.56988525390625;0.41375732421875;-0.7099609375;-0.42900002002716064;-0.1469999998807907;-0.4400000274181366;0.7940000295639038;-0.5740000009536743;0.007000000216066837
713795.0;0.36500000953674316;-0.7220000624656677;-0.4320000112056732;-43.6875;26.0625;-2.5625;59.0;2727.0;-1443.0;181.9375;54.8125;86.75;-0.01220703125;-0.5623779296875;0.40948486328125;-0.71826171875;-0.43800002336502075;-0.1420000046491623;-0.43700000643730164;0.8020000457763672;-0.5630000233650208;0.03100000135600567
713805.0;0.3630000054836273;-0.706000030040741;-0.406000018119812;-43.6875;26.0625;-2.5625;14.0;2775.0;-1373.0;183.625;55.5;84.1875;-0.02313232421875;-0.554443359375;0.405029296875;-0.7266845703125;-0.4390000104904175;-0.12800000607967377;-0.48600003123283386;0.8080000281333923;-0.5520000457763672;0.0560000017285347
713809.0;0.3630000054836273;-0.706000030040741;-0.406000018119812;-43.6875;26.0625;-2.5625;14.0;2775.0;-1373.0;183.625;55.5;84.1875;-0.02313232421875;-0.554443359375;0.405029296875;-0.7266845703125;-0.4390000104904175;-0.12800000607967377;-0.48600003123283386;0.8080000281333923;-0.5520000457763672;0.0560000017285347
713819.0;0.36900001764297485;-0.6800000071525574;-0.4300000071525574;-43.6875;26.0625;-2.5625;78.0;2834.0;-1320.0;183.625;55.5;84.1875;-0.02313232421875;-0.554443359375;0.405029296875;-0.7266845703125;-0.4390000104904175;-0.12800000607967377;-0.48600003123283386;0.8080000281333923;-0.5520000457763672;0.0560000017285347
713829.0;0.38100001215934753;-0.7040000557899475;-0.4520000219345093;-44.6875;22.5;-8.375;309.0;2860.0;-1290.0;185.125;56.0625;81.3125;-0.03326416015625;-0.546142578125;0.399658203125;-0.73541259765625;-0.4310000240802765;-0.16300000250339508;-0.534000039100647;0.8130000233650208;-0.5400000214576721;0.0820000022649765
713839.0;0.33500000834465027;-0.6360000371932983;-0.4710000157356262;-44.6875;22.5;-8.375;641.0;2865.0;-1375.0;186.5625;56.5625;78.125;-0.0516357421875;-0.53021240234375;0.38323974609375;-0.7545166015625;-0.4780000150203705;-0.07200000435113907;-0.597000002861023;0.8230000138282776;-0.5130000114440918;0.14100000262260437
713844.0;0.3440000116825104;-0.5860000252723694;-0.45600003004074097;-44.6875;22.5;-8.375;1096.0;2829.0;-1544.0;187.8125;57.0625;74.625;-0.0595703125;-0.52276611328125;0.37164306640625;-0.76483154296875;-0.4710000157356262;-0.032999999821186066;-0.6130000352859497;0.8270000219345093;-0.4960000216960907;0.1730000078678131
713854.0;0.35600000619888306;-0.5300000309944153;-0.4390000104904175;-44.6875;22.5;-8.375;1533.0;2786.0;-1659.0;188.875;57.5625;70.6875;-0.06683349609375;-0.51544189453125;0.3585205078125;-0.77545166015625;-0.49500003457069397;0.07400000095367432;-0.5790000557899475;0.8300000429153442;-0.47700002789497375;0.2070000171661377
713864.0;0.33500000834465027;-0.40300002694129944;-0.3720000088214874;-44.6875;22.5;-8.375;1850.0;2775.0;-1725.0;189.8125;57.875;66.5;-0.06683349609375;-0.51544189453125;0.3585205078125;-0.77545166015625;-0.49500003457069397;0.07400000095367432;-0.5790000557899475;0.8300000429153442;-0.47700002789497375;0.2070000171661377
713874.0;0.3230000138282776;-0.3790000081062317;-0.32600000500679016;-43.875;18.6875;-14.5625;2006.0;2790.0;-1793.0;190.75;58.125;62.0625;-0.073974609375;-0.50799560546875;0.3443603515625;-0.78607177734375;-0.5090000033378601;0.07700000703334808;-0.5680000185966492;0.8330000638961792;-0.4570000171661377;0.2410000115633011
713878.0;0.3230000138282776;-0.3790000081062317;-0.32600000500679016;-43.875;18.6875;-14.5625;2006.0;2790.0;-1793.0;190.75;58.125;62.0625;-0.073974609375;-0.50799560546875;0.3443603515625;-0.78607177734375;-0.5090000033378601;0.07700000703334808;-0.5680000185966492;0.8330000638961792;-0.4570000171661377;0.2410000115633011
713888.0;0.3140000104904175;-0.3570000231266022;-0.2710000276565552;-43.875;18.6875;-14.5625;2001.0;2810.0;-1846.0;191.625;58.25;57.5625;-0.08135986328125;-0.5003662109375;0.32989501953125;-0.79632568359375;-0.5200000405311584;0.05900000408291817;-0.5630000233650208;0.8330000638961792;-0.41200003027915955;0.30900001525878906
713898.0;0.31200000643730164;-0.3530000150203705;-0.25300002098083496;-43.875;18.6875;-14.5625;1877.0;2864.0;-1894.0;192.625;58.1875;53.125;-0.08935546875;-0.49237060546875;0.31573486328125;-0.80615234375;-0.5049999952316284;0.0560000017285347;-0.5580000281333923;0.831000030040741;-0.39000001549720764;0.34200000762939453
713908.0;0.32500001788139343;-0.33400002121925354;-0.2150000035762787;-43.875;18.6875;-14.5625;1674.0;2940.0;-1923.0;193.6875;58.0;48.6875;-0.09808349609375;-0.4837646484375;0.3021240234375;-0.8155517578125;-0.5020000338554382;0.0560000017285347;-0.5820000171661377;0.8280000686645508;-0.367000013589859;0.37400001287460327
713912.0;0.32500001788139343;-0.3110000193119049;-0.2070000171661377;-43.875;18.6875;-14.5625;1415.0;3025.0;-1928.0;194.8125;57.5625;44.4375;-0.1075439453125;-0.47442626953125;0.28948974609375;-0.8243408203125;-0.5020000338554382;0.0560000017285347;-0.5820000171661377;0.8280000686645508;-0.367000013589859;0.37400001287460327
713922.0;0.3360000252723694;-0.2970000207424164;-0.27300000190734863;-44.6875;13.0625;-22.375;1156.0;3164.0;-1910.0;196.0625;56.9375;40.375;-0.1177978515625;-0.464111328125;0.27783203125;-0.832763671875;-0.48500001430511475;0.049000002443790436;-0.6800000071525574;0.8220000267028809;-0.3460000157356262;0.406000018119812
713932.0;0.34200000762939453;-0.2930000126361847;-0.28600001335144043;-44.6875;13.0625;-22.375;934.0;3310.0;-1906.0;197.375;56.125;36.5625;-0.12872314453125;-0.452880859375;0.26690673828125;-0.84088134765625;-0.4710000157356262;0.03200000151991844;-0.7250000238418579;0.8140000104904175;-0.32500001788139343;0.43800002336502075
713942.0;0.2840000092983246;-0.22800001502037048;-0.21700000762939453;-44.6875;13.0625;-22.375;732.0;3434.0;-1882.0;198.6875;55.0625;33.0625;-0.14013671875;-0.440673828125;0.25677490234375;-0.84869384765625;-0.5190000534057617;0.07700000703334808;-0.687000036239624;0.8040000200271606;-0.3060000240802765;0.4700000286102295
713945.0;0.2840000092983246;-0.22800001502037048;-0.21700000762939453;-44.6875;13.0625;-22.375;732.0;3434.0;-1882.0;198.6875;55.0625;33.0625;-0.14013671875;-0.440673828125;0.25677490234375;-0.84869384765625;-0.5190000534057617;0.07700000703334808;-0.687000036239624;0.8040000200271606;-0.3060000240802765;0.4700000286102295
713955.0;0.2600000202655792;-0.2070000171661377;-0.24000000953674316;-44.6875;13.0625;-22.375;610.0;3605.0;-1853.0;200.0625;53.75;29.75;-0.15185546875;-0.4273681640625;0.24700927734375;-0.8563232421875;-0.5300000309944153;0.07900000363588333;-0.7430000305175781;0.7910000085830688;-0.28700000047683716;0.5020000338554382
713965.0;0.21900001168251038;-0.19200000166893005;-0.23400001227855682;-44.6875;13.0625;-22.375;613.0;3721.0;-1845.0;201.4375;52.3125;26.625;-0.16363525390625;-0.413330078125;0.237060546875;-0.86383056640625;-0.5560000538825989;0.07600000500679016;-0.7690000534057617;0.7760000228881836;-0.2680000066757202;0.5350000262260437
713975.0;0.11700000613927841;-0.17000000178813934;-0.19100001454353333;-41.0;8.0625;-29.75;726.0;3761.0;-1810.0;202.6875;50.75;23.75;-0.1749267578125;-0.39898681640625;0.22650146484375;-0.87115478515625;-0.6410000324249268;0.08000000566244125;-0.7590000629425049;0.7590000629425049;-0.25;0.5670000314712524
713979.0;0.11700000613927841;-0.17000000178813934;-0.19100001454353333;-41.0;8.0625;-29.75;726.0;3761.0;-1810.0;202.6875;50.75;23.75;-0.1749267578125;-0.39898681640625;0.22650146484375;-0.87115478515625;-0.6410000324249268;0.08000000566244125;-0.7590000629425049;0.7590000629425049;-0.25;0.5670000314712524
713989.0;0.09000000357627869;-0.18200001120567322;-0.20600001513957977;-41.0;8.0625;-29.75;971.0;3817.0;-1768.0;203.8125;49.0;20.9375;-0.185546875;-0.38433837890625;0.2147216796875;-0.87847900390625;-0.6500000357627869;0.04700000211596489;-0.8070000410079956;0.7400000095367432;-0.23000000417232513;0.6000000238418579
713999.0;0.058000002056360245;-0.20000000298023224;-0.1770000010728836;-41.0;8.0625;-29.75;1333.0;3850.0;-1758.0;204.8125;47.125;18.125;-0.1953125;-0.36968994140625;0.20111083984375;-0.8858642578125;-0.6600000262260437;0.007000000216066837;-0.8100000619888306;0.7190000414848328;-0.2070000171661377;0.6330000162124634
714009.0;0.014000000432133675;-0.20400001108646393;-0.11600000411272049;-41.0;8.0625;-29.75;1774.0;3863.0;-1773.0;205.75;45.25;15.3125;-0.20416259765625;-0.355224609375;0.185302734375;-0.8931884765625;-0.6820000410079956;-0.02200000174343586;-0.7820000648498535;0.6960000395774841;-0.18200001120567322;0.6650000214576721
714013.0;-0.08500000089406967;-0.18700000643730164;0.00800000037997961;-41.0;8.0625;-29.75;2278.0;3908.0;-1811.0;206.5;43.1875;12.3125;-0.21221923828125;-0.3409423828125;0.16693115234375;-0.9005126953125;-0.7570000290870667;-0.03400000184774399;-0.6890000104904175;0.6710000038146973;-0.15200001001358032;0.6980000138282776
714023.0;-0.13300000131130219;-0.1730000078678131;0.05300000309944153;-36.1875;3.1875;-35.5;2777.0;3976.0;-1887.0;207.1875;41.0625;9.25;-0.2196044921875;-0.32666015625;0.14581298828125;-0.90765380859375;-0.7770000100135803;-0.05400000140070915;-0.6760000586509705;0.6440000534057617;-0.11800000816583633;0.7290000319480896
714033.0;-0.17600001394748688;-0.1469999998807907;0.09800000488758087;-36.1875;3.1875;-35.5;3213.0;4034.0;-2005.0;207.8125;38.8125;6.0;-0.2266845703125;-0.3125;0.1221923828125;-0.91436767578125;-0.7910000085830688;-0.06599999964237213;-0.6610000133514404;0.6140000224113464;-0.08000000566244125;0.7590000629425049
714043.0;-0.2150000035762787;-0.09200000762939453;0.14500001072883606;-36.1875;3.1875;-35.5;3555.0;4056.0;-2141.0;208.4375;36.4375;2.6875;-0.233642578125;-0.29840087890625;0.09661865234375;-0.92034912109375;-0.7980000376701355;-0.055000003427267075;-0.6420000195503235;0.5820000171661377;-0.03700000047683716;0.7870000600814819
714047.0;-0.2150000035762787;-0.09200000762939453;0.14500001072883606;-36.1875;3.1875;-35.5;3555.0;4056.0;-2141.0;208.4375;36.4375;2.6875;-0.233642578125;-0.29840087890625;0.09661865234375;-0.92034912109375;-0.7980000376701355;-0.055000003427267075;-0.6420000195503235;0.5820000171661377;-0.03700000047683716;0.7870000600814819
714057.0;-0.2840000092983246;0.03700000047683716;0.24900001287460327;-36.1875;3.1875;-35.5;3792.0;4083.0;-2319.0;209.125;34.0;-0.5625;-0.24090576171875;-0.28424072265625;0.0694580078125;-0.92535400390625;-0.8320000171661377;0.029000001028180122;-0.5630000233650208;0.5480000376701355;0.00800000037997961;0.812000036239624
714067.0;-0.32200002670288086;0.07700000703334808;0.2750000059604645;-36.1875;3.1875;-35.5;3898.0;4157.0;-2515.0;209.9375;31.4375;-3.8125;-0.24871826171875;-0.26971435546875;0.04132080078125;-0.9293212890625;-0.8340000510215759;0.020000001415610313;-0.5590000152587891;0.5110000371932983;0.0560000017285347;0.8340000510215759
714077.0;-0.32200002670288086;0.07700000703334808;0.2750000059604645;-26.875;-5.25;-42.5625;3930.0;4232.0;-2731.0;210.8125;28.75;-7.0;-0.25732421875;-0.2545166015625;0.0125732421875;-0.93212890625;-0.8370000123977661;-0.0020000000949949026;-0.5370000004768372;0.4710000157356262;0.10500000417232513;0.8530000448226929
714084.0;-0.36500000953674316;0.10200000554323196;0.3150000274181366;-26.875;-5.25;-42.5625;3932.0;4285.0;-2941.0;211.875;25.875;-10.125;-0.26666259765625;-0.23883056640625;-0.0164794921875;-0.93359375;-0.8450000286102295;-0.04200000315904617;-0.5020000338554382;0.4280000329017639;0.1550000011920929;0.8680000305175781
714094.0;-0.41600000858306885;0.1120000034570694;0.36500000953674316;-26.875;-5.25;-42.5625;3940.0;4345.0;-3131.0;212.9375;22.9375;-13.0625;-0.27655029296875;-0.22259521484375;-0.04595947265625;-0.9337158203125;-0.9130000472068787;-0.0820000022649765;-0.4960000216960907;0.38200002908706665;0.20400001108646393;0.8790000677108765
714104.0;-0.531000018119812;0.12200000882148743;0.38200002908706665;-26.875;-5.25;-42.5625;3978.0;4383.0;-3315.0;214.1875;19.875;-16.0;-0.2869873046875;-0.205810546875;-0.0758056640625;-0.9324951171875;-0.9310000538825989;-0.11700000613927841;-0.48000001907348633;0.3330000042915344;0.2540000081062317;0.8860000371932983
714114.0;-0.597000002861023;0.13600000739097595;0.4050000309944153;-26.875;-5.25;-42.5625;4030.0;4337.0;-3499.0;215.5;16.75;-18.8125;-0.29791259765625;-0.1890869140625;-0.10595703125;-0.9296875;-0.9580000638961792;-0.1420000046491623;-0.45600003004074097;0.28200000524520874;0.30300000309944153;0.8880000710487366
714121.0;-0.675000011920929;0.1600000113248825;0.4310000240802765;-26.875;-5.25;-42.5625;4030.0;4337.0;-3499.0;215.5;16.75;-18.8125;-0.30926513671875;-0.17236328125;-0.13616943359375;-0.92523193359375;-1.058000087738037;-0.058000002056360245;-0.31300002336502075;0.23000000417232513;0.35100001096725464;0.8860000371932983
714131.0;-0.8280000686645508;0.2930000126361847;0.5720000267028809;-16.5;-17.5625;-43.0;4064.0;4258.0;-3669.0;216.9375;13.5625;-21.625;-0.32110595703125;-0.15594482421875;-0.1661376953125;-0.919189453125;-1.059000015258789;-0.036000002175569534;-0.27400001883506775;0.17600001394748688;0.3970000147819519;0.878000020980835
714141.0;-0.8830000162124634;0.36100003123283386;0.6030000448226929;-16.5;-17.5625;-43.0;3952.0;4006.0;-4018.0;220.1875;7.125;-26.875;-0.3336181640625;-0.13958740234375;-0.19525146484375;-0.91162109375;-1.0509999990463257;0.0020000000949949026;-0.23800000548362732;0.1210000067949295;0.4400000274181366;0.8670000433921814
714151.0;-0.9290000200271606;0.44200003147125244;0.628000020980835;-16.5;-17.5625;-43.0;3680.0;3818.0;-4178.0;222.0;3.875;-29.25;-0.34686279296875;-0.123291015625;-0.22265625;-0.9027099609375;-1.0140000581741333;0.058000002056360245;-0.15800000727176666;0.06599999964237213;0.4780000150203705;0.8530000448226929
714155.0;-0.9290000200271606;0.44200003147125244;0.628000020980835;-16.5;-17.5625;-43.0;3680.0;3818.0;-4178.0;222.0;3.875;-29.25;-0.34686279296875;-0.123291015625;-0.22265625;-0.9027099609375;-1.0140000581741333;0.058000002056360245;-0.15800000727176666;0.06599999964237213;0.4780000150203705;0.8530000448226929
714165.0;-0.9470000267028809;0.5360000133514404;0.6950000524520874;-16.5;-17.5625;-43.0;3254.0;3584.0;-4321.0;224.0;0.6875;-31.25;-0.3609619140625;-0.10699462890625;-0.24737548828125;-0.89276123046875;-0.9540000557899475;0.18200001120567322;-0.13600000739097595;0.012000000104308128;0.5080000162124634;0.8380000591278076
714175.0;-0.9420000314712524;0.6910000443458557;0.7020000219345093;-16.5;-17.5625;-43.0;3254.0;3584.0;-4321.0;224.0;0.6875;-31.25;-0.3609619140625;-0.10699462890625;-0.24737548828125;-0.89276123046875;-0.8810000419616699;0.16900001466274261;-0.14800000190734863;-0.04200000315904617;0.5320000052452087;0.8220000267028809
714185.0;-0.9230000376701355;0.7010000348091125;0.6740000247955322;-1.5;-26.5;-39.1875;2779.0;3440.0;-4416.0;226.0625;-2.4375;-32.875;-0.37548828125;-0.09027099609375;-0.2694091796875;-0.8822021484375;-0.8090000152587891;0.11900000274181366;-0.1469999998807907;-0.0950000062584877;0.5490000247955322;0.8060000538825989
714189.0;-0.9230000376701355;0.7010000348091125;0.6740000247955322;-1.5;-26.5;-39.1875;2779.0;3440.0;-4416.0;226.0625;-2.4375;-32.875;-0.37548828125;-0.09027099609375;-0.2694091796875;-0.8822021484375;-0.8090000152587891;0.11900000274181366;-0.1469999998807907;-0.0950000062584877;0.5490000247955322;0.8060000538825989
714199.0;-0.9040000438690186;0.6690000295639038;0.659000039100647;-1.5;-26.5;-39.1875;2363.0;3284.0;-4409.0;230.25;-8.625;-35.375;-0.40386962890625;-0.0565185546875;-0.3062744140625;-0.86016845703125;-0.7620000243186951;0.06400000303983688;-0.0950000062584877;-0.1469999998807907;0.5610000491142273;0.7900000214576721
714209.0;-0.909000039100647;0.625;0.6940000057220459;-1.5;-26.5;-39.1875;2041.0;3157.0;-4271.0;232.1875;-11.5;-36.3125;-0.41644287109375;-0.0400390625;-0.32196044921875;-0.84930419921875;-0.7410000562667847;0.05900000408291817;0.1290000081062317;-0.19600000977516174;0.5690000057220459;0.7740000486373901
714219.0;-0.937000036239624;0.628000020980835;0.9040000438690186;-1.5;-26.5;-39.1875;1794.0;3041.0;-4000.0;234.0;-14.25;-37.0625;-0.4276123046875;-0.02398681640625;-0.3360595703125;-0.8388671875;-0.7090000510215759;0.09000000357627869;0.23100000619888306;-0.242000013589859;0.5730000138282776;0.7580000162124634
714223.0;-0.9510000348091125;0.6630000472068787;0.9890000224113464;-1.5;-26.5;-39.1875;1552.0;2937.0;-3708.0;234.0;-14.25;-37.0625;-0.4276123046875;-0.02398681640625;-0.3360595703125;-0.8388671875;-0.7090000510215759;0.09000000357627869;0.23100000619888306;-0.242000013589859;0.5730000138282776;0.7580000162124634
714233.0;-0.9900000691413879;0.6890000104904175;1.0470000505447388;12.5;-31.6875;-32.5625;1245.0;2900.0;-3498.0;235.625;-16.9375;-37.625;-0.4376220703125;-0.00775146484375;-0.34844970703125;-0.828857421875;-0.703000009059906;0.11500000208616257;0.3050000071525574;-0.28600001335144043;0.5730000138282776;0.7420000433921814
714243.0;-1.0720000267028809;0.7250000238418579;1.0120000839233398;12.5;-31.6875;-32.5625;845.0;2886.0;-3324.0;237.1875;-19.5625;-38.0;-0.455078125;0.026611328125;-0.36767578125;-0.810546875;-0.5840000510215759;0.15300001204013824;0.242000013589859;-0.3700000047683716;0.5600000023841858;0.7140000462532043
714253.0;-0.9550000429153442;0.7130000591278076;0.956000030040741;12.5;-31.6875;-32.5625;512.0;2917.0;-3232.0;238.5625;-22.1875;-38.125;-0.466552734375;0.04644775390625;-0.374755859375;-0.7998046875;-0.8280000686645508;0.15400001406669617;0.21700000762939453;-0.4150000214576721;0.5450000166893005;0.7000000476837158
714256.0;-0.9550000429153442;0.7130000591278076;0.956000030040741;12.5;-31.6875;-32.5625;512.0;2917.0;-3232.0;238.5625;-22.1875;-38.125;-0.466552734375;0.04644775390625;-0.374755859375;-0.7998046875;-0.8280000686645508;0.15400001406669617;0.21700000762939453;-0.4150000214576721;0.5450000166893005;0.7000000476837158
714266.0;-1.2440000772476196;0.7000000476837158;0.9180000424385071;12.5;-31.6875;-32.5625;176.0;2918.0;-4033.0;240.5;-25.0625;-37.875;-0.479736328125;0.0670166015625;-0.38037109375;-0.787841796875;-0.9190000295639038;0.15700000524520874;0.030000001192092896;-0.4610000252723694;0.5240000486373901;0.6880000233650208
714276.0;-1.38100004196167;0.6810000538825989;0.718000054359436;12.5;-31.6875;-32.5625;9.0;2775.0;-4465.0;242.625;-28.0625;-37.3125;-0.479736328125;0.0670166015625;-0.38037109375;-0.787841796875;-0.9190000295639038;0.15700000524520874;0.030000001192092896;-0.4610000252723694;0.5240000486373901;0.6880000233650208
714286.0;-1.4490001201629639;0.5840000510215759;0.6850000619888306;24.0625;-31.0;-29.0;145.0;2859.0;-4160.0;244.625;-30.9375;-36.8125;-0.49114990234375;0.08685302734375;-0.3865966796875;-0.7757568359375;-0.9450000524520874;0.07900000363588333;0.012000000104308128;-0.5040000081062317;0.5040000081062317;0.6720000505447388
714291.0;-1.4530000686645508;0.5570000410079956;0.737000048160553;24.0625;-31.0;-29.0;544.0;2899.0;-3977.0;246.625;-33.75;-36.625;-0.5015869140625;0.10540771484375;-0.3944091796875;-0.7626953125;-0.9050000309944153;0.020000001415610313;0.1900000125169754;-0.5850000381469727;0.4710000157356262;0.6290000081062317
714301.0;-1.4900001287460327;0.4910000264644623;0.8200000524520874;24.0625;-31.0;-29.0;1267.0;2939.0;-3880.0;248.6875;-36.625;-36.8125;-0.5115966796875;0.12188720703125;-0.40496826171875;-0.7479248046875;-0.8910000324249268;0.020000001415610313;0.2750000059604645;-0.6210000514984131;0.4620000123977661;0.6010000109672546
714311.0;-1.5130001306533813;0.4820000231266022;0.8770000338554382;24.0625;-31.0;-29.0;2030.0;2885.0;-3548.0;250.8125;-39.3125;-37.5;-0.52056884765625;0.13531494140625;-0.4183349609375;-0.73187255859375;-0.784000039100647;0.3630000054836273;0.2760000228881836;-0.6540000438690186;0.4540000259876251;0.5710000395774841
714321.0;-1.4390000104904175;0.8170000314712524;0.8480000495910645;24.0625;-31.0;-29.0;2375.0;2755.0;-3329.0;252.9375;-41.875;-38.5;-0.52886962890625;0.14678955078125;-0.43255615234375;-0.71527099609375;-0.784000039100647;0.3630000054836273;0.2760000228881836;-0.6540000438690186;0.4540000259876251;0.5710000395774841
714324.0;-1.4390000104904175;0.8170000314712524;0.8480000495910645;24.0625;-31.0;-29.0;2375.0;2755.0;-3329.0;252.9375;-41.875;-38.5;-0.52886962890625;0.14678955078125;-0.43255615234375;-0.71527099609375;-0.784000039100647;0.3630000054836273;0.2760000228881836;-0.6540000438690186;0.4540000259876251;0.5710000395774841
714334.0;-1.340000033378601;0.9570000171661377;0.8130000233650208;34.0625;-26.1875;-23.1875;2477.0;2595.0;-3544.0;255.25;-44.4375;-39.3125;-0.5380859375;0.15771484375;-0.4462890625;-0.69744873046875;-0.6530000567436218;0.5130000114440918;0.2710000276565552;-0.6860000491142273;0.4440000355243683;0.5410000085830688
714344.0;-1.2940000295639038;1.034000039100647;0.7930000424385071;34.0625;-26.1875;-23.1875;2432.0;2546.0;-4185.0;258.0625;-47.1875;-39.8125;-0.54925537109375;0.169921875;-0.45880126953125;-0.67742919921875;-0.5730000138282776;0.6070000529289246;0.281000018119812;-0.7200000286102295;0.42600002884864807;0.5110000371932983
714354.0;-1.3000000715255737;0.9110000729560852;0.734000027179718;34.0625;-26.1875;-23.1875;2646.0;2565.0;-4512.0;261.125;-50.1875;-40.1875;-0.56134033203125;0.18231201171875;-0.471435546875;-0.65533447265625;-0.5460000038146973;0.5060000419616699;0.2540000081062317;-0.753000020980835;0.4050000309944153;0.4790000319480896
714362.0;-1.3530000448226929;0.47300001978874207;0.6000000238418579;34.0625;-26.1875;-23.1875;3383.0;2572.0;-4206.0;264.3125;-53.0;-41.0625;-0.57244873046875;0.1915283203125;-0.4864501953125;-0.63165283203125;-0.5690000057220459;0.08500000089406967;0.1550000011920929;-0.7830000519752502;0.38700002431869507;0.4440000355243683
714372.0;-1.380000114440918;0.445000022649765;0.5460000038146973;34.0625;-26.1875;-23.1875;4294.0;2527.0;-3785.0;267.6875;-55.6875;-42.6875;-0.58258056640625;0.19659423828125;-0.50433349609375;-0.6063232421875;-0.5700000524520874;0.07000000029802322;0.14000000059604645;-0.8100000619888306;0.3750000298023224;0.406000018119812
714382.0;-1.3960000276565552;0.5049999952316284;0.5040000081062317;42.5625;-21.0;-15.0;5035.0;2441.0;-3394.0;271.1875;-58.125;-45.0625;-0.591796875;0.1978759765625;-0.52410888671875;-0.57958984375;-0.562000036239624;0.13900001347064972;0.13900001347064972;-0.8330000638961792;0.3660000264644623;0.36500000953674316
714392.0;-1.436000108718872;0.6340000033378601;0.4780000150203705;42.5625;-21.0;-15.0;5525.0;2396.0;-2937.0;274.6875;-60.4375;-48.125;-0.59954833984375;0.1959228515625;-0.54510498046875;-0.55224609375;-0.5830000042915344;0.27400001883506775;0.15600000321865082;-0.8530000448226929;0.36000001430511475;0.32200002670288086
714402.0;-1.4470000267028809;0.7290000319480896;0.4700000286102295;42.5625;-21.0;-15.0;5387.0;2164.0;-2331.0;277.875;-62.375;-51.5625;-0.60540771484375;0.1917724609375;-0.56494140625;-0.52685546875;-0.578000009059906;0.37300002574920654;0.18700000643730164;-0.8680000305175781;0.35600000619888306;0.28200000524520874
714412.0;-1.4500000476837158;0.8170000314712524;0.4690000116825104;42.5625;-21.0;-15.0;4517.0;1817.0;-2051.0;280.75;-64.0;-54.5;-0.6099853515625;0.1884765625;-0.58099365234375;-0.5047607421875;-0.5680000185966492;0.46800002455711365;0.2200000137090683;-0.8810000419616699;0.3490000069141388;0.24800001084804535
714417.0;-1.4500000476837158;0.8170000314712524;0.4690000116825104;42.5625;-21.0;-15.0;4517.0;1817.0;-2051.0;280.75;-64.0;-54.5;-0.6099853515625;0.1884765625;-0.58099365234375;-0.5047607421875;-0.5680000185966492;0.46800002455711365;0.2200000137090683;-0.8810000419616699;0.3490000069141388;0.24800001084804535
714427.0;-1.4490001201629639;0.8600000143051147;0.4570000171661377;42.5625;-21.0;-15.0;3406.0;1659.0;-2467.0;283.4375;-65.8125;-56.5625;-0.61468505859375;0.18939208984375;-0.5927734375;-0.484619140625;-0.5540000200271606;0.5250000357627869;0.23600001633167267;-0.8940000534057617;0.33500000834465027;0.22100001573562622
714437.0;-1.4130001068115234;0.6780000329017639;0.359000027179718;48.5625;-15.5;-5.0625;2482.0;1627.0;-3110.0;286.25;-67.9375;-57.625;-0.619873046875;0.1951904296875;-0.60113525390625;-0.46502685546875;-0.5040000081062317;0.367000013589859;0.16200000047683716;-0.9080000519752502;0.3100000023841858;0.19700001180171967
714447.0;-1.408000111579895;0.5760000348091125;0.3270000219345093;48.5625;-15.5;-5.0625;1770.0;1608.0;-3543.0;288.9375;-70.25;-57.8125;-0.62518310546875;0.20452880859375;-0.60699462890625;-0.44598388671875;-0.484000027179718;0.29600000381469727;0.1510000079870224;-0.9230000376701355;0.2800000011920929;0.17600001394748688
714457.0;-1.4350000619888306;0.5049999952316284;0.3490000069141388;48.5625;-15.5;-5.0625;1258.0;1524.0;-3634.0;291.5625;-72.625;-57.375;-0.63006591796875;0.215576171875;-0.61090087890625;-0.42822265625;-0.49900001287460327;0.2580000162124634;0.19100001454353333;-0.9350000619888306;0.2460000067949295;0.15700000524520874
714467.0;-1.467000126838684;0.4660000205039978;0.3800000250339508;48.5625;-15.5;-5.0625;938.0;1406.0;-3572.0;294.0;-74.875;-56.375;-0.634521484375;0.22711181640625;-0.61346435546875;-0.41162109375;-0.5210000276565552;0.2540000081062317;0.23800000548362732;-0.9460000395774841;0.2120000123977661;0.14100000262260437
714474.0;-1.4820001125335693;0.4410000145435333;0.40400001406669617;48.5625;-15.5;-5.0625;871.0;1284.0;-3453.0;296.4375;-77.0625;-54.75;-0.6387939453125;0.23809814453125;-0.61541748046875;-0.3956298828125;-0.5260000228881836;0.26200002431869507;0.27800002694129944;-0.9550000429153442;0.17900000512599945;0.12600000202655792
714484.0;-1.4820001125335693;0.4410000145435333;0.40400001406669617;51.0;-9.5;-0.5625;867.0;1143.0;-3314.0;298.8125;-79.0625;-52.25;-0.6429443359375;0.248291015625;-0.6168212890625;-0.380126953125;-0.5130000114440918;0.35200002789497375;0.2800000011920929;-0.9620000720024109;0.14600001275539398;0.11300000548362732
714494.0;-1.4760000705718994;0.49800002574920654;0.39400002360343933;51.0;-9.5;-0.5625;691.0;1091.0;-3373.0;301.125;-81.0625;-48.0625;-0.64697265625;0.25909423828125;-0.61737060546875;-0.36492919921875;-0.4790000319480896;0.5010000467300415;0.31300002336502075;-0.968000054359436;0.11300000548362732;0.10100000351667404
714504.0;-1.4480000734329224;0.6140000224113464;0.4140000343322754;51.0;-9.5;-0.5625;440.0;1022.0;-3080.0;303.1875;-82.8125;-42.125;-0.65008544921875;0.26953125;-0.617431640625;-0.35150146484375;-0.5370000004768372;0.32500001788139343;0.29200002551078796;-0.9730000495910645;0.08100000023841858;0.09000000357627869
714514.0;-1.5100001096725464;0.40700000524520874;0.3830000162124634;51.0;-9.5;-0.5625;-21.0;593.0;-2090.0;304.375;-83.875;-3.5;-0.65191650390625;0.27752685546875;-0.61639404296875;-0.34356689453125;-0.4650000333786011;0.3570000231266022;0.37800002098083496;-0.9750000238418579;0.06000000238418579;0.08400000631809235
714524.0;-1.4410001039505005;0.41700002551078796;0.4620000123977661;51.0;-9.5;-0.5625;-139.0;415.0;-1597.0;305.25;-84.625;-2.5625;-0.65325927734375;0.283935546875;-0.61517333984375;-0.337890625;-0.42600002884864807;0.36500000953674316;0.38200002908706665;-0.9760000705718994;0.0430000014603138;0.08000000566244125
714527.0;-1.4410001039505005;0.41700002551078796;0.4620000123977661;51.0;-9.5;-0.5625;-139.0;415.0;-1597.0;305.25;-84.625;-2.5625;-0.65325927734375;0.283935546875;-0.61517333984375;-0.337890625;-0.42600002884864807;0.36500000953674316;0.38200002908706665;-0.9760000705718994;0.0430000014603138;0.08000000566244125
714537.0;-1.402000069618225;0.40800002217292786;0.4620000123977661;51.0;-9.5;-0.5625;-139.0;415.0;-1597.0;305.25;-84.625;-2.5625;-0.653564453125;0.288818359375;-0.61492919921875;-0.3336181640625;-0.3700000047683716;0.39900001883506775;0.32100000977516174;-0.9770000576972961;0.03200000151991844;0.07500000298023224
714547.0;-1.3480000495910645;0.4310000240802765;0.3970000147819519;52.5;1.1875;4.375;-114.0;469.0;-1133.0;305.875;-85.1875;-1.875;-0.65264892578125;0.2928466796875;-0.61553955078125;-0.33074951171875;-0.3530000150203705;0.5660000443458557;0.23200000822544098;-0.9770000576972961;0.024000000208616257;0.0690000057220459
714557.0;-1.3310000896453857;0.5910000205039978;0.3020000159740448;52.5;1.1875;4.375;122.0;862.0;-599.0;306.625;-86.25;-1.0625;-0.65106201171875;0.2958984375;-0.6177978515625;-0.32696533203125;-0.3830000162124634;0.4350000321865082;0.14900000393390656;-0.9780000448226929;0.018000001087784767;0.06000000238418579
714567.0;-1.3620001077651978;0.453000009059906;0.21000000834465027;52.5;1.1875;4.375;547.0;1158.0;-481.0;307.25;-87.0625;-0.75;-0.64892578125;0.297607421875;-0.6219482421875;-0.32171630859375;-0.42900002002716064;0.3160000145435333;0.0820000022649765;-0.9790000319480896;0.013000000268220901;0.04800000041723251
714572.0;-1.408000111579895;0.33000001311302185;0.13100001215934753;52.5;1.1875;4.375;813.0;1370.0;-322.0;307.875;-87.875;-0.5625;-0.646240234375;0.29815673828125;-0.62750244140625;-0.31573486328125;-0.4410000145435333;0.2720000147819519;0.012000000104308128;-0.9800000190734863;0.010000000707805157;0.03400000184774399
714582.0;-1.4210001230239868;0.28300002217292786;0.046000003814697266;52.5;1.1875;4.375;813.0;1370.0;-322.0;307.875;-87.875;-0.5625;-0.646240234375;0.29815673828125;-0.62750244140625;-0.31573486328125;-0.36100003123283386;0.2900000214576721;-0.10000000149011612;-0.9800000190734863;0.009000000543892384;0.017000000923871994
714592.0;-1.3410000801086426;0.30000001192092896;-0.0820000022649765;50.5625;4.875;4.0;1021.0;1545.0;-126.0;308.5625;-88.75;-0.5625;-0.6429443359375;0.29766845703125;-0.63421630859375;-0.30950927734375;-0.3230000138282776;0.25600001215934753;-0.11000000685453415;-0.9800000190734863;0.010000000707805157;0.0
714602.0;-1.3040000200271606;0.26600000262260437;-0.11100000888109207;50.5625;4.875;4.0;1268.0;1767.0;54.0;310.0;-88.5;-179.25;-0.6337890625;0.29345703125;-0.65191650390625;-0.2952880859375;-0.29500001668930054;0.1990000158548355;-0.12200000882148743;-0.9800000190734863;0.012000000104308128;-0.021000001579523087
714612.0;-1.2750000953674316;0.2120000123977661;-0.14400000870227814;50.5625;4.875;4.0;1470.0;2042.0;256.0;310.625;-87.125;-179.0625;-0.62713623046875;0.29168701171875;-0.662353515625;-0.28790283203125;-0.26500001549720764;0.20100000500679016;-0.06700000166893005;-0.9790000319480896;0.015000000596046448;-0.046000003814697266
714615.0;-1.2750000953674316;0.2120000123977661;-0.14400000870227814;50.5625;4.875;4.0;1470.0;2042.0;256.0;310.625;-87.125;-179.0625;-0.62713623046875;0.29168701171875;-0.662353515625;-0.28790283203125;-0.26500001549720764;0.20100000500679016;-0.06700000166893005;-0.9790000319480896;0.015000000596046448;-0.046000003814697266
714625.0;-1.2440000772476196;0.2160000056028366;-0.11400000751018524;50.5625;4.875;4.0;1340.0;2385.0;280.0;311.1875;-85.5;-179.0625;-0.6187744140625;0.29254150390625;-0.6728515625;-0.28057861328125;-0.22300000488758087;0.31800001859664917;0.006000000052154064;-0.9770000576972961;0.015000000596046448;-0.07500000298023224
714635.0;-1.2010000944137573;0.33400002121925354;-0.06800000369548798;50.5625;4.875;4.0;922.0;2744.0;58.0;311.1875;-85.5;-179.0625;-0.6187744140625;0.29254150390625;-0.6728515625;-0.28057861328125;-0.22300000488758087;0.31800001859664917;0.006000000052154064;-0.9770000576972961;0.015000000596046448;-0.07500000298023224
714645.0;-1.187000036239624;0.3840000033378601;-0.018000001087784767;51.25;5.25;7.6875;362.0;3010.0;-263.0;311.5625;-83.6875;-179.25;-0.60894775390625;0.2967529296875;-0.6827392578125;-0.27374267578125;-0.2120000123977661;0.3720000088214874;0.08800000697374344;-0.9740000367164612;0.012000000104308128;-0.10600000619888306
714651.0;-1.159000039100647;0.44200003147125244;0.03500000014901161;51.25;5.25;7.6875;135.0;3203.0;-473.0;311.9375;-81.8125;-177.0625;-0.5880126953125;0.307373046875;-0.70196533203125;-0.2589111328125;-0.13700000941753387;0.46300002932548523;0.18800000846385956;-0.9650000333786011;0.0010000000474974513;-0.17100000381469727
714661.0;-1.1030000448226929;0.4650000333786011;0.017000000923871994;51.25;5.25;7.6875;376.0;3110.0;-446.0;312.4375;-79.9375;-179.3125;-0.57958984375;0.30841064453125;-0.712158203125;-0.24859619140625;-0.17100000381469727;0.6290000081062317;1.4030001163482666;-0.9590000510215759;-0.003000000026077032;-0.20000000298023224
714671.0;-1.13100004196167;0.625;1.2020000219345093;51.25;5.25;7.6875;1268.0;2916.0;-276.0;313.5625;-78.1875;179.0;-0.5750732421875;0.3031005859375;-0.72296142578125;-0.23406982421875;-1.0860000848770142;3.189000129699707;4.122000217437744;-0.9540000557899475;-0.009000000543892384;-0.2240000069141388
714681.0;-2.0410001277923584;3.17900013923645;3.8980002403259277;51.25;5.25;7.6875;2785.0;2385.0;-39.0;315.6875;-76.6875;177.4375;-0.5750732421875;0.3031005859375;-0.72296142578125;-0.23406982421875;-1.0860000848770142;3.189000129699707;4.122000217437744;-0.9540000557899475;-0.009000000543892384;-0.2240000069141388
714687.0;-2.0410001277923584;3.17900013923645;3.8980002403259277;51.25;5.25;7.6875;2785.0;2385.0;-39.0;315.6875;-76.6875;177.4375;-0.5750732421875;0.3031005859375;-0.72296142578125;-0.23406982421875;-1.0860000848770142;3.189000129699707;4.122000217437744;-0.9540000557899475;-0.009000000543892384;-0.2240000069141388
714697.0;-0.1680000126361847;3.3410000801086426;-0.5390000343322754;49.75;6.0;14.6875;5951.0;1909.0;896.0;319.75;-75.5625;176.25;-0.57586669921875;0.2838134765625;-0.73712158203125;-0.21087646484375;0.781000018119812;3.3570001125335693;-0.29600000381469727;-0.9490000605583191;-0.015000000596046448;-0.242000013589859
714707.0;-0.29100000858306885;0.40800002217292786;-0.25699999928474426;49.75;6.0;14.6875;6842.0;508.0;1886.0;323.9375;-75.375;176.625;-0.5816650390625;0.25604248046875;-0.74859619140625;-0.18914794921875;0.10400000214576721;0.2800000011920929;0.06200000271201134;-0.9480000734329224;-0.007000000216066837;-0.24800001084804535
714717.0;-0.843000054359436;0.2720000147819519;-0.1860000044107437;49.75;6.0;14.6875;3584.0;182.0;1623.0;325.75;-75.3125;178.25;-0.58404541015625;0.23876953125;-0.7547607421875;-0.17962646484375;0.33400002121925354;0.02200000174343586;0.3070000112056732;-0.9480000734329224;-0.007000000216066837;-0.24900001287460327
714721.0;-0.6130000352859497;0.015000000596046448;0.05700000375509262;49.75;6.0;14.6875;1483.0;145.0;404.0;326.6875;-75.1875;178.25;-0.58489990234375;0.23272705078125;-0.757080078125;-0.1748046875;0.3450000286102295;0.2150000035762787;0.3410000205039978;-0.9480000734329224;-0.015000000596046448;-0.24700000882148743
714731.0;-0.6030000448226929;0.20000000298023224;0.09300000220537186;49.75;6.0;14.6875;345.0;-184.0;-717.0;327.375;-75.3125;176.375;-0.58673095703125;0.234375;-0.75592041015625;-0.17144775390625;0.3450000286102295;0.2150000035762787;0.3410000205039978;-0.9480000734329224;-0.015000000596046448;-0.24700000882148743
714741.0;-1.0040000677108765;0.7930000424385071;-0.3890000283718109;49.0;8.6875;16.75;-681.0;-43.0;-1312.0;327.625;-75.25;173.75;-0.58721923828125;0.24163818359375;-0.7535400390625;-0.17010498046875;-0.055000003427267075;0.8200000524520874;-0.14100000262260437;-0.9480000734329224;-0.026000000536441803;-0.24700000882148743
714751.0;-1.1050000190734863;0.5240000486373901;-0.6380000114440918;49.0;8.6875;16.75;-2066.0;-270.0;-1313.0;326.8125;-75.3125;171.9375;-0.5867919921875;0.2530517578125;-0.74908447265625;-0.17462158203125;-0.15600000321865082;0.5580000281333923;-0.3930000066757202;-0.9480000734329224;-0.03400000184774399;-0.24500000476837158
714755.0;-1.1050000190734863;0.5240000486373901;-0.6380000114440918;49.0;8.6875;16.75;-2066.0;-270.0;-1313.0;326.8125;-75.3125;171.9375;-0.5867919921875;0.2530517578125;-0.74908447265625;-0.17462158203125;-0.15600000321865082;0.5580000281333923;-0.3930000066757202;-0.9480000734329224;-0.03400000184774399;-0.24500000476837158
714765.0;-1.090000033378601;0.1210000067949295;-0.8460000157356262;49.0;8.6875;16.75;-3502.0;-719.0;-726.0;324.5;-75.6875;172.125;-0.58551025390625;0.26605224609375;-0.7425537109375;-0.1871337890625;-0.14000000059604645;0.15400001406669617;-0.6060000061988831;-0.9500000476837158;-0.03200000151991844;-0.23900000751018524
714775.0;-0.9470000267028809;-0.2410000115633011;-0.8450000286102295;49.0;8.6875;16.75;-4381.0;-907.0;-188.0;321.25;-76.25;174.0625;-0.58294677734375;0.27935791015625;-0.73492431640625;-0.2049560546875;0.004000000189989805;-0.21700000762939453;-0.6130000352859497;-0.9520000219345093;-0.023000001907348633;-0.23100000619888306
714785.0;-0.8980000615119934;-0.3660000264644623;-0.7600000500679016;49.0;8.6875;16.75;-4050.0;-625.0;-51.0;318.125;-76.625;176.25;-0.579345703125;0.291259765625;-0.7283935546875;-0.22137451171875;0.055000003427267075;-0.35100001096725464;-0.534000039100647;-0.9540000557899475;-0.014000000432133675;-0.22600001096725464
714791.0;-0.9030000567436218;-0.5470000505447388;-0.628000020980835;48.25;8.6875;16.6875;-2518.0;-329.0;-280.0;316.375;-76.8125;177.0;-0.5770263671875;0.29962158203125;-0.72393798828125;-0.230712890625;0.05100000277161598;-0.5350000262260437;-0.4050000309944153;-0.9540000557899475;-0.01100000087171793;-0.22300000488758087
714801.0;-0.940000057220459;-0.6620000600814819;-0.4570000171661377;48.25;8.6875;16.6875;-439.0;-95.0;-608.0;316.4375;-76.8125;175.6875;-0.577392578125;0.30316162109375;-0.72216796875;-0.23065185546875;0.014000000432133675;-0.6450000405311584;-0.23400001227855682;-0.9540000557899475;-0.01600000075995922;-0.22200001776218414
714811.0;-0.921000063419342;-0.46800002455711365;-0.3620000183582306;48.25;8.6875;16.6875;1416.0;85.0;-862.0;318.0;-76.6875;172.625;-0.58038330078125;0.30224609375;-0.72271728515625;-0.22247314453125;0.03200000151991844;-0.4390000104904175;-0.13900001347064972;-0.9540000557899475;-0.02800000086426735;-0.22200001776218414
714821.0;-0.9080000519752502;-0.29100000858306885;-0.3960000276565552;48.25;8.6875;16.6875;2523.0;217.0;-906.0;320.5;-76.5;168.9375;-0.5845947265625;0.29815673828125;-0.724853515625;-0.209716796875;0.04500000178813934;-0.24700000882148743;-0.1720000058412552;-0.9530000686645508;-0.0430000014603138;-0.2240000069141388
714831.0;-0.9150000214576721;-0.15000000596046448;-0.42600002884864807;48.25;8.6875;16.6875;2742.0;290.0;-688.0;323.0;-76.25;165.75;-0.5885009765625;0.29266357421875;-0.72760009765625;-0.19659423828125;0.03700000047683716;-0.09300000220537186;-0.20000000298023224;-0.9520000219345093;-0.05700000375509262;-0.22500000894069672
714841.0;-0.9250000715255737;-0.0650000050663948;-0.42900002002716064;48.5625;8.0625;15.5;2278.0;178.0;-289.0;324.9375;-76.0625;163.8125;-0.591552734375;0.286865234375;-0.73004150390625;-0.1866455078125;0.026000000536441803;0.0;-0.203000009059906;-0.9520000219345093;-0.0650000050663948;-0.22500000894069672
714849.0;-0.9250000715255737;-0.0650000050663948;-0.42900002002716064;48.5625;8.0625;15.5;2278.0;178.0;-289.0;324.9375;-76.0625;163.8125;-0.591552734375;0.286865234375;-0.73004150390625;-0.1866455078125;0.026000000536441803;0.0;-0.203000009059906;-0.9520000219345093;-0.0650000050663948;-0.22500000894069672
714859.0;-0.8750000596046448;0.11300000548362732;0.02800000086426735;48.5625;8.0625;15.5;1460.0;-3.0;12.0;326.0625;-76.0625;162.9375;-0.59375;0.2822265625;-0.7314453125;-0.18109130859375;0.07600000500679016;0.18200001120567322;0.25300002098083496;-0.9520000219345093;-0.06800000369548798;-0.2240000069141388
714869.0;-1.2030000686645508;0.8710000514984131;1.061000108718872;48.5625;8.0625;15.5;694.0;-132.0;-121.0;326.625;-76.125;162.125;-0.59539794921875;0.2803955078125;-0.73150634765625;-0.17822265625;-0.2510000169277191;0.9430000185966492;1.284000039100647;-0.9520000219345093;-0.07100000232458115;-0.22300000488758087
714879.0;-1.2320001125335693;1.5820000171661377;0.784000039100647;48.5625;8.0625;15.5;321.0;-213.0;-576.0;327.25;-76.125;160.4375;-0.59722900390625;0.2813720703125;-0.73028564453125;-0.17547607421875;-0.27900001406669617;1.6600000858306885;1.0049999952316284;-0.9520000219345093;-0.07800000160932541;-0.2200000137090683
714889.0;-0.815000057220459;0.07600000500679016;-0.25200000405311584;48.5625;8.0625;15.5;436.0;-468.0;-832.0;328.0;-76.25;157.8125;-0.6004638671875;0.28277587890625;-0.72796630859375;-0.171875;0.13700000941753387;0.164000004529953;-0.036000002175569534;-0.9520000219345093;-0.08700000494718552;-0.2150000035762787
714893.0;-0.815000057220459;0.07600000500679016;-0.25200000405311584;47.875;10.6875;17.0625;-116.0;-817.0;-665.0;328.25;-76.5625;155.5625;-0.60400390625;0.28497314453125;-0.7242431640625;-0.17138671875;0.08400000631809235;-0.2510000169277191;-0.07100000232458115;-0.9530000686645508;-0.09400000423192978;-0.2070000171661377
714903.0;-0.8690000176429749;-0.3450000286102295;-0.27800002694129944;47.875;10.6875;17.0625;-693.0;-755.0;-265.0;327.875;-76.875;154.5625;-0.6060791015625;0.28753662109375;-0.7208251953125;-0.17437744140625;-0.023000001907348633;-0.35100001096725464;0.0860000029206276;-0.9550000429153442;-0.0950000062584877;-0.20000000298023224
714913.0;-0.9780000448226929;-0.44600000977516174;-0.11400000751018524;47.875;10.6875;17.0625;-18.0;-414.0;27.0;327.8125;-77.125;154.1875;-0.60760498046875;0.287109375;-0.71954345703125;-0.17510986328125;-0.07800000160932541;-0.29200002551078796;0.08300000429153442;-0.956000030040741;-0.09400000423192978;-0.19600000977516174
714923.0;-1.0350000858306885;-0.38700002431869507;-0.1120000034570694;47.875;10.6875;17.0625;986.0;-26.0;-1.0;328.5625;-77.125;153.5;-0.60919189453125;0.28387451171875;-0.7203369140625;-0.17144775390625;-0.02200000174343586;0.20000000298023224;-0.012000000104308128;-0.956000030040741;-0.09700000286102295;-0.19500000774860382
714927.0;-1.0350000858306885;-0.38700002431869507;-0.1120000034570694;47.875;10.6875;17.0625;986.0;-26.0;-1.0;328.5625;-77.125;153.5;-0.60919189453125;0.28387451171875;-0.7203369140625;-0.17144775390625;-0.02200000174343586;0.20000000298023224;-0.012000000104308128;-0.956000030040741;-0.09700000286102295;-0.19500000774860382
714937.0;-0.9780000448226929;0.10300000756978989;-0.2070000171661377;47.875;10.6875;17.0625;1470.0;275.0;-203.0;329.75;-76.9375;152.5;-0.61053466796875;0.2801513671875;-0.72222900390625;-0.16473388671875;-0.023000001907348633;0.5220000147819519;-0.018000001087784767;-0.9550000429153442;-0.10200000554323196;-0.19600000977516174
714947.0;-0.9780000448226929;0.42000001668930054;-0.21400001645088196;47.875;10.6875;17.0625;1470.0;275.0;-203.0;329.75;-76.9375;152.5;-0.61053466796875;0.2794189453125;-0.72369384765625;-0.1595458984375;-0.08100000023841858;0.6050000190734863;0.036000002175569534;-0.9530000686645508;-0.1080000028014183;-0.1990000158548355
714957.0;-1.0350000858306885;0.4970000088214874;-0.16200000047683716;48.25;12.875;14.1875;848.0;429.0;-425.0;330.6875;-76.5625;151.5;-0.60943603515625;0.28033447265625;-0.724365234375;-0.1590576171875;-0.07200000435113907;0.4270000159740448;0.05700000375509262;-0.9530000686645508;-0.10900000482797623;-0.20200000703334808
714964.0;-1.0250000953674316;0.31700000166893005;-0.14500001072883606;48.25;12.875;14.1875;-837.0;23.0;49.0;330.0625;-76.375;152.3125;-0.60809326171875;0.2828369140625;-0.72381591796875;-0.162353515625;0.10000000149011612;0.10000000149011612;0.01100000087171793;-0.9530000686645508;-0.10600000619888306;-0.203000009059906
714974.0;-0.8530000448226929;-0.006000000052154064;-0.19100001454353333;48.25;12.875;14.1875;-1269.0;-144.0;90.0;329.0625;-76.5;153.125;-0.60662841796875;0.28643798828125;-0.72235107421875;-0.167724609375;0.11000000685453415;-0.05700000375509262;-0.004000000189989805;-0.9530000686645508;-0.10300000756978989;-0.203000009059906
714984.0;-0.8420000672340393;-0.1600000113248825;-0.2070000171661377;48.25;12.875;14.1875;-1242.0;-177.0;91.0;328.0625;-76.625;153.875;-0.6053466796875;0.2899169921875;-0.7208251953125;-0.17303466796875;0.08300000429153442;-0.11900000274181366;-0.02200000174343586;-0.9540000557899475;-0.0990000069141388;-0.203000009059906
714994.0;-0.8700000643730164;-0.21900001168251038;-0.22500000894069672;48.25;12.875;14.1875;-1242.0;-177.0;91.0;328.0625;-76.625;153.875;-0.6053466796875;0.2899169921875;-0.7208251953125;-0.17303466796875;0.036000002175569534;-0.06599999964237213;-0.027000000700354576;-0.9540000557899475;-0.09700000286102295;-0.20200000703334808
714999.0;-0.8700000643730164;-0.21900001168251038;-0.22500000894069672;48.25;12.875;14.1875;-1242.0;-177.0;91.0;328.0625;-76.625;153.875;-0.6053466796875;0.2899169921875;-0.7208251953125;-0.17303466796875;0.036000002175569534;-0.06599999964237213;-0.027000000700354576;-0.9540000557899475;-0.09700000286102295;-0.20200000703334808
715009.0;-0.9170000553131104;-0.164000004529953;-0.23000000417232513;47.875;12.5;14.1875;-973.0;-129.0;-38.0;327.375;-76.6875;154.1875;-0.6043701171875;0.29302978515625;-0.71942138671875;-0.1767578125;0.036000002175569534;-0.06599999964237213;-0.027000000700354576;-0.9540000557899475;-0.09800000488758087;-0.20200000703334808
715019.0;-0.9590000510215759;0.018000001087784767;-0.20200000703334808;47.875;12.5;14.1875;-490.0;-66.0;-133.0;327.125;-76.6875;153.6875;-0.60430908203125;0.29583740234375;-0.718017578125;-0.17803955078125;-0.020000001415610313;0.1900000125169754;0.018000001087784767;-0.9540000557899475;-0.0990000069141388;-0.20200000703334808
715029.0;-0.9740000367164612;0.09000000357627869;-0.18300001323223114;47.875;12.5;14.1875;-54.0;-61.0;-181.0;327.3125;-76.6875;153.1875;-0.60498046875;0.2958984375;-0.7176513671875;-0.17718505859375;-0.03100000135600567;0.20000000298023224;0.03400000184774399;-0.9540000557899475;-0.10100000351667404;-0.20100000500679016
715033.0;-0.9860000610351562;0.0990000069141388;-0.16600000858306885;47.875;12.5;14.1875;135.0;-86.0;-145.0;327.4375;-76.75;152.8125;-0.6058349609375;0.29541015625;-0.71728515625;-0.1767578125;-0.03100000135600567;0.12600000202655792;0.1080000028014183;-0.9540000557899475;-0.10200000554323196;-0.1990000158548355
715043.0;-0.9850000739097595;0.024000000208616257;-0.09100000560283661;47.875;12.5;14.1875;148.0;-146.0;-36.0;327.4375;-76.75;152.8125;-0.6058349609375;0.29541015625;-0.71728515625;-0.1767578125;-0.03100000135600567;0.12600000202655792;0.1080000028014183;-0.9540000557899475;-0.10200000554323196;-0.1990000158548355
715053.0;-0.956000030040741;-0.02800000086426735;-0.05300000309944153;48.5625;12.5;14.5625;135.0;-191.0;77.0;327.5;-76.875;152.6875;-0.606689453125;0.29449462890625;-0.7169189453125;-0.17681884765625;-0.0010000000474974513;0.07300000637769699;0.14300000667572021;-0.9550000429153442;-0.10100000351667404;-0.19700001180171967
715063.0;-0.9100000262260437;-0.021000001579523087;-0.09000000357627869;48.5625;12.5;14.5625;265.0;-186.0;174.0;327.5625;-77.0;152.6875;-0.60833740234375;0.29241943359375;-0.71649169921875;-0.17620849609375;0.06100000441074371;0.17100000381469727;0.09000000357627869;-0.9550000429153442;-0.10100000351667404;-0.19300000369548798
715073.0;-0.8940000534057617;0.0690000057220459;-0.10300000756978989;48.5625;12.5;14.5625;129.0;-124.0;-40.0;327.6875;-77.0625;152.375;-0.60894775390625;0.29364013671875;-0.7156982421875;-0.17529296875;-0.02800000086426735;0.032999999821186066;0.11600000411272049;-0.9550000429153442;-0.10400000214576721;-0.19300000369548798
715083.0;-0.984000027179718;-0.07000000029802322;-0.07700000703334808;48.5625;12.5;14.5625;-7.0;-78.0;-333.0;327.875;-77.0;151.5;-0.6094970703125;0.29449462890625;-0.71527099609375;-0.17376708984375;-0.04100000113248825;0.08900000154972076;0.11400000751018524;-0.9550000429153442;-0.1080000028014183;-0.19200000166893005
715085.0;-0.984000027179718;-0.07000000029802322;-0.07700000703334808;48.5625;12.5;14.5625;-7.0;-78.0;-333.0;327.875;-77.0;151.5;-0.6094970703125;0.29449462890625;-0.71527099609375;-0.17376708984375;-0.04100000113248825;0.08900000154972076;0.11400000751018524;-0.9550000429153442;-0.1080000028014183;-0.19200000166893005
715095.0;-0.9970000386238098;-0.01900000125169754;-0.07700000703334808;48.5625;12.5;14.5625;120.0;-13.0;-326.0;328.125;-76.9375;150.6875;-0.6094970703125;0.29449462890625;-0.71527099609375;-0.17376708984375;-0.04100000113248825;0.08900000154972076;0.11400000751018524;-0.9550000429153442;-0.1080000028014183;-0.19200000166893005
715105.0;-0.9810000658035278;0.058000002056360245;-0.07100000232458115;47.875;12.875;13.375;74.0;-2.0;-128.0;328.625;-76.875;150.3125;-0.61029052734375;0.29248046875;-0.716064453125;-0.171142578125;-0.026000000536441803;0.1680000126361847;0.1210000067949295;-0.9550000429153442;-0.10900000482797623;-0.19200000166893005
715115.0;-0.9470000267028809;0.04000000283122063;-0.07200000435113907;47.875;12.875;13.375;65.0;1.0;4.0;328.6875;-76.875;150.3125;-0.6103515625;0.292236328125;-0.71612548828125;-0.1708984375;0.007000000216066837;0.14900000393390656;0.11900000274181366;-0.9550000429153442;-0.1080000028014183;-0.19200000166893005
715121.0;-0.9240000247955322;0.02800000086426735;-0.09600000083446503;47.875;12.875;13.375;93.0;-4.0;97.0;328.6875;-76.9375;150.4375;-0.61041259765625;0.29156494140625;-0.71636962890625;-0.1708984375;0.03700000047683716;0.1720000058412552;0.10400000214576721;-0.9550000429153442;-0.1080000028014183;-0.19200000166893005
715131.0;-0.9180000424385071;0.06400000303983688;-0.08700000494718552;47.875;12.875;13.375;61.0;-6.0;110.0;328.6875;-76.9375;150.6875;-0.61041259765625;0.29095458984375;-0.71661376953125;-0.1710205078125;0.03700000047683716;0.1720000058412552;0.10400000214576721;-0.9550000429153442;-0.10700000822544098;-0.19200000166893005
715141.0;-0.9030000567436218;0.06800000369548798;-0.09200000762939453;47.875;12.875;13.375;88.0;-22.0;23.0;328.6875;-77.0;150.625;-0.610595703125;0.29052734375;-0.71661376953125;-0.1707763671875;0.05100000277161598;0.17600001394748688;0.0990000069141388;-0.9550000429153442;-0.10700000822544098;-0.19200000166893005
715151.0;-0.8730000257492065;0.046000003814697266;-0.10200000554323196;47.875;12.875;15.5;184.0;-56.0;-59.0;328.875;-77.0;150.3125;-0.61114501953125;0.29010009765625;-0.716552734375;-0.169921875;0.0820000022649765;0.1550000011920929;0.08800000697374344;-0.9550000429153442;-0.1080000028014183;-0.19100001454353333
715152.0;-0.8730000257492065;0.046000003814697266;-0.10200000554323196;47.875;12.875;15.5;184.0;-56.0;-59.0;328.875;-77.0;150.3125;-0.61114501953125;0.29010009765625;-0.716552734375;-0.169921875;0.0820000022649765;0.1550000011920929;0.08800000697374344;-0.9550000429153442;-0.1080000028014183;-0.19100001454353333
715162.0;-0.8740000128746033;0.07300000637769699;-0.1120000034570694;47.875;12.875;15.5;314.0;-126.0;-34.0;329.125;-77.0625;149.875;-0.6121826171875;0.28912353515625;-0.71636962890625;-0.1688232421875;0.08100000023841858;0.18300001323223114;0.07700000703334808;-0.9550000429153442;-0.10900000482797623;-0.18900001049041748
715172.0;-0.8730000257492065;0.07300000637769699;-0.14300000667572021;47.875;12.875;15.5;542.0;-186.0;75.0;329.4375;-77.1875;149.5;-0.6136474609375;0.28692626953125;-0.71636962890625;-0.16729736328125;0.08300000429153442;0.18300001323223114;0.04400000348687172;-0.956000030040741;-0.11000000685453415;-0.18700000643730164
715182.0;-0.8980000615119934;0.07900000363588333;-0.14600001275539398;47.875;12.875;15.5;821.0;-235.0;169.0;329.9375;-77.3125;149.0625;-0.6156005859375;0.28338623046875;-0.716552734375;-0.16510009765625;0.058000002056360245;0.1900000125169754;0.03700000047683716;-0.956000030040741;-0.11000000685453415;-0.18300001323223114
715184.0;-0.8980000615119934;0.07900000363588333;-0.14600001275539398;47.875;12.875;15.5;821.0;-235.0;169.0;329.9375;-77.3125;149.0625;-0.6156005859375;0.28338623046875;-0.716552734375;-0.16510009765625;0.058000002056360245;0.1900000125169754;0.03700000047683716;-0.956000030040741;-0.11000000685453415;-0.18300001323223114
715194.0;-0.9670000672340393;0.16600000858306885;-0.12400000542402267;47.875;12.875;15.5;986.0;-281.0;195.0;330.5;-77.5625;148.5;-0.61798095703125;0.2791748046875;-0.716796875;-0.16241455078125;-0.010000000707805157;0.2760000228881836;0.055000003427267075;-0.9570000171661377;-0.11000000685453415;-0.17900000512599945
715204.0;-1.002000093460083;0.22100001573562622;-0.09400000423192978;49.375;13.1875;13.75;991.0;-328.0;151.0;331.375;-77.75;147.8125;-0.62091064453125;0.2734375;-0.7174072265625;-0.158203125;-0.04400000348687172;0.33100003004074097;0.08000000566244125;-0.9580000638961792;-0.11000000685453415;-0.17500001192092896
715214.0;-1.0140000581741333;0.27000001072883606;-0.06300000101327896;49.375;13.1875;13.75;815.0;-421.0;104.0;331.875;-78.0;146.9375;-0.62359619140625;0.27001953125;-0.71685791015625;-0.15606689453125;-0.055000003427267075;0.38100001215934753;0.10600000619888306;-0.9590000510215759;-0.11000000685453415;-0.17000000178813934
715217.0;-1.0140000581741333;0.27000001072883606;-0.06300000101327896;49.375;13.1875;13.75;815.0;-421.0;104.0;331.875;-78.0;146.9375;-0.62359619140625;0.27001953125;-0.71685791015625;-0.15606689453125;-0.055000003427267075;0.38100001215934753;0.10600000619888306;-0.9590000510215759;-0.11000000685453415;-0.17000000178813934
715227.0;-1.0130000114440918;0.31300002336502075;-0.039000000804662704;49.375;13.1875;13.75;449.0;-564.0;101.0;332.0625;-78.3125;146.0;-0.62628173828125;0.2677001953125;-0.71551513671875;-0.155517578125;-0.052000001072883606;0.4230000078678131;0.12400000542402267;-0.9600000381469727;-0.11000000685453415;-0.16300000250339508
715237.0;-1.0230000019073486;0.3970000147819519;0.0;49.375;13.1875;13.75;-97.0;-741.0;147.0;331.875;-78.75;145.125;-0.6287841796875;0.266845703125;-0.71319580078125;-0.15740966796875;-0.06100000441074371;0.5060000419616699;0.15600000321865082;-0.9610000252723694;-0.1080000028014183;-0.15600000321865082
715247.0;-1.034000039100647;0.41700002551078796;0.029000001028180122;49.375;13.1875;13.75;-736.0;-911.0;181.0;331.1875;-79.25;144.4375;-0.63104248046875;0.267822265625;-0.70977783203125;-0.162109375;-0.07000000029802322;0.5230000019073486;0.1770000010728836;-0.9630000591278076;-0.10500000417232513;-0.14800000190734863
715252.0;-1.0490000247955322;0.4280000329017639;0.032999999821186066;49.0;13.5625;11.6875;-1402.0;-1078.0;177.0;330.375;-79.875;143.6875;-0.63348388671875;0.26849365234375;-0.70611572265625;-0.167236328125;-0.08300000429153442;0.5290000438690186;0.1720000058412552;-0.9650000333786011;-0.10100000351667404;-0.1380000114440918
715262.0;-1.0490000247955322;0.4280000329017639;0.032999999821186066;49.0;13.5625;11.6875;-2098.0;-1215.0;147.0;328.75;-80.5;142.8125;-0.6348876953125;0.27386474609375;-0.70037841796875;-0.17730712890625;-0.09100000560283661;0.5520000457763672;0.13600000739097595;-0.9670000672340393;-0.09700000286102295;-0.12800000607967377
715272.0;-1.0860000848770142;0.44300001859664917;0.004000000189989805;49.0;13.5625;11.6875;-2849.0;-1364.0;143.0;326.625;-81.1875;141.8125;-0.63555908203125;0.28155517578125;-0.6932373046875;-0.19024658203125;-0.11700000613927841;0.5350000262260437;0.1210000067949295;-0.9690000414848328;-0.09200000762939453;-0.11700000613927841
715282.0;-1.069000005722046;0.3630000054836273;-0.0650000050663948;49.0;13.5625;11.6875;-3596.0;-1530.0;178.0;324.0;-82.0;140.625;-0.635498046875;0.2913818359375;-0.68463134765625;-0.20623779296875;-0.09800000488758087;0.45000001788139343;0.039000000804662704;-0.971000075340271;-0.0860000029206276;-0.10500000417232513
715287.0;-1.069000005722046;0.3630000054836273;-0.0650000050663948;49.0;13.5625;11.6875;-3596.0;-1530.0;178.0;324.0;-82.0;140.625;-0.635498046875;0.2913818359375;-0.68463134765625;-0.20623779296875;-0.09800000488758087;0.45000001788139343;0.039000000804662704;-0.971000075340271;-0.0860000029206276;-0.10500000417232513
715297.0;-1.069000005722046;0.3630000054836273;-0.0650000050663948;49.0;13.5625;11.6875;-4215.0;-1593.0;219.0;321.0;-82.8125;139.25;-0.63433837890625;0.30291748046875;-0.6748046875;-0.224609375;-0.08300000429153442;0.43700000643730164;0.026000000536441803;-0.9730000495910645;-0.07900000363588333;-0.09200000762939453
715307.0;-1.055999994277954;0.3580000102519989;-0.0650000050663948;49.0;13.5625;11.6875;-4617.0;-1596.0;264.0;317.6875;-83.625;175.6875;-0.63214111328125;0.3154296875;-0.6641845703125;-0.244384765625;-0.055000003427267075;0.4910000264644623;0.03200000151991844;-0.9740000367164612;-0.07200000435113907;-0.07900000363588333
715317.0;-1.0290000438690186;0.4180000126361847;-0.04700000211596489;49.0;12.1875;11.6875;-4884.0;-1511.0;319.0;314.25;-84.4375;176.125;-0.628662109375;0.32855224609375;-0.65313720703125;-0.2650146484375;-0.04800000041723251;0.5080000162124634;0.00800000037997961;-0.9760000705718994;-0.0650000050663948;-0.06700000166893005
715319.0;-1.0290000438690186;0.4180000126361847;-0.04700000211596489;49.0;12.1875;11.6875;-4884.0;-1511.0;319.0;314.25;-84.4375;176.125;-0.628662109375;0.32855224609375;-0.65313720703125;-0.2650146484375;-0.04800000041723251;0.5080000162124634;0.00800000037997961;-0.9760000705718994;-0.0650000050663948;-0.06700000166893005
715329.0;-1.0240000486373901;0.44200003147125244;-0.058000002056360245;49.0;12.1875;11.6875;-5236.0;-1443.0;420.0;310.5625;-85.25;176.5625;-0.62371826171875;0.34228515625;-0.6414794921875;-0.286865234375;-0.06000000238418579;0.5160000324249268;0.009000000543892384;-0.9770000576972961;-0.05700000375509262;-0.0560000017285347
715339.0;-1.037000060081482;0.45900002121925354;-0.046000003814697266;49.0;12.1875;11.6875;-5848.0;-1449.0;596.0;306.4375;-86.125;177.125;-0.6168212890625;0.357177734375;-0.628662109375;-0.31109619140625;-0.08300000429153442;0.5200000405311584;0.08700000494718552;-0.9780000448226929;-0.04800000041723251;-0.04400000348687172
715349.0;-1.061000108718872;0.47200003266334534;0.0430000014603138;49.0;12.1875;11.6875;-6670.0;-1504.0;805.0;301.75;-87.0625;177.75;-0.6075439453125;0.37347412109375;-0.6138916015625;-0.33843994140625;-0.1510000079870224;0.5090000033378601;0.2580000162124634;-0.9790000319480896;-0.03700000047683716;-0.03200000151991844
715354.0;-1.13100004196167;0.47200003266334534;0.22600001096725464;49.0;12.1875;11.6875;-6670.0;-1504.0;805.0;301.75;-87.0625;177.75;-0.59552001953125;0.3916015625;-0.59637451171875;-0.369140625;-0.16900001466274261;0.47200003266334534;0.28700000047683716;-0.9800000190734863;-0.02500000037252903;-0.017000000923871994
715364.0;-1.1490000486373901;0.44600000977516174;0.26900002360343933;50.75;9.1875;9.5625;-7631.0;-1630.0;957.0;296.375;-88.125;178.5;-0.58074951171875;0.41143798828125;-0.57568359375;-0.4024658203125;-0.16900001466274261;0.4190000295639038;0.3450000286102295;-0.9800000190734863;-0.014000000432133675;-0.0010000000474974513
715374.0;-1.1500000953674316;0.4050000309944153;0.3440000116825104;50.75;9.1875;9.5625;-9225.0;-1809.0;995.0;284.375;-89.0;0.25;-0.56341552734375;0.43231201171875;-0.55206298828125;-0.43695068359375;-0.16900001466274261;0.3620000183582306;0.40400001406669617;-0.9800000190734863;-0.004000000189989805;0.01600000075995922
715384.0;-1.1490000486373901;0.3570000231266022;0.42000001668930054;50.75;9.1875;9.5625;-9620.0;-1858.0;948.0;278.125;-87.875;-0.125;-0.5439453125;0.45330810546875;-0.5257568359375;-0.47137451171875;-0.1860000044107437;0.23100000619888306;0.5180000066757202;-0.9800000190734863;0.0020000000949949026;0.03500000014901161
715386.0;-1.1490000486373901;0.3570000231266022;0.42000001668930054;50.75;9.1875;9.5625;-9620.0;-1858.0;948.0;278.125;-87.875;-0.125;-0.5439453125;0.45330810546875;-0.5257568359375;-0.47137451171875;-0.1860000044107437;0.23100000619888306;0.5180000066757202;-0.9800000190734863;0.0020000000949949026;0.03500000014901161
715396.0;-1.1660000085830688;0.23400001227855682;0.5530000329017639;50.75;9.1875;9.5625;-9739.0;-1898.0;892.0;272.0;-86.6875;-0.375;-0.52294921875;0.473388671875;-0.49755859375;-0.50482177734375;-0.19700001180171967;0.164000004529953;0.5410000085830688;-0.9790000319480896;0.007000000216066837;0.055000003427267075
715406.0;-1.1759999990463257;0.17100000381469727;0.5960000157356262;50.75;9.1875;9.5625;-9739.0;-1898.0;892.0;272.0;-86.6875;-0.375;-0.52294921875;0.473388671875;-0.49755859375;-0.50482177734375;-0.20800000429153442;0.11700000613927841;0.5600000023841858;-0.9770000576972961;0.009000000543892384;0.07600000500679016
715416.0;-1.186000108718872;0.12600000202655792;0.6360000371932983;50.6875;3.1875;6.375;-9672.0;-1947.0;869.0;266.0;-85.4375;-0.5;-0.50091552734375;0.491943359375;-0.4678955078125;-0.53680419921875;-0.20800000429153442;0.11700000613927841;0.5600000023841858;-0.9750000238418579;0.009000000543892384;0.09800000488758087
715419.0;-1.186000108718872;0.12600000202655792;0.6360000371932983;50.6875;3.1875;6.375;-9672.0;-1947.0;869.0;266.0;-85.4375;-0.5;-0.50091552734375;0.491943359375;-0.4678955078125;-0.53680419921875;-0.20800000429153442;0.11700000613927841;0.5600000023841858;-0.9750000238418579;0.009000000543892384;0.09800000488758087
715429.0;-1.2140001058578491;0.07000000029802322;0.7070000171661377;50.6875;3.1875;6.375;-9429.0;-2030.0;897.0;254.8125;-82.8125;-4.1875;-0.4556884765625;0.52178955078125;-0.4071044921875;-0.59527587890625;-0.25300002098083496;0.03700000047683716;0.612000048160553;-0.9730000495910645;0.00800000037997961;0.1210000067949295
715439.0;-1.2260000705718994;0.046000003814697266;0.734000027179718;50.6875;3.1875;6.375;-9032.0;-2157.0;938.0;249.8125;-81.4375;-2.5625;-0.4337158203125;0.5325927734375;-0.3770751953125;-0.621337890625;-0.26500001549720764;0.013000000268220901;0.6340000033378601;-0.9690000414848328;0.006000000052154064;0.14500001072883606
715449.0;-1.2350000143051147;0.020000001415610313;0.7800000309944153;50.6875;3.1875;6.375;-8511.0;-2265.0;932.0;245.25;-80.0;-0.6875;-0.4130859375;0.540771484375;-0.3480224609375;-0.64483642578125;-0.2750000059604645;-0.032999999821186066;0.6680000424385071;-0.9650000333786011;0.0020000000949949026;0.16900001466274261
715459.0;-1.2410000562667847;-0.03100000135600567;0.8380000591278076;50.6875;3.1875;6.375;-7858.0;-2322.0;844.0;245.25;-80.0;-0.6875;-0.4130859375;0.540771484375;-0.3480224609375;-0.64483642578125;-0.2750000059604645;-0.032999999821186066;0.6680000424385071;-0.9650000333786011;0.0020000000949949026;0.16900001466274261
715469.0;-1.2580000162124634;-0.1730000078678131;0.8750000596046448;52.1875;-3.5;1.0;-7053.0;-2345.0;634.0;241.3125;-78.5625;1.4375;-0.394775390625;0.54656982421875;-0.32049560546875;-0.6654052734375;-0.29600000381469727;-0.1680000126361847;0.6820000410079956;-0.9610000252723694;-0.004000000189989805;0.19300000369548798
715471.0;-1.2790000438690186;-0.21700000762939453;0.8480000495910645;52.1875;-3.5;1.0;-6166.0;-2392.0;338.0;238.125;-77.1875;3.875;-0.36785888671875;0.55145263671875;-0.27044677734375;-0.6981201171875;-0.3270000219345093;-0.20600001513957977;0.593000054359436;-0.9500000476837158;-0.027000000700354576;0.24000000953674316
715481.0;-1.277000069618225;-0.23400001227855682;0.8340000510215759;52.1875;-3.5;1.0;-5295.0;-2485.0;11.0;235.5625;-75.6875;6.5;-0.35955810546875;0.55096435546875;-0.2476806640625;-0.711181640625;-0.3270000219345093;-0.19700001180171967;0.5950000286102295;-0.9430000185966492;-0.0430000014603138;0.2639999985694885
715491.0;-1.2700001001358032;-0.24000000953674316;0.8600000143051147;52.1875;-3.5;1.0;-4519.0;-2585.0;-340.0;233.625;-74.0625;9.1875;-0.354248046875;0.54913330078125;-0.2261962890625;-0.72235107421875;-0.33400002121925354;-0.18300001323223114;0.5830000042915344;-0.9350000619888306;-0.06000000238418579;0.2880000174045563
715501.0;-1.2690000534057617;-0.24400001764297485;0.8720000386238098;52.1875;-3.5;1.0;-3846.0;-2632.0;-678.0;232.1875;-72.4375;11.875;-0.354248046875;0.54913330078125;-0.2261962890625;-0.72235107421875;-0.33400002121925354;-0.18300001323223114;0.5830000042915344;-0.9350000619888306;-0.06000000238418579;0.2880000174045563
715503.0;-1.2690000534057617;-0.24400001764297485;0.8720000386238098;52.1875;-3.5;1.0;-3846.0;-2632.0;-678.0;232.1875;-72.4375;11.875;-0.354248046875;0.54913330078125;-0.2261962890625;-0.72235107421875;-0.33400002121925354;-0.18300001323223114;0.5830000042915344;-0.9350000619888306;-0.06000000238418579;0.2880000174045563
715513.0;-1.2850000858306885;-0.2160000056028366;0.8860000371932983;51.75;-5.0;-5.75;-3321.0;-2685.0;-949.0;231.25;-70.75;14.4375;-0.351318359375;0.54608154296875;-0.20574951171875;-0.732177734375;-0.359000027179718;-0.13600000739097595;0.5740000009536743;-0.9250000715255737;-0.08000000566244125;0.31200000643730164
715523.0;-1.308000087738037;-0.24900001287460327;0.8870000243186951;51.75;-5.0;-5.75;-3012.0;-2731.0;-1220.0;230.5625;-68.9375;17.0;-0.3502197265625;0.54229736328125;-0.1854248046875;-0.7408447265625;-0.4150000214576721;-0.17500001192092896;0.5160000324249268;-0.9030000567436218;-0.12700000405311584;0.359000027179718
715533.0;-1.318000078201294;-0.3020000159740448;0.8760000467300415;51.75;-5.0;-5.75;-2788.0;-2786.0;-1473.0;230.1875;-67.0625;19.5;-0.35064697265625;0.537841796875;-0.16510009765625;-0.7486572265625;-0.4240000247955322;-0.23200000822544098;0.492000013589859;-0.8890000581741333;-0.15200001001358032;0.3830000162124634
715543.0;-1.3140000104904175;-0.3850000202655792;0.8760000467300415;51.75;-5.0;-5.75;-2618.0;-2918.0;-1557.0;229.875;-65.0625;21.625;-0.35186767578125;0.53240966796875;-0.1448974609375;-0.75616455078125;-0.4240000247955322;-0.23200000822544098;0.492000013589859;-0.8740000128746033;-0.17800000309944153;0.40700000524520874
715553.0;-1.3200000524520874;-0.4350000321865082;0.8690000176429749;51.75;-5.0;-5.75;-2540.0;-3031.0;-1612.0;229.625;-63.0;23.5625;-0.3533935546875;0.526123046875;-0.12457275390625;-0.763427734375;-0.44600000977516174;-0.25699999928474426;0.4620000123977661;-0.8740000128746033;-0.17800000309944153;0.40700000524520874
715555.0;-1.3200000524520874;-0.4350000321865082;0.8690000176429749;51.75;-5.0;-5.75;-2540.0;-3031.0;-1612.0;229.625;-63.0;23.5625;-0.3533935546875;0.526123046875;-0.12457275390625;-0.763427734375;-0.44600000977516174;-0.25699999928474426;0.4620000123977661;-0.8740000128746033;-0.17800000309944153;0.40700000524520874
715565.0;-1.3290001153945923;-0.5090000033378601;0.8610000610351562;49.6875;-1.0;-12.6875;-2424.0;-3124.0;-1529.0;229.375;-60.9375;25.1875;-0.354736328125;0.5189208984375;-0.104736328125;-0.7706298828125;-0.47200003266334534;-0.3070000112056732;0.4300000071525574;-0.8570000529289246;-0.20200000703334808;0.4310000240802765
715575.0;-1.2640000581741333;-0.5980000495910645;0.8550000190734863;49.6875;-1.0;-12.6875;-2043.0;-3256.0;-1242.0;229.125;-58.8125;26.125;-0.35595703125;0.51007080078125;-0.08685302734375;-0.7781982421875;-0.42500001192092896;-0.37400001287460327;0.4000000059604645;-0.8390000462532043;-0.22300000488758087;0.45500001311302185
715585.0;-1.222000002861023;-0.5020000338554382;0.8560000658035278;49.6875;-1.0;-12.6875;-1407.0;-3366.0;-852.0;228.8125;-56.75;26.25;-0.35711669921875;0.49920654296875;-0.07244873046875;-0.7861328125;-0.4020000100135803;-0.2639999985694885;0.3750000298023224;-0.8200000524520874;-0.2370000183582306;0.48100003600120544
715591.0;-1.222000002861023;-0.42600002884864807;0.859000027179718;49.6875;-1.0;-12.6875;-857.0;-3409.0;-722.0;228.625;-54.6875;26.0;-0.359130859375;0.48681640625;-0.060546875;-0.7939453125;-0.42100003361701965;-0.1770000010728836;0.3500000238418579;-0.800000011920929;-0.24800001084804535;0.5080000162124634
715601.0;-1.227000117301941;-0.4300000071525574;0.8700000643730164;49.6875;-1.0;-12.6875;-488.0;-3420.0;-729.0;228.5625;-52.625;25.625;-0.3619384765625;0.47357177734375;-0.0501708984375;-0.8013916015625;-0.44700002670288086;-0.1730000078678131;0.33400002121925354;-0.7790000438690186;-0.25699999928474426;0.5350000262260437
715611.0;-1.2330000400543213;-0.4660000205039978;0.9150000214576721;47.0;3.0;-20.5625;-145.0;-3467.0;-674.0;228.5625;-50.5625;25.0625;-0.36529541015625;0.45928955078125;-0.04119873046875;-0.80865478515625;-0.4750000238418579;-0.203000009059906;0.35200002789497375;-0.7570000290870667;-0.2630000114440918;0.5630000233650208
715621.0;-1.2300000190734863;-0.46400001645088196;0.9340000152587891;47.0;3.0;-20.5625;-145.0;-3467.0;-674.0;228.5625;-48.5;24.5;-0.36846923828125;0.44482421875;-0.03228759765625;-0.815673828125;-0.49500003457069397;-0.19500000774860382;0.3440000116825104;-0.734000027179718;-0.26900002360343933;0.5900000333786011
715623.0;-1.2300000190734863;-0.46400001645088196;0.9340000152587891;47.0;3.0;-20.5625;-145.0;-3467.0;-674.0;228.5625;-48.5;24.5;-0.36846923828125;0.44482421875;-0.03228759765625;-0.815673828125;-0.49500003457069397;-0.19500000774860382;0.3440000116825104;-0.734000027179718;-0.26900002360343933;0.5900000333786011
715633.0;-1.2260000705718994;-0.44600000977516174;0.9380000233650208;47.0;3.0;-20.5625;-85.0;-3498.0;-643.0;228.625;-46.4375;24.0;-0.37158203125;0.42999267578125;-0.0235595703125;-0.822509765625;-0.51500004529953;-0.17100000381469727;0.32100000977516174;-0.7100000381469727;-0.2750000059604645;0.6160000562667847
715643.0;-1.225000023841858;-0.4140000343322754;0.9450000524520874;47.0;3.0;-20.5625;2.0;-3577.0;-762.0;228.6875;-44.25;23.5625;-0.37530517578125;0.4144287109375;-0.01483154296875;-0.8289794921875;-0.5400000214576721;-0.13300000131130219;0.3020000159740448;-0.6840000152587891;-0.2800000011920929;0.6430000066757202
715653.0;-1.1810001134872437;-0.4010000228881836;0.9530000686645508;47.0;3.0;-20.5625;70.0;-3612.0;-808.0;228.8125;-42.0625;23.125;-0.37921142578125;0.39849853515625;-0.0062255859375;-0.8350830078125;-0.5240000486373901;-0.11500000208616257;0.2840000092983246;-0.6570000052452087;-0.28600001335144043;0.6690000295639038
715663.0;-1.156000018119812;-0.42100003361701965;0.9470000267028809;41.375;6.0;-27.375;140.0;-3648.0;-833.0;228.9375;-39.8125;22.6875;-0.3831787109375;0.382080078125;0.00225830078125;-0.8409423828125;-0.527999997138977;-0.1300000101327896;0.25200000405311584;-0.628000020980835;-0.2900000214576721;0.6940000057220459
715673.0;-1.1360000371932983;-0.4190000295639038;0.9390000700950623;41.375;6.0;-27.375;163.0;-3703.0;-865.0;229.125;-37.5625;22.3125;-0.38726806640625;0.365234375;0.0107421875;-0.84649658203125;-0.5380000472068787;-0.12300000339746475;0.2200000137090683;-0.5980000495910645;-0.29500001668930054;0.718000054359436
715676.0;-1.1360000371932983;-0.4190000295639038;0.9390000700950623;41.375;6.0;-27.375;163.0;-3703.0;-865.0;229.125;-37.5625;22.3125;-0.38726806640625;0.365234375;0.0107421875;-0.84649658203125;-0.5380000472068787;-0.12300000339746475;0.2200000137090683;-0.5980000495910645;-0.29500001668930054;0.718000054359436
715686.0;-1.0920000076293945;-0.40400001406669617;0.9000000357627869;41.375;6.0;-27.375;166.0;-3748.0;-872.0;229.3125;-35.25;21.9375;-0.39117431640625;0.3480224609375;0.01934814453125;-0.85174560546875;-0.5260000228881836;-0.10500000417232513;0.15700000524520874;-0.5660000443458557;-0.2990000247955322;0.7420000433921814
715696.0;-1.058000087738037;-0.41100001335144043;0.9160000681877136;41.375;6.0;-27.375;183.0;-3768.0;-818.0;229.4375;-32.9375;21.5625;-0.39471435546875;0.33056640625;0.02777099609375;-0.8568115234375;-0.5240000486373901;-0.1080000028014183;0.1510000079870224;-0.5330000519752502;-0.3020000159740448;0.7640000581741333
715706.0;-1.058000087738037;-0.41100001335144043;0.9160000681877136;41.375;6.0;-27.375;221.0;-3798.0;-721.0;229.5;-30.6875;21.125;-0.397705078125;0.312744140625;0.03594970703125;-0.86181640625;-0.5250000357627869;-0.11300000548362732;0.14600001275539398;-0.5;-0.30400002002716064;0.7860000133514404
715716.0;-1.0260000228881836;-0.4180000126361847;0.9320000410079956;41.375;6.0;-27.375;243.0;-3821.0;-644.0;229.5625;-28.375;20.75;-0.4002685546875;0.29461669921875;0.0439453125;-0.86663818359375;-0.534000039100647;-0.10400000214576721;0.14800000190734863;-0.4660000205039978;-0.3050000071525574;0.8060000538825989
715726.0;-1.0;-0.4100000262260437;0.9550000429153442;34.6875;6.0625;-34.75;207.0;-3831.0;-594.0;229.5625;-26.0625;20.375;-0.40234375;0.2764892578125;0.052001953125;-0.8712158203125;-0.5120000243186951;-0.07700000703334808;0.14600001275539398;-0.4310000240802765;-0.3060000240802765;0.8250000476837158
715726.0;-1.0;-0.4100000262260437;0.9550000429153442;34.6875;6.0625;-34.75;207.0;-3831.0;-594.0;229.5625;-26.0625;20.375;-0.40234375;0.2764892578125;0.052001953125;-0.8712158203125;-0.5120000243186951;-0.07700000703334808;0.14600001275539398;-0.4310000240802765;-0.3060000240802765;0.8250000476837158
715736.0;-0.9430000185966492;-0.3840000033378601;0.971000075340271;34.6875;6.0625;-34.75;119.0;-3848.0;-555.0;229.5;-23.75;20.0625;-0.4039306640625;0.25830078125;0.0604248046875;-0.87548828125;-0.5320000052452087;-0.055000003427267075;0.1080000028014183;-0.39500001072883606;-0.30800002813339233;0.8420000672340393
715746.0;-0.9270000457763672;-0.3630000054836273;0.9510000348091125;34.6875;6.0625;-34.75;49.0;-3844.0;-541.0;229.4375;-21.5;19.8125;-0.4051513671875;0.240234375;0.069091796875;-0.87939453125;-0.5400000214576721;-0.029000001028180122;0.07300000637769699;-0.359000027179718;-0.3100000023841858;0.8580000400543213
715756.0;-0.8990000486373901;-0.33900001645088196;0.9310000538825989;34.6875;6.0625;-34.75;34.0;-3813.0;-571.0;229.375;-19.1875;19.625;-0.4063720703125;0.22216796875;0.07781982421875;-0.88287353515625;-0.5300000309944153;-0.026000000536441803;0.04400000348687172;-0.32200002670288086;-0.3110000193119049;0.8710000514984131
715766.0;-0.8530000448226929;-0.33800002932548523;0.9160000681877136;34.6875;6.0625;-34.75;34.0;-3813.0;-571.0;229.4375;-16.875;19.5;-0.4078369140625;0.2041015625;0.0865478515625;-0.8857421875;-0.4790000319480896;-0.032999999821186066;0.04200000315904617;-0.2850000262260437;-0.31300002336502075;0.8840000629425049
715776.0;-0.7640000581741333;-0.3460000157356262;0.9260000586509705;26.1875;8.0;-39.75;36.0;-3792.0;-656.0;229.4375;-16.875;19.5;-0.40985107421875;0.18603515625;0.0953369140625;-0.88787841796875;-0.492000013589859;-0.006000000052154064;0.03500000014901161;-0.24700000882148743;-0.3150000274181366;0.8940000534057617
715781.0;-0.7390000224113464;-0.32200002670288086;0.9300000667572021;26.1875;8.0;-39.75;31.0;-3729.0;-956.0;229.75;-12.25;19.3125;-0.412353515625;0.16796875;0.10418701171875;-0.8892822265625;-0.5130000114440918;0.021000001579523087;0.004000000189989805;-0.20800000429153442;-0.31700000166893005;0.9040000438690186
715791.0;-0.7220000624656677;-0.29600000381469727;0.9080000519752502;26.1875;8.0;-39.75;14.0;-3687.0;-1035.0;230.0;-9.9375;19.3125;-0.4151611328125;0.1500244140625;0.113037109375;-0.89013671875;-0.5400000214576721;0.04400000348687172;-0.020000001415610313;-0.16900001466274261;-0.3190000057220459;0.9110000729560852
715801.0;-0.7100000381469727;-0.27400001883506775;0.89000004529953;26.1875;8.0;-39.75;-36.0;-3657.0;-1052.0;230.25;-7.625;19.3125;-0.41778564453125;0.13226318359375;0.12200927734375;-0.89056396484375;-0.5250000357627869;0.10300000756978989;-0.07900000363588333;-0.13100001215934753;-0.32100000977516174;0.9170000553131104
715811.0;-0.656000018119812;-0.21800000965595245;0.8370000123977661;26.1875;8.0;-39.75;-36.0;-3657.0;-1052.0;230.25;-7.625;19.3125;-0.41778564453125;0.13226318359375;0.12200927734375;-0.89056396484375;-0.5270000100135803;0.125;-0.10200000554323196;-0.09200000762939453;-0.3230000138282776;0.921000063419342
715821.0;-0.6190000176429749;-0.1980000138282776;0.8180000185966492;17.6875;8.25;-43.5625;-90.0;-3626.0;-1049.0;230.5;-5.375;19.3125;-0.42022705078125;0.11474609375;0.13116455078125;-0.8905029296875;-0.5270000100135803;0.125;-0.10200000554323196;-0.05300000309944153;-0.32500001788139343;0.9230000376701355
715831.0;-0.6020000576972961;-0.17800000309944153;0.8010000586509705;17.6875;8.25;-43.5625;-121.0;-3602.0;-1031.0;231.0;-0.875;19.4375;-0.42431640625;0.07989501953125;0.149169921875;-0.88958740234375;-0.5480000376701355;0.19100001454353333;-0.20400001108646393;-0.015000000596046448;-0.32600000500679016;0.9240000247955322
715831.0;-0.6020000576972961;-0.17800000309944153;0.8010000586509705;17.6875;8.25;-43.5625;-121.0;-3602.0;-1031.0;231.0;-0.875;19.4375;-0.42431640625;0.07989501953125;0.149169921875;-0.88958740234375;-0.5480000376701355;0.19100001454353333;-0.20400001108646393;-0.015000000596046448;-0.32600000500679016;0.9240000247955322
715841.0;-0.5630000233650208;-0.13500000536441803;0.7190000414848328;17.6875;8.25;-43.5625;-75.0;-3583.0;-992.0;231.125;1.3125;19.375;-0.42572021484375;0.06231689453125;0.1571044921875;-0.888916015625;-0.5420000553131104;0.2120000123977661;-0.2240000069141388;0.02200000174343586;-0.32500001788139343;0.9240000247955322
715851.0;-0.5190000534057617;-0.11300000548362732;0.6990000605583191;17.6875;8.25;-43.5625;72.0;-3558.0;-904.0;231.25;3.4375;19.1875;-0.42633056640625;0.04449462890625;0.16375732421875;-0.88848876953125;-0.527999997138977;0.2160000056028366;-0.242000013589859;0.05900000408291817;-0.32200002670288086;0.9240000247955322
715861.0;-0.4690000116825104;-0.10500000417232513;0.6810000538825989;17.6875;8.25;-43.5625;316.0;-3513.0;-750.0;231.25;3.4375;19.1875;-0.42633056640625;0.04449462890625;0.16375732421875;-0.88848876953125;-0.527999997138977;0.2160000056028366;-0.242000013589859;0.05900000408291817;-0.32200002670288086;0.9240000247955322
715871.0;-0.4270000159740448;-0.09600000083446503;0.675000011920929;8.0625;8.75;-47.6875;631.0;-3465.0;-595.0;231.25;5.5625;18.875;-0.42620849609375;0.02630615234375;0.168701171875;-0.88836669921875;-0.5220000147819519;0.21900001168251038;-0.24800001084804535;0.0950000062584877;-0.3150000274181366;0.9230000376701355
715881.0;-0.33000001311302185;-0.052000001072883606;0.6370000243186951;8.0625;8.75;-47.6875;978.0;-3439.0;-483.0;231.125;7.625;18.3125;-0.4239501953125;-0.01165771484375;0.1734619140625;-0.88885498046875;-0.4410000145435333;0.2580000162124634;-0.2939999997615814;0.164000004529953;-0.29200002551078796;0.921000063419342
715883.0;-0.33000001311302185;-0.052000001072883606;0.6370000243186951;8.0625;8.75;-47.6875;978.0;-3439.0;-483.0;231.125;7.625;18.3125;-0.4239501953125;-0.01165771484375;0.1734619140625;-0.88885498046875;-0.4410000145435333;0.2580000162124634;-0.2939999997615814;0.164000004529953;-0.29200002551078796;0.921000063419342
715893.0;-0.2760000228881836;-0.03400000184774399;0.6260000467300415;8.0625;8.75;-47.6875;1294.0;-3403.0;-338.0;230.9375;9.625;17.5625;-0.42138671875;-0.0311279296875;0.1737060546875;-0.8895263671875;-0.42000001668930054;0.24400001764297485;-0.3050000071525574;0.19700001180171967;-0.2770000100135803;0.9190000295639038
715903.0;-0.22200001776218414;-0.032999999821186066;0.6130000352859497;8.0625;8.75;-47.6875;1550.0;-3385.0;-157.0;230.6875;11.625;16.75;-0.41778564453125;-0.0509033203125;0.173095703125;-0.89044189453125;-0.3890000283718109;0.20800000429153442;-0.31300002336502075;0.23000000417232513;-0.2600000202655792;0.9160000681877136
715913.0;-0.15900000929832458;-0.05100000277161598;0.6020000576972961;8.0625;8.75;-47.6875;1732.0;-3401.0;30.0;230.25;13.5625;15.8125;-0.41778564453125;-0.0509033203125;0.173095703125;-0.89044189453125;-0.3890000283718109;0.20800000429153442;-0.31300002336502075;0.23000000417232513;-0.2600000202655792;0.9160000681877136
715919.0;-0.15900000929832458;-0.05100000277161598;0.6020000576972961;8.0625;8.75;-47.6875;1732.0;-3401.0;30.0;230.25;13.5625;15.8125;-0.41778564453125;-0.0509033203125;0.173095703125;-0.89044189453125;-0.3890000283718109;0.20800000429153442;-0.31300002336502075;0.23000000417232513;-0.2600000202655792;0.9160000681877136
715929.0;-0.08400000631809235;-0.07000000029802322;0.5220000147819519;-1.25;9.875;-48.6875;1810.0;-3428.0;182.0;229.6875;15.5625;14.9375;-0.4132080078125;-0.07086181640625;0.17218017578125;-0.89141845703125;-0.34800001978874207;0.1730000078678131;-0.39000001549720764;0.2630000114440918;-0.24300001561641693;0.9120000600814819
715939.0;-0.052000001072883606;-0.0560000017285347;0.49800002574920654;-1.25;9.875;-48.6875;1813.0;-3398.0;245.0;229.125;17.5;14.0;-0.408203125;-0.090576171875;0.17108154296875;-0.89215087890625;-0.32500001788139343;0.14600001275539398;-0.41200003027915955;0.32600000500679016;-0.2110000103712082;0.9000000357627869
715949.0;0.0010000000474974513;-0.0650000050663948;0.4870000183582306;-1.25;9.875;-48.6875;1724.0;-3370.0;320.0;228.5625;19.4375;13.1875;-0.40277099609375;-0.10986328125;0.17034912109375;-0.892578125;-0.26600000262260437;0.0820000022649765;-0.35500001907348633;0.3570000231266022;-0.1980000138282776;0.8910000324249268
715959.0;0.09100000560283661;-0.11600000411272049;0.5350000262260437;-1.25;9.875;-48.6875;1486.0;-3321.0;433.0;227.875;21.3125;12.5625;-0.39678955078125;-0.12823486328125;0.170654296875;-0.89276123046875;-0.26600000262260437;0.0820000022649765;-0.35500001907348633;0.38700002431869507;-0.1900000125169754;0.8800000548362732
715969.0;0.13900001347064972;-0.16600000858306885;0.5670000314712524;-1.25;9.875;-48.6875;1126.0;-3290.0;520.0;227.25;23.1875;12.1875;-0.39056396484375;-0.1456298828125;0.17254638671875;-0.8924560546875;-0.24700000882148743;0.023000001907348633;-0.31200000643730164;0.38700002431869507;-0.1900000125169754;0.8800000548362732
715971.0;0.1720000058412552;-0.23000000417232513;0.6010000109672546;-10.0625;5.0625;-47.75;738.0;-3259.0;554.0;226.625;25.0625;12.0625;-0.38433837890625;-0.16192626953125;0.17620849609375;-0.89166259765625;-0.24300001561641693;-0.04400000348687172;-0.2670000195503235;0.41600000858306885;-0.1860000044107437;0.8680000305175781
715981.0;0.164000004529953;-0.27300000190734863;0.6160000562667847;-10.0625;5.0625;-47.75;365.0;-3251.0;556.0;226.0;26.9375;12.1875;-0.3782958984375;-0.17742919921875;0.1815185546875;-0.89019775390625;-0.27900001406669617;-0.08800000697374344;-0.2370000183582306;0.4440000355243683;-0.1850000023841858;0.8540000319480896
715991.0;0.11000000685453415;-0.2630000114440918;0.5520000457763672;-10.0625;5.0625;-47.75;87.0;-3253.0;511.0;225.5;28.75;12.5625;-0.3726806640625;-0.1923828125;0.18804931640625;-0.88812255859375;-0.36100003123283386;-0.07600000500679016;-0.28600001335144043;0.47200003266334534;-0.1860000044107437;0.8380000591278076
716001.0;0.10400000214576721;-0.2410000115633011;0.531000018119812;-10.0625;5.0625;-47.75;-67.0;-3276.0;495.0;225.0;30.625;13.0;-0.3670654296875;-0.20709228515625;0.1953125;-0.88555908203125;-0.39500001072883606;-0.05100000277161598;-0.2900000214576721;0.5;-0.1900000125169754;0.8210000395774841
716004.0;0.10400000214576721;-0.2410000115633011;0.531000018119812;-10.0625;5.0625;-47.75;-67.0;-3276.0;495.0;225.0;30.625;13.0;-0.3670654296875;-0.20709228515625;0.1953125;-0.88555908203125;-0.39500001072883606;-0.05100000277161598;-0.2900000214576721;0.5;-0.1900000125169754;0.8210000395774841
716014.0;0.11800000816583633;-0.22800001502037048;0.49500003457069397;-10.0625;5.0625;-47.75;-132.0;-3296.0;557.0;224.5;32.5;13.5625;-0.36114501953125;-0.22161865234375;0.202880859375;-0.88275146484375;-0.40800002217292786;-0.03400000184774399;-0.3070000112056732;0.5270000100135803;-0.1940000057220459;0.8030000329017639
716024.0;0.14900000393390656;-0.20900000631809235;0.4540000259876251;-17.5625;1.75;-45.375;-132.0;-3320.0;659.0;223.875;34.375;14.1875;-0.3546142578125;-0.23614501953125;0.2105712890625;-0.8798828125;-0.40400001406669617;-0.010000000707805157;-0.3290000259876251;0.5530000329017639;-0.1990000158548355;0.784000039100647
716034.0;0.20600001513957977;-0.2120000123977661;0.3760000169277191;-17.5625;1.75;-45.375;-118.0;-3327.0;754.0;223.1875;36.1875;14.9375;-0.3475341796875;-0.25048828125;0.21826171875;-0.8768310546875;-0.3720000088214874;-0.00800000037997961;-0.38700002431869507;0.5790000557899475;-0.20400001108646393;0.7640000581741333
716044.0;0.2330000102519989;-0.21700000762939453;0.35100001096725464;-17.5625;1.75;-45.375;-103.0;-3334.0;834.0;222.5;38.0;15.8125;-0.33990478515625;-0.26470947265625;0.22589111328125;-0.87371826171875;-0.3700000047683716;-0.007000000216066837;-0.39100003242492676;0.6040000319480896;-0.21000000834465027;0.7430000305175781
716054.0;0.24400001764297485;-0.20800000429153442;0.3360000252723694;-17.5625;1.75;-45.375;-103.0;-3337.0;900.0;221.6875;39.8125;16.75;-0.33184814453125;-0.27880859375;0.23358154296875;-0.870361328125;-0.3830000162124634;0.00800000037997961;-0.3840000033378601;0.6270000338554382;-0.21700000762939453;0.7210000157356262
716056.0;0.24400001764297485;-0.20800000429153442;0.3360000252723694;-17.5625;1.75;-45.375;-103.0;-3337.0;900.0;221.6875;39.8125;16.75;-0.33184814453125;-0.27880859375;0.23358154296875;-0.870361328125;-0.3830000162124634;0.00800000037997961;-0.3840000033378601;0.6270000338554382;-0.21700000762939453;0.7210000157356262
716066.0;0.2750000059604645;-0.20400001108646393;0.29600000381469727;-17.5625;1.75;-45.375;-96.0;-3315.0;992.0;220.875;41.5;17.8125;-0.32330322265625;-0.2926025390625;0.24127197265625;-0.86700439453125;-0.37400001287460327;0.020000001415610313;-0.4020000100135803;0.6500000357627869;-0.2240000069141388;0.6980000138282776
716076.0;0.34700000286102295;-0.24400001764297485;0.2580000162124634;-25.75;2.875;-42.0;-84.0;-3277.0;1102.0;219.9375;43.1875;19.0;-0.31414794921875;-0.30596923828125;0.2489013671875;-0.863525390625;-0.3240000009536743;-0.01100000087171793;-0.41700002551078796;0.6710000038146973;-0.2330000102519989;0.675000011920929
716086.0;0.36400002241134644;-0.2670000195503235;0.2600000202655792;-25.75;2.875;-42.0;-123.0;-3249.0;1162.0;219.0;44.8125;20.375;-0.30474853515625;-0.31903076171875;0.2567138671875;-0.85992431640625;-0.3270000219345093;-0.02500000037252903;-0.39100003242492676;0.6910000443458557;-0.242000013589859;0.6510000228881836
716089.0;0.36400002241134644;-0.2670000195503235;0.2600000202655792;-25.75;2.875;-42.0;-123.0;-3249.0;1162.0;219.0;44.8125;20.375;-0.30474853515625;-0.31903076171875;0.2567138671875;-0.85992431640625;-0.3270000219345093;-0.02500000037252903;-0.39100003242492676;0.6910000443458557;-0.242000013589859;0.6510000228881836
716099.0;0.3880000114440918;-0.2930000126361847;0.22300000488758087;-25.75;2.875;-42.0;-243.0;-3203.0;1174.0;218.0625;46.375;21.875;-0.29541015625;-0.33154296875;0.264892578125;-0.85595703125;-0.32100000977516174;-0.04000000283122063;-0.40300002694129944;0.7100000381469727;-0.25200000405311584;0.6270000338554382
716109.0;0.4220000207424164;-0.33900001645088196;0.1290000081062317;-25.75;2.875;-42.0;-408.0;-3178.0;1107.0;217.1875;47.875;23.625;-0.28662109375;-0.3436279296875;0.2735595703125;-0.85137939453125;-0.3050000071525574;-0.07600000500679016;-0.47200003266334534;0.7270000576972961;-0.2630000114440918;0.6020000576972961
716119.0;0.4220000207424164;-0.33900001645088196;0.1290000081062317;-25.75;2.875;-42.0;-577.0;-3141.0;1009.0;216.4375;49.375;25.5;-0.278564453125;-0.35540771484375;0.28271484375;-0.84625244140625;-0.2990000247955322;-0.08700000494718552;-0.5049999952316284;0.7440000176429749;-0.2750000059604645;0.5760000348091125
716129.0;0.4440000355243683;-0.3620000183582306;0.07000000029802322;-25.75;2.875;-42.0;-705.0;-3114.0;848.0;215.75;50.8125;27.5;-0.27142333984375;-0.366943359375;0.2919921875;-0.84051513671875;-0.29600000381469727;-0.07800000160932541;-0.534000039100647;0.7600000500679016;-0.28600001335144043;0.5490000247955322
716139.0;0.46300002932548523;-0.36400002241134644;0.014000000432133675;-32.875;4.0;-37.5;-718.0;-3093.0;725.0;215.1875;52.25;29.5;-0.2647705078125;-0.37847900390625;0.30096435546875;-0.83428955078125;-0.34200000762939453;-0.07300000637769699;-0.5770000219345093;0.7750000357627869;-0.29500001668930054;0.5220000147819519
716142.0;0.43300002813339233;-0.36900001764297485;-0.055000003427267075;-32.875;4.0;-37.5;-702.0;-3017.0;1003.0;214.4375;53.5;31.875;-0.2569580078125;-0.38909912109375;0.31024169921875;-0.82843017578125;-0.33100003004074097;-0.0990000069141388;-0.7120000123977661;0.7880000472068787;-0.30800002813339233;0.49400001764297485
716152.0;0.4570000171661377;-0.40700000524520874;-0.21700000762939453;-32.875;4.0;-37.5;-816.0;-2892.0;1278.0;213.5625;54.5625;34.5625;-0.24822998046875;-0.39849853515625;0.3203125;-0.82275390625;-0.23800000548362732;-0.05700000375509262;-0.7360000610351562;0.7990000247955322;-0.32200002670288086;0.46700000762939453
716162.0;0.5600000023841858;-0.3800000250339508;-0.2680000066757202;-32.875;4.0;-37.5;-707.0;-2795.0;939.0;212.8125;55.5625;37.0625;-0.24090576171875;-0.4080810546875;0.3289794921875;-0.81683349609375;-0.21400001645088196;-0.06599999964237213;-0.7520000338554382;0.8090000152587891;-0.33400002121925354;0.4410000145435333
716172.0;0.5940000414848328;-0.4000000059604645;-0.3100000023841858;-32.875;4.0;-37.5;-707.0;-2795.0;939.0;211.75;56.4375;39.4375;-0.23114013671875;-0.41802978515625;0.3348388671875;-0.81219482421875;-0.23200000822544098;-0.08300000429153442;-0.7670000195503235;0.8170000314712524;-0.34300002455711365;0.4180000126361847
716175.0;0.5940000414848328;-0.4000000059604645;-0.3100000023841858;-32.875;4.0;-37.5;-707.0;-2795.0;939.0;211.75;56.4375;39.4375;-0.23114013671875;-0.41802978515625;0.3348388671875;-0.81219482421875;-0.23200000822544098;-0.08300000429153442;-0.7670000195503235;0.8170000314712524;-0.34300002455711365;0.4180000126361847
716185.0;0.5850000381469727;-0.4270000159740448;-0.3490000069141388;-37.6875;7.25;-32.1875;-496.0;-2557.0;865.0;211.75;56.4375;39.4375;-0.22314453125;-0.42626953125;0.3402099609375;-0.80792236328125;-0.2120000123977661;-0.15600000321865082;-0.8410000205039978;0.8240000605583191;-0.35200002789497375;0.3970000147819519
716195.0;0.6110000014305115;-0.5090000033378601;-0.44300001859664917;-37.6875;7.25;-32.1875;357.0;-2181.0;938.0;209.8125;57.75;43.375;-0.21441650390625;-0.43426513671875;0.3433837890625;-0.8046875;-0.14400000870227814;-0.18000000715255737;-0.8670000433921814;0.8290000557899475;-0.359000027179718;0.3790000081062317
716205.0;0.6840000152587891;-0.5390000343322754;-0.4880000352859497;-37.6875;7.25;-32.1875;766.0;-2040.0;812.0;208.6875;58.3125;44.875;-0.20550537109375;-0.44232177734375;0.34423828125;-0.80224609375;-0.10300000756978989;-0.18000000715255737;-0.8600000143051147;0.8340000510215759;-0.3630000054836273;0.36400002241134644
716211.0;0.7300000190734863;-0.5430000424385071;-0.49500003457069397;-37.6875;7.25;-32.1875;1051.0;-1836.0;643.0;207.625;58.8125;46.0;-0.19696044921875;-0.45001220703125;0.34326171875;-0.800537109375;-0.07700000703334808;-0.1720000058412552;-0.8640000224113464;0.8390000462532043;-0.36500000953674316;0.35200002789497375
716221.0;0.7610000371932983;-0.5370000004768372;-0.5120000243186951;-37.6875;7.25;-32.1875;1051.0;-1836.0;643.0;207.625;58.8125;46.0;-0.19696044921875;-0.45001220703125;0.34326171875;-0.800537109375;-0.07100000232458115;-0.18000000715255737;-0.8610000610351562;0.843000054359436;-0.36500000953674316;0.34200000762939453
716231.0;0.7720000147819519;-0.5450000166893005;-0.5180000066757202;-42.375;10.6875;-27.1875;1185.0;-1632.0;522.0;206.3125;59.25;46.8125;-0.18701171875;-0.4580078125;0.340087890625;-0.79974365234375;-0.07100000232458115;-0.18000000715255737;-0.8610000610351562;0.8460000157356262;-0.36400002241134644;0.3330000042915344
716241.0;0.7710000276565552;-0.5460000038146973;-0.5;-42.375;10.6875;-27.1875;1159.0;-1464.0;395.0;204.5625;60.0625;48.125;-0.17364501953125;-0.470703125;0.335205078125;-0.7974853515625;-0.08400000631809235;-0.17800000309944153;-0.815000057220459;0.8500000238418579;-0.36400002241134644;0.32500001788139343
716251.0;0.76500004529953;-0.5420000553131104;-0.48900002241134644;-42.375;10.6875;-27.1875;1035.0;-1339.0;313.0;203.8125;60.4375;48.8125;-0.16796875;-0.47613525390625;0.33343505859375;-0.79620361328125;-0.10200000554323196;-0.14300000667572021;-0.7770000100135803;0.8530000448226929;-0.3630000054836273;0.31700000166893005
716261.0;0.7500000596046448;-0.5070000290870667;-0.45900002121925354;-42.375;10.6875;-27.1875;869.0;-1239.0;306.0;203.125;60.75;49.5625;-0.162841796875;-0.48089599609375;0.33233642578125;-0.79486083984375;-0.10400000214576721;-0.13600000739097595;-0.7700000405311584;0.8550000190734863;-0.36400002241134644;0.3100000023841858
716265.0;0.7500000596046448;-0.5070000290870667;-0.45900002121925354;-42.375;10.6875;-27.1875;869.0;-1239.0;306.0;203.125;60.75;49.5625;-0.162841796875;-0.48089599609375;0.33233642578125;-0.79486083984375;-0.10400000214576721;-0.13600000739097595;-0.7700000405311584;0.8550000190734863;-0.36400002241134644;0.3100000023841858
716275.0;0.7510000467300415;-0.5;-0.46000000834465027;-42.375;10.6875;-27.1875;698.0;-1129.0;339.0;203.125;60.75;49.5625;-0.162841796875;-0.48089599609375;0.33233642578125;-0.79486083984375;-0.10400000214576721;-0.13600000739097595;-0.7700000405311584;0.8550000190734863;-0.36400002241134644;0.3100000023841858
716285.0;0.7520000338554382;-0.503000020980835;-0.484000027179718;-42.75;9.5625;-22.6875;505.0;-1016.0;362.0;202.1875;60.9375;50.3125;-0.15576171875;-0.4859619140625;0.33050537109375;-0.7939453125;-0.10400000214576721;-0.13700000941753387;-0.7870000600814819;0.8570000529289246;-0.3660000264644623;0.30300000309944153
716295.0;0.7600000500679016;-0.5080000162124634;-0.4740000367164612;-42.75;9.5625;-22.6875;293.0;-881.0;371.0;201.6875;61.125;51.1875;-0.14886474609375;-0.49169921875;0.33233642578125;-0.79095458984375;-0.10300000756978989;-0.13199999928474426;-0.7100000381469727;0.859000027179718;-0.3710000216960907;0.289000004529953
716301.0;0.7550000548362732;-0.5040000081062317;-0.42000001668930054;-42.75;9.5625;-22.6875;52.0;-736.0;384.0;201.3125;61.25;52.0625;-0.14666748046875;-0.49334716796875;0.33447265625;-0.7894287109375;-0.10000000149011612;-0.1380000114440918;-0.6840000152587891;0.8600000143051147;-0.3750000298023224;0.28300002217292786
716311.0;0.7590000629425049;-0.5139999985694885;-0.4000000059604645;-42.75;9.5625;-22.6875;-166.0;-595.0;383.0;201.0;61.25;52.9375;-0.14508056640625;-0.49444580078125;0.337158203125;-0.78790283203125;-0.0950000062584877;-0.14400000870227814;-0.6610000133514404;0.8600000143051147;-0.3800000250339508;0.27800002694129944
716321.0;0.7640000581741333;-0.5250000357627869;-0.3830000162124634;-42.75;9.5625;-22.6875;-322.0;-478.0;381.0;200.8125;61.25;53.8125;-0.14508056640625;-0.49444580078125;0.337158203125;-0.78790283203125;-0.0950000062584877;-0.14400000870227814;-0.6610000133514404;0.8600000143051147;-0.3800000250339508;0.27800002694129944
716331.0;0.7720000147819519;-0.5300000309944153;-0.3890000283718109;-45.0;11.375;-23.0;-386.0;-373.0;383.0;200.6875;61.1875;54.625;-0.14398193359375;-0.49493408203125;0.34014892578125;-0.7864990234375;-0.08700000494718552;-0.14500001072883606;-0.6620000600814819;0.859000027179718;-0.3840000033378601;0.27300000190734863
716338.0;0.7720000147819519;-0.5300000309944153;-0.3890000283718109;-45.0;11.375;-23.0;-386.0;-373.0;383.0;200.6875;61.1875;54.625;-0.14398193359375;-0.49493408203125;0.34014892578125;-0.7864990234375;-0.08700000494718552;-0.14500001072883606;-0.6620000600814819;0.859000027179718;-0.3840000033378601;0.27300000190734863
716348.0;0.8230000138282776;-0.5410000085830688;-0.43400001525878906;-45.0;11.375;-23.0;-360.0;-265.0;378.0;200.5625;61.125;55.3125;-0.14288330078125;-0.4951171875;0.34283447265625;-0.78546142578125;-0.03400000184774399;-0.1510000079870224;-0.703000009059906;0.8570000529289246;-0.3930000066757202;0.26600000262260437
716358.0;0.8420000672340393;-0.5520000457763672;-0.4310000240802765;-45.0;11.375;-23.0;-311.0;-148.0;345.0;200.5;61.0;55.8125;-0.1419677734375;-0.494873046875;0.34515380859375;-0.78472900390625;-0.005000000353902578;-0.1600000113248825;-0.6540000438690186;0.8560000658035278;-0.3960000276565552;0.26500001549720764
716368.0;0.8500000238418579;-0.5570000410079956;-0.3880000114440918;-45.0;11.375;-23.0;-299.0;1.0;296.0;200.4375;60.8125;56.1875;-0.14154052734375;-0.49407958984375;0.34716796875;-0.784423828125;-0.02500000037252903;-0.13100001215934753;-0.6000000238418579;0.8550000190734863;-0.39900001883506775;0.26500001549720764
716372.0;0.8290000557899475;-0.531000018119812;-0.33400002121925354;-45.0;11.375;-23.0;-338.0;167.0;222.0;200.4375;60.6875;56.375;-0.14178466796875;-0.49273681640625;0.3489990234375;-0.784423828125;-0.02500000037252903;-0.13100001215934753;-0.6000000238418579;0.8550000190734863;-0.39900001883506775;0.26500001549720764
716382.0;0.8270000219345093;-0.5270000100135803;-0.30100002884864807;-44.0625;11.375;-19.6875;-390.0;327.0;123.0;200.5;60.5;56.375;-0.14202880859375;-0.49127197265625;0.35015869140625;-0.7847900390625;-0.02500000037252903;-0.125;-0.5680000185966492;0.8530000448226929;-0.4020000100135803;0.26600000262260437
716392.0;0.8260000348091125;-0.5230000019073486;-0.289000004529953;-44.0625;11.375;-19.6875;-429.0;468.0;48.0;200.75;60.3125;56.25;-0.143798828125;-0.4888916015625;0.3516845703125;-0.7852783203125;-0.02500000037252903;-0.12000000476837158;-0.5580000281333923;0.8520000576972961;-0.40300002694129944;0.26900002360343933
716402.0;0.8190000653266907;-0.5300000309944153;-0.2800000011920929;-44.0625;11.375;-19.6875;-430.0;606.0;14.0;201.0;60.0625;56.0;-0.14593505859375;-0.48602294921875;0.35308837890625;-0.7860107421875;-0.03100000135600567;-0.125;-0.5520000457763672;0.8500000238418579;-0.4050000309944153;0.2720000147819519
716412.0;0.7780000567436218;-0.5300000309944153;-0.23100000619888306;-44.0625;11.375;-19.6875;-410.0;704.0;-4.0;201.3125;59.875;55.625;-0.1483154296875;-0.4827880859375;0.354248046875;-0.78704833984375;-0.0690000057220459;-0.12300000339746475;-0.5080000162124634;0.8480000495910645;-0.406000018119812;0.2770000100135803
716422.0;0.7620000243186951;-0.5350000262260437;-0.2160000056028366;-44.0625;11.375;-19.6875;-385.0;784.0;-20.0;201.625;59.625;55.1875;-0.15087890625;-0.479248046875;0.35516357421875;-0.788330078125;-0.08300000429153442;-0.12800000607967377;-0.49900001287460327;0.8460000157356262;-0.40700000524520874;0.28200000524520874
716423.0;0.7620000243186951;-0.5350000262260437;-0.2160000056028366;-44.0625;11.375;-19.6875;-385.0;784.0;-20.0;201.625;59.625;55.1875;-0.15087890625;-0.479248046875;0.35516357421875;-0.788330078125;-0.08300000429153442;-0.12800000607967377;-0.49900001287460327;0.8460000157356262;-0.40700000524520874;0.28200000524520874
716433.0;0.7540000081062317;-0.5410000085830688;-0.20500001311302185;-44.875;12.5;-21.75;-373.0;835.0;-25.0;201.9375;59.3125;54.6875;-0.1534423828125;-0.47552490234375;0.35595703125;-0.7896728515625;-0.08900000154972076;-0.13300000131130219;-0.49400001764297485;0.843000054359436;-0.40800002217292786;0.2880000174045563
716443.0;0.7580000162124634;-0.5410000085830688;-0.1980000138282776;-44.875;12.5;-21.75;-364.0;873.0;4.0;202.25;59.0;54.1875;-0.156005859375;-0.4715576171875;0.35675048828125;-0.79119873046875;-0.0820000022649765;-0.13100001215934753;-0.4930000305175781;0.8400000333786011;-0.4090000092983246;0.2939999997615814
716453.0;0.7900000214576721;-0.5010000467300415;-0.18700000643730164;-44.875;12.5;-21.75;-379.0;929.0;57.0;202.5625;58.625;53.6875;-0.15850830078125;-0.46728515625;0.35772705078125;-0.7928466796875;-0.04700000211596489;-0.09000000357627869;-0.4880000352859497;0.8370000123977661;-0.41100001335144043;0.30100002884864807
716463.0;0.8100000619888306;-0.5160000324249268;-0.14600001275539398;-44.875;12.5;-21.75;-412.0;994.0;159.0;202.8125;58.1875;53.25;-0.16070556640625;-0.46246337890625;0.3590087890625;-0.79461669921875;-0.02200000174343586;-0.10200000554323196;-0.4540000259876251;0.8330000638961792;-0.4130000174045563;0.30800002813339233
716473.0;0.8070000410079956;-0.5570000410079956;-0.10600000619888306;-44.875;12.5;-21.75;-579.0;1080.0;187.0;203.1875;57.75;52.875;-0.16339111328125;-0.45703125;0.3609619140625;-0.79632568359375;-0.02200000174343586;-0.14000000059604645;-0.42100003361701965;0.8290000557899475;-0.41700002551078796;0.3150000274181366
716475.0;0.8070000410079956;-0.5570000410079956;-0.10600000619888306;-44.875;12.5;-21.75;-579.0;1080.0;187.0;203.1875;57.75;52.875;-0.16339111328125;-0.45703125;0.3609619140625;-0.79632568359375;-0.02200000174343586;-0.14000000059604645;-0.42100003361701965;0.8290000557899475;-0.41700002551078796;0.3150000274181366
716485.0;0.7730000615119934;-0.5760000348091125;-0.039000000804662704;-44.5;12.875;-22.5625;-739.0;1133.0;144.0;203.5625;57.25;52.5625;-0.16668701171875;-0.45135498046875;0.36346435546875;-0.7977294921875;-0.05100000277161598;-0.15400001406669617;-0.36100003123283386;0.8250000476837158;-0.42100003361701965;0.32100000977516174
716495.0;0.7640000581741333;-0.5590000152587891;-0.0430000014603138;-44.5;12.875;-22.5625;-774.0;1147.0;128.0;204.0;56.75;52.25;-0.17022705078125;-0.44561767578125;0.36602783203125;-0.799072265625;-0.0560000017285347;-0.1340000033378601;-0.3710000216960907;0.8200000524520874;-0.4240000247955322;0.328000009059906
716505.0;0.7670000195503235;-0.5530000329017639;-0.07100000232458115;-44.5;12.875;-22.5625;-720.0;1166.0;124.0;204.4375;56.25;51.9375;-0.17364501953125;-0.43975830078125;0.3682861328125;-0.800537109375;-0.04800000041723251;-0.125;-0.406000018119812;0.815000057220459;-0.4280000329017639;0.33500000834465027
716515.0;0.7680000066757202;-0.5560000538825989;-0.07400000095367432;-44.5;12.875;-22.5625;-646.0;1206.0;116.0;204.875;55.75;51.5;-0.177001953125;-0.433837890625;0.37017822265625;-0.8021240234375;-0.04200000315904617;-0.125;-0.41700002551078796;0.8110000491142273;-0.4310000240802765;0.34200000762939453
716525.0;0.7600000500679016;-0.531000018119812;-0.07300000637769699;-44.5;12.875;-22.5625;-579.0;1265.0;102.0;205.25;55.25;51.0625;-0.18035888671875;-0.427734375;0.37164306640625;-0.803955078125;-0.04500000178813934;-0.09600000083446503;-0.4240000247955322;0.8050000667572021;-0.43400001525878906;0.3500000238418579
716529.0;0.7600000500679016;-0.531000018119812;-0.07300000637769699;-44.5;12.875;-22.5625;-579.0;1265.0;102.0;205.25;55.25;51.0625;-0.18035888671875;-0.427734375;0.37164306640625;-0.803955078125;-0.04500000178813934;-0.09600000083446503;-0.4240000247955322;0.8050000667572021;-0.43400001525878906;0.3500000238418579
716539.0;0.7600000500679016;-0.531000018119812;-0.07300000637769699;-42.6875;14.6875;-23.375;-487.0;1313.0;127.0;205.625;54.6875;50.5625;-0.1834716796875;-0.42144775390625;0.37274169921875;-0.80609130859375;-0.03400000184774399;-0.10500000417232513;-0.4230000078678131;0.800000011920929;-0.43700000643730164;0.359000027179718
716549.0;0.7660000324249268;-0.5430000424385071;-0.06400000303983688;-42.6875;14.6875;-23.375;-393.0;1362.0;139.0;205.8125;54.3125;51.25;-0.1846923828125;-0.41802978515625;0.3780517578125;-0.80511474609375;-0.03500000014901161;-0.10700000822544098;-0.4090000092983246;0.7970000505447388;-0.445000022649765;0.3570000231266022
716559.0;0.7610000371932983;-0.5530000329017639;-0.05100000277161598;-42.6875;14.6875;-23.375;-292.0;1417.0;110.0;206.0;54.0;51.75;-0.1859130859375;-0.4144287109375;0.3828125;-0.804443359375;-0.039000000804662704;-0.10600000619888306;-0.40700000524520874;0.7930000424385071;-0.4520000219345093;0.35600000619888306
716569.0;0.753000020980835;-0.5590000152587891;-0.05000000074505806;-42.6875;14.6875;-23.375;-195.0;1462.0;50.0;206.3125;53.375;51.0;-0.1890869140625;-0.40789794921875;0.38232421875;-0.8072509765625;-0.020000001415610313;-0.10500000417232513;-0.37800002098083496;0.7870000600814819;-0.4540000259876251;0.367000013589859
716579.0;0.7670000195503235;-0.5590000152587891;-0.010000000707805157;-42.6875;14.6875;-23.375;-100.0;1497.0;1.0;206.6875;52.8125;50.125;-0.19232177734375;-0.40142822265625;0.3812255859375;-0.810302734375;-0.032999999821186066;-0.12200000882148743;-0.37300002574920654;0.781000018119812;-0.4540000259876251;0.3790000081062317
716588.0;0.7480000257492065;-0.5770000219345093;0.006000000052154064;-42.6875;14.6875;-23.375;-100.0;1497.0;1.0;206.6875;52.8125;50.125;-0.19610595703125;-0.39501953125;0.37945556640625;-0.8133544921875;-0.05400000140070915;-0.1340000033378601;-0.3800000250339508;0.7760000228881836;-0.453000009059906;0.3920000195503235
716598.0;0.7210000157356262;-0.5870000123977661;0.01100000087171793;-41.1875;15.5;-27.5;-27.0;1553.0;-146.0;207.0625;52.3125;49.125;-0.20062255859375;-0.38897705078125;0.376708984375;-0.81640625;-0.04700000211596489;-0.12400000542402267;-0.3880000114440918;0.7710000276565552;-0.45000001788139343;0.4050000309944153
716608.0;0.7230000495910645;-0.5740000009536743;0.017000000923871994;-41.1875;15.5;-27.5;231.0;1594.0;-524.0;208.125;51.375;46.625;-0.20556640625;-0.3834228515625;0.3729248046875;-0.81951904296875;-0.04500000178813934;-0.08700000494718552;-0.45000001788139343;0.7660000324249268;-0.4440000355243683;0.4190000295639038
716618.0;0.7200000286102295;-0.5320000052452087;-0.03100000135600567;-41.1875;15.5;-27.5;427.0;1618.0;-709.0;208.75;51.0;45.125;-0.2109375;-0.37823486328125;0.36785888671875;-0.8228759765625;-0.020000001415610313;-0.08000000566244125;-0.46800002455711365;0.7620000243186951;-0.43700000643730164;0.43400001525878906
716628.0;0.7420000433921814;-0.5170000195503235;-0.032999999821186066;-41.1875;15.5;-27.5;665.0;1648.0;-904.0;209.375;50.6875;43.375;-0.21673583984375;-0.37353515625;0.361328125;-0.826416015625;-0.01100000087171793;-0.05000000074505806;-0.48000001907348633;0.7590000629425049;-0.42600002884864807;0.45000001788139343
716635.0;0.7470000386238098;-0.47700002789497375;-0.030000001192092896;-41.1875;15.5;-27.5;665.0;1648.0;-904.0;209.375;50.6875;43.375;-0.21673583984375;-0.37353515625;0.361328125;-0.826416015625;-0.01100000087171793;-0.05000000074505806;-0.48000001907348633;0.7550000548362732;-0.4140000343322754;0.46800002455711365
716645.0;0.6700000166893005;-0.4180000126361847;-0.017000000923871994;-38.875;15.0625;-28.25;852.0;1704.0;-979.0;209.9375;50.3125;41.5;-0.22235107421875;-0.3690185546875;0.3536376953125;-0.83026123046875;-0.08400000631809235;-0.003000000026077032;-0.48500001430511475;0.7490000128746033;-0.40400001406669617;0.48600003123283386
716655.0;0.7240000367164612;-0.4020000100135803;-0.018000001087784767;-38.875;15.0625;-28.25;922.0;1733.0;-781.0;210.9375;49.3125;38.0;-0.232177734375;-0.35845947265625;0.338623046875;-0.83837890625;0.027000000700354576;-0.02200000174343586;-0.5250000357627869;0.7430000305175781;-0.3930000066757202;0.503000020980835
716665.0;0.7710000276565552;-0.4150000214576721;-0.021000001579523087;-38.875;15.0625;-28.25;853.0;1783.0;-761.0;211.5;48.6875;36.125;-0.23779296875;-0.35284423828125;0.3304443359375;-0.84246826171875;0.015000000596046448;-0.07500000298023224;-0.5380000472068787;0.737000048160553;-0.38100001215934753;0.5220000147819519
716675.0;0.7520000338554382;-0.45600003004074097;-0.015000000596046448;-38.875;15.0625;-28.25;929.0;1892.0;-905.0;212.0625;48.0625;34.0;-0.24346923828125;-0.347412109375;0.320556640625;-0.846923828125;-0.07000000029802322;-0.10200000554323196;-0.5390000343322754;0.7300000190734863;-0.3660000264644623;0.5420000553131104
716683.0;0.659000039100647;-0.4690000116825104;0.0020000000949949026;-38.875;15.0625;-28.25;1235.0;1960.0;-1023.0;212.0625;48.0625;34.0;-0.24346923828125;-0.347412109375;0.320556640625;-0.846923828125;-0.07000000029802322;-0.10200000554323196;-0.5390000343322754;0.7300000190734863;-0.3660000264644623;0.5420000553131104
716693.0;0.6510000228881836;-0.4280000329017639;0.03800000250339508;-37.0625;11.375;-32.875;1557.0;1963.0;-998.0;212.375;47.4375;31.8125;-0.247802734375;-0.342529296875;0.30902099609375;-0.8519287109375;-0.07100000232458115;-0.07800000160932541;-0.5240000486373901;0.7220000624656677;-0.3490000069141388;0.5630000233650208
716703.0;0.6720000505447388;-0.39000001549720764;0.020000001415610313;-37.0625;11.375;-32.875;1866.0;1973.0;-1021.0;212.75;46.6875;29.4375;-0.252197265625;-0.33770751953125;0.296142578125;-0.85711669921875;-0.12200000882148743;0.058000002056360245;-0.625;0.7050000429153442;-0.30900001525878906;0.6060000061988831
716713.0;0.5820000171661377;-0.2510000169277191;-0.018000001087784767;-37.0625;11.375;-32.875;2011.0;2012.0;-1117.0;213.125;45.9375;27.0;-0.25970458984375;-0.32745361328125;0.26910400390625;-0.86767578125;-0.19500000774860382;0.1469999998807907;-0.6480000019073486;0.6940000057220459;-0.29100000858306885;0.628000020980835
716723.0;0.49900001287460327;-0.14400000870227814;-0.020000001415610313;-37.0625;11.375;-32.875;1994.0;2036.0;-747.0;213.3125;45.0625;24.8125;-0.26214599609375;-0.32147216796875;0.2568359375;-0.8729248046875;-0.13100001215934753;0.18700000643730164;-0.6390000581741333;0.6820000410079956;-0.27400001883506775;0.6480000019073486
716726.0;0.49900001287460327;-0.14400000870227814;-0.020000001415610313;-37.0625;11.375;-32.875;1994.0;2036.0;-747.0;213.3125;45.0625;24.8125;-0.26214599609375;-0.32147216796875;0.2568359375;-0.8729248046875;-0.13100001215934753;0.18700000643730164;-0.6390000581741333;0.6820000410079956;-0.27400001883506775;0.6480000019073486
716736.0;0.550000011920929;-0.08700000494718552;0.009000000543892384;-37.0625;11.375;-32.875;1841.0;2046.0;-597.0;213.375;44.0625;22.875;-0.26214599609375;-0.32147216796875;0.2568359375;-0.8729248046875;-0.13100001215934753;0.18700000643730164;-0.6390000581741333;0.6820000410079956;-0.27400001883506775;0.6480000019073486
716746.0;0.5840000510215759;-0.08000000566244125;0.07900000363588333;-32.6875;6.5625;-36.5625;1692.0;2195.0;-670.0;213.5625;43.0;21.0625;-0.26495361328125;-0.31463623046875;0.24468994140625;-0.8780517578125;-0.08400000631809235;0.1770000010728836;-0.5890000462532043;0.6680000424385071;-0.25699999928474426;0.6690000295639038
716756.0;0.4880000352859497;-0.15300001204013824;0.20500001311302185;-32.6875;6.5625;-36.5625;1585.0;2422.0;-657.0;213.8125;41.75;19.3125;-0.2684326171875;-0.30645751953125;0.23284912109375;-0.883056640625;-0.17500001192092896;0.06400000303983688;-0.4930000305175781;0.6360000371932983;-0.22600001096725464;0.7110000252723694
716766.0;0.46000000834465027;-0.16200000047683716;0.21700000762939453;-32.6875;6.5625;-36.5625;1428.0;2579.0;-712.0;214.125;40.375;17.625;-0.2725830078125;-0.29730224609375;0.22137451171875;-0.88787841796875;-0.16700001060962677;0.03800000250339508;-0.5160000324249268;0.6170000433921814;-0.2110000103712082;0.7310000061988831
716776.0;0.4490000307559967;-0.1730000078678131;0.2150000035762787;-32.6875;6.5625;-36.5625;1250.0;2675.0;-776.0;214.5;39.0;16.125;-0.27740478515625;-0.28741455078125;0.21038818359375;-0.89227294921875;-0.1550000011920929;0.01600000075995922;-0.5520000457763672;0.597000002861023;-0.1980000138282776;0.7510000467300415
716784.0;0.44200003147125244;-0.1810000091791153;0.1990000158548355;-32.6875;6.5625;-36.5625;1085.0;2735.0;-709.0;214.875;37.5;14.8125;-0.28204345703125;-0.27685546875;0.2001953125;-0.896484375;-0.1550000011920929;0.01600000075995922;-0.5520000457763672;0.597000002861023;-0.1980000138282776;0.7510000467300415
716794.0;0.4360000193119049;-0.1730000078678131;0.13900001347064972;-29.6875;3.1875;-40.6875;997.0;2773.0;-753.0;215.3125;36.0;13.5625;-0.28704833984375;-0.2659912109375;0.190185546875;-0.900390625;-0.14000000059604645;0.012000000104308128;-0.6310000419616699;0.5760000348091125;-0.1860000044107437;0.7700000405311584
716804.0;0.4050000309944153;-0.17900000512599945;0.09000000357627869;-29.6875;3.1875;-40.6875;1051.0;2851.0;-874.0;215.8125;34.4375;12.25;-0.29254150390625;-0.2548828125;0.17962646484375;-0.90399169921875;-0.14900000393390656;-0.007000000216066837;-0.6990000605583191;0.5540000200271606;-0.1720000058412552;0.7890000343322754
716814.0;0.34800001978874207;-0.17400000989437103;0.055000003427267075;-29.6875;3.1875;-40.6875;1217.0;2930.0;-910.0;216.3125;32.8125;10.9375;-0.2979736328125;-0.24359130859375;0.16802978515625;-0.90753173828125;-0.18200001120567322;-0.017000000923871994;-0.753000020980835;0.531000018119812;-0.15600000321865082;0.8080000281333923
716824.0;0.2840000092983246;-0.15400001406669617;0.021000001579523087;-29.6875;3.1875;-40.6875;1469.0;2992.0;-922.0;216.75;31.125;9.5;-0.3031005859375;-0.23236083984375;0.15509033203125;-0.91107177734375;-0.22300000488758087;-0.015000000596046448;-0.8060000538825989;0.5070000290870667;-0.1380000114440918;0.8270000219345093
716834.0;0.1770000010728836;-0.17000000178813934;-0.017000000923871994;-29.6875;3.1875;-40.6875;1816.0;3102.0;-903.0;217.125;29.375;7.9375;-0.30767822265625;-0.22100830078125;0.1402587890625;-0.914794921875;-0.30300000309944153;-0.05100000277161598;-0.8630000352859497;0.48100003600120544;-0.11800000816583633;0.8460000157356262
716838.0;0.1770000010728836;-0.17000000178813934;-0.017000000923871994;-29.6875;3.1875;-40.6875;1816.0;3102.0;-903.0;217.125;29.375;7.9375;-0.30767822265625;-0.22100830078125;0.1402587890625;-0.914794921875;-0.30300000309944153;-0.05100000277161598;-0.8630000352859497;0.48100003600120544;-0.11800000816583633;0.8460000157356262
716848.0;0.09700000286102295;-0.1980000138282776;-0.015000000596046448;-23.0;-0.75;-43.1875;2229.0;3173.0;-838.0;217.4375;27.5;6.1875;-0.31146240234375;-0.20989990234375;0.123291015625;-0.9185791015625;-0.35600000619888306;-0.10400000214576721;-0.8790000677108765;0.453000009059906;-0.09300000220537186;0.8640000224113464
716858.0;0.032999999821186066;-0.18700000643730164;0.023000001907348633;-23.0;-0.75;-43.1875;2645.0;3191.0;-763.0;217.5625;25.625;4.25;-0.314208984375;-0.19921875;0.1043701171875;-0.92230224609375;-0.39100003242492676;-0.1210000067949295;-0.8570000529289246;0.4240000247955322;-0.06599999964237213;0.8810000419616699
716868.0;-0.024000000208616257;-0.16500000655651093;0.07300000637769699;-23.0;-0.75;-43.1875;3052.0;3238.0;-735.0;217.6875;23.6875;2.125;-0.3162841796875;-0.1888427734375;0.08331298828125;-0.92596435546875;-0.4190000295639038;-0.13100001215934753;-0.8230000138282776;0.39400002360343933;-0.03400000184774399;0.8970000147819519
716878.0;-0.1380000114440918;-0.10600000619888306;0.17500001192092896;-23.0;-0.75;-43.1875;3413.0;3305.0;-841.0;217.8125;21.6875;-0.0625;-0.318359375;-0.1787109375;0.06024169921875;-0.92901611328125;-0.5010000467300415;-0.1080000028014183;-0.7350000143051147;0.3630000054836273;0.0010000000474974513;0.9100000262260437
716886.0;-0.19100001454353333;-0.08100000023841858;0.19200000166893005;-23.0;-0.75;-43.1875;3683.0;3446.0;-1041.0;218.0;19.625;-2.5;-0.3209228515625;-0.16827392578125;0.035400390625;-0.93133544921875;-0.5200000405311584;-0.12300000339746475;-0.7300000190734863;0.3290000259876251;0.04100000113248825;0.9220000505447388
716896.0;-0.24900001287460327;-0.055000003427267075;0.21300001442432404;-15.5625;-6.0;-46.5;3888.0;3577.0;-1293.0;218.3125;17.375;-5.0625;-0.32440185546875;-0.157470703125;0.00909423828125;-0.93267822265625;-0.5430000424385071;-0.1380000114440918;-0.718000054359436;0.2930000126361847;0.08300000429153442;0.9310000538825989
716906.0;-0.36900001764297485;-0.006000000052154064;0.38100001215934753;-15.5625;-6.0;-46.5;4019.0;3681.0;-1594.0;218.8125;15.0625;-7.75;-0.32891845703125;-0.146240234375;-0.018310546875;-0.93280029296875;-0.625;-0.1340000033378601;-0.5560000538825989;0.2550000250339508;0.12700000405311584;0.9380000233650208
716916.0;-0.41600000858306885;0.05400000140070915;0.4570000171661377;-15.5625;-6.0;-46.5;3991.0;3761.0;-1861.0;219.4375;12.6875;-10.3125;-0.33447265625;-0.1343994140625;-0.04595947265625;-0.931640625;-0.6320000290870667;-0.11800000816583633;-0.4830000102519989;0.2150000035762787;0.1720000058412552;0.9410000443458557
716926.0;-0.4570000171661377;0.12700000405311584;0.4610000252723694;-15.5625;-6.0;-46.5;3780.0;3771.0;-2135.0;220.3125;10.1875;-12.8125;-0.34124755859375;-0.1219482421875;-0.07269287109375;-0.92919921875;-0.6300000548362732;-0.0860000029206276;-0.4790000319480896;0.1730000078678131;0.21400001645088196;0.9410000443458557
716931.0;-0.4570000171661377;0.12700000405311584;0.4610000252723694;-15.5625;-6.0;-46.5;3439.0;3827.0;-2415.0;221.3125;7.5625;-15.0;-0.3492431640625;-0.1083984375;-0.09796142578125;-0.92559814453125;-0.6300000548362732;-0.0560000017285347;-0.4970000088214874;0.1290000081062317;0.25200000405311584;0.9380000233650208
716941.0;-0.5;0.19500000774860382;0.4410000145435333;-15.5625;-6.0;-46.5;3030.0;3894.0;-2629.0;222.5;4.875;-16.9375;-0.358154296875;-0.09356689453125;-0.12139892578125;-0.92095947265625;-0.6490000486373901;-0.03400000184774399;-0.46700000762939453;0.08300000429153442;0.2840000092983246;0.9340000152587891
716951.0;-0.5660000443458557;0.25;0.4660000205039978;-6.25;-15.25;-45.5625;2555.0;3878.0;-2788.0;223.75;2.125;-18.5;-0.36785888671875;-0.07769775390625;-0.1424560546875;-0.91558837890625;-0.6380000114440918;-0.04100000113248825;-0.3840000033378601;0.036000002175569534;0.3110000193119049;0.9290000200271606
716961.0;-0.6010000109672546;0.27000001072883606;0.5440000295639038;-6.25;-15.25;-45.5625;1987.0;3840.0;-2873.0;225.0625;-0.5625;-19.75;-0.37786865234375;-0.060791015625;-0.16064453125;-0.9097900390625;-0.6220000386238098;-0.039000000804662704;-0.33400002121925354;-0.010000000707805157;0.33100003004074097;0.9220000505447388
716964.0;-0.6010000109672546;0.27000001072883606;0.5440000295639038;-6.25;-15.25;-45.5625;1987.0;3840.0;-2873.0;225.0625;-0.5625;-19.75;-0.37786865234375;-0.060791015625;-0.16064453125;-0.9097900390625;-0.6220000386238098;-0.039000000804662704;-0.33400002121925354;-0.010000000707805157;0.33100003004074097;0.9220000505447388
716974.0;-0.6330000162124634;0.29200002551078796;0.5879999995231628;-6.25;-15.25;-45.5625;1367.0;3897.0;-2867.0;226.4375;-3.375;-20.5625;-0.38775634765625;-0.0423583984375;-0.17584228515625;-0.90380859375;-0.6200000047683716;-0.03200000151991844;-0.35500001907348633;-0.058000002056360245;0.34300002455711365;0.9160000681877136
716984.0;-0.6780000329017639;0.3110000193119049;0.5600000023841858;-6.25;-15.25;-45.5625;846.0;4084.0;-2818.0;227.6875;-6.3125;-21.0;-0.3970947265625;-0.02197265625;-0.1888427734375;-0.89788818359375;-0.659000039100647;-0.10700000822544098;-0.4050000309944153;-0.1080000028014183;0.3490000069141388;0.909000039100647
716994.0;-0.7680000066757202;0.2410000115633011;0.503000020980835;-6.25;-15.25;-45.5625;846.0;4084.0;-2818.0;228.875;-9.25;-21.1875;-0.40570068359375;-0.00042724609375;-0.2000732421875;-0.891845703125;-0.6860000491142273;-0.16900001466274261;-0.3680000305175781;-0.15800000727176666;0.3500000238418579;0.9020000696182251
716999.0;-0.7680000066757202;0.2410000115633011;0.503000020980835;-6.25;-15.25;-45.5625;846.0;4084.0;-2818.0;228.875;-9.25;-21.1875;-0.40570068359375;-0.00042724609375;-0.2000732421875;-0.891845703125;-0.6860000491142273;-0.16900001466274261;-0.3680000305175781;-0.15800000727176666;0.3500000238418579;0.9020000696182251
717009.0;-0.8440000414848328;0.18000000715255737;0.5330000519752502;5.5625;-23.5;-40.25;478.0;4179.0;-2739.0;228.875;-9.25;-21.1875;-0.4136962890625;0.0211181640625;-0.20989990234375;-0.8856201171875;-0.7220000624656677;-0.18700000643730164;-0.2900000214576721;-0.2070000171661377;0.34700000286102295;0.893000066280365
717019.0;-0.9290000200271606;0.15900000929832458;0.6020000576972961;5.5625;-23.5;-40.25;109.0;3966.0;-2522.0;231.125;-14.9375;-21.125;-0.42095947265625;0.042236328125;-0.21875;-0.8792724609375;-0.831000030040741;-0.1300000101327896;-0.1900000125169754;-0.25300002098083496;0.34200000762939453;0.8830000162124634
717029.0;-1.0840001106262207;0.2110000103712082;0.6920000314712524;5.5625;-23.5;-40.25;82.0;3880.0;-2401.0;232.1875;-17.6875;-21.0625;-0.427490234375;0.06280517578125;-0.22711181640625;-0.87274169921875;-0.8420000672340393;-0.08400000631809235;-0.13700000941753387;-0.2970000207424164;0.3360000252723694;0.8710000514984131
717033.0;-1.1400001049041748;0.2510000169277191;0.734000027179718;5.5625;-23.5;-40.25;17.0;3783.0;-2301.0;233.125;-20.3125;-20.875;-0.4334716796875;0.08294677734375;-0.23492431640625;-0.86602783203125;-0.8440000414848328;-0.018000001087784767;-0.13199999928474426;-0.3400000035762787;0.328000009059906;0.8580000400543213
717043.0;-1.184000015258789;0.3100000023841858;0.7250000238418579;5.5625;-23.5;-40.25;17.0;3783.0;-2301.0;233.125;-20.3125;-20.875;-0.4334716796875;0.08294677734375;-0.23492431640625;-0.86602783203125;-0.8400000333786011;0.029000001028180122;-0.15000000596046448;-0.38200002908706665;0.31800001859664917;0.8440000414848328
717053.0;-1.2230000495910645;0.34800001978874207;0.6940000057220459;17.875;-22.75;-39.1875;-93.0;3759.0;-2306.0;234.125;-22.9375;-20.625;-0.439208984375;0.10321044921875;-0.24200439453125;-0.8590087890625;-0.9040000438690186;-0.036000002175569534;-0.15000000596046448;-0.4230000078678131;0.3060000240802765;0.8290000557899475
717063.0;-1.3280000686645508;0.27000001072883606;0.6790000200271606;17.875;-22.75;-39.1875;-238.0;3808.0;-2366.0;236.125;-28.25;-19.75;-0.449951171875;0.14508056640625;-0.2540283203125;-0.84381103515625;-0.8910000324249268;-0.09000000357627869;-0.08900000154972076;-0.46400001645088196;0.29200002551078796;0.812000036239624
717067.0;-1.3280000686645508;0.27000001072883606;0.6790000200271606;17.875;-22.75;-39.1875;-238.0;3808.0;-2366.0;236.125;-28.25;-19.75;-0.449951171875;0.14508056640625;-0.2540283203125;-0.84381103515625;-0.8910000324249268;-0.09000000357627869;-0.08900000154972076;-0.46400001645088196;0.29200002551078796;0.812000036239624
717077.0;-1.3550000190734863;0.20200000703334808;0.7230000495910645;17.875;-22.75;-39.1875;-386.0;3811.0;-2340.0;236.9375;-30.8125;-19.25;-0.453857421875;0.16583251953125;-0.259521484375;-0.836181640625;-0.7210000157356262;-0.11600000411272049;-0.004000000189989805;-0.503000020980835;0.2770000100135803;0.7940000295639038
717087.0;-1.224000096321106;0.16100001335144043;0.7890000343322754;17.875;-22.75;-39.1875;-423.0;3813.0;-2130.0;238.125;-33.625;-18.5;-0.45953369140625;0.1881103515625;-0.26458740234375;-0.82672119140625;-0.7280000448226929;-0.14900000393390656;0.08800000697374344;-0.5430000424385071;0.2590000033378601;0.7730000615119934
717097.0;-1.2710000276565552;0.11000000685453415;0.862000048160553;17.875;-22.75;-39.1875;-469.0;3982.0;-2646.0;238.125;-33.625;-18.5;-0.45953369140625;0.1881103515625;-0.26458740234375;-0.82672119140625;-0.7280000448226929;-0.14900000393390656;0.08800000697374344;-0.5430000424385071;0.2590000033378601;0.7730000615119934
717102.0;-1.3370000123977661;0.14300000667572021;1.0210000276565552;27.5;-21.6875;-34.0625;-486.0;4067.0;-3626.0;239.875;-36.625;-17.25;-0.468994140625;0.2120361328125;-0.26861572265625;-0.814208984375;-0.7510000467300415;-0.09000000357627869;0.27000001072883606;-0.5850000381469727;0.2330000102519989;0.7500000596046448
717112.0;-1.352000117301941;0.12200000882148743;1.0890001058578491;27.5;-21.6875;-34.0625;-144.0;4064.0;-3425.0;241.5625;-39.5625;-16.1875;-0.48492431640625;0.25634765625;-0.28045654296875;-0.7877197265625;-0.7500000596046448;-0.07000000029802322;0.38100001215934753;-0.6620000600814819;0.18900001049041748;0.6970000267028809
717122.0;-1.4130001068115234;0.11800000816583633;1.0780000686645508;27.5;-21.6875;-34.0625;23.0;4090.0;-3165.0;243.1875;-42.5;-15.1875;-0.49267578125;0.27703857421875;-0.288330078125;-0.77288818359375;-0.812000036239624;-0.1730000078678131;0.320000022649765;-0.6980000138282776;0.16900001466274261;0.6670000553131104
717132.0;-1.5100001096725464;-0.004000000189989805;0.987000048160553;27.5;-21.6875;-34.0625;432.0;4120.0;-3228.0;245.0;-45.375;-14.25;-0.50048828125;0.2947998046875;-0.29962158203125;-0.75689697265625;-0.7490000128746033;-0.22500000894069672;0.3360000252723694;-0.7310000061988831;0.1550000011920929;0.6340000033378601
717137.0;-1.5100001096725464;-0.004000000189989805;0.987000048160553;27.5;-21.6875;-34.0625;432.0;4120.0;-3228.0;245.0;-45.375;-14.25;-0.50048828125;0.2947998046875;-0.29962158203125;-0.75689697265625;-0.7490000128746033;-0.22500000894069672;0.3360000252723694;-0.7310000061988831;0.1550000011920929;0.6340000033378601
717147.0;-1.4800000190734863;-0.07000000029802322;0.971000075340271;27.5;-21.6875;-34.0625;1282.0;4062.0;-3018.0;246.9375;-48.25;-13.75;-0.50048828125;0.2947998046875;-0.29962158203125;-0.75689697265625;-0.7490000128746033;-0.22500000894069672;0.3360000252723694;-0.7310000061988831;0.1550000011920929;0.6340000033378601
717157.0;-1.4420000314712524;-0.024000000208616257;0.9250000715255737;37.5;-15.6875;-26.25;2200.0;3855.0;-2514.0;248.8125;-50.875;-14.0;-0.5076904296875;0.3082275390625;-0.3145751953125;-0.740478515625;-0.6820000410079956;-0.17400000989437103;0.32500001788139343;-0.7600000500679016;0.14900000393390656;0.6000000238418579
717167.0;-1.4230000972747803;0.10700000822544098;0.89000004529953;37.5;-15.6875;-26.25;3107.0;3823.0;-2568.0;251.125;-53.5;-14.6875;-0.51617431640625;0.3189697265625;-0.3326416015625;-0.721923828125;-0.656000018119812;0.21800000965595245;0.33000001311302185;-0.815000057220459;0.14500001072883606;0.5250000357627869
717175.0;-1.471000075340271;0.3630000054836273;0.8560000658035278;37.5;-15.6875;-26.25;3729.0;3882.0;-2883.0;253.8125;-56.1875;-15.375;-0.5263671875;0.3284912109375;-0.3524169921875;-0.70062255859375;-0.6780000329017639;0.35500001907348633;0.3840000033378601;-0.8390000462532043;0.14000000059604645;0.48600003123283386
717185.0;-1.5180001258850098;0.4960000216960907;0.8700000643730164;37.5;-15.6875;-26.25;3709.0;3830.0;-2784.0;256.5;-58.875;-16.0625;-0.53570556640625;0.33740234375;-0.37176513671875;-0.678955078125;-0.7350000143051147;0.453000009059906;0.4390000104904175;-0.8600000143051147;0.13500000536441803;0.45000001788139343
717195.0;-1.5950000286102295;0.5890000462532043;0.8890000581741333;37.5;-15.6875;-26.25;3065.0;3521.0;-2224.0;258.75;-61.3125;-16.75;-0.54205322265625;0.3455810546875;-0.3885498046875;-0.66015625;-0.7350000143051147;0.453000009059906;0.4390000104904175;-0.8600000143051147;0.13500000536441803;0.45000001788139343
717205.0;-1.5770000219345093;0.609000027179718;0.8600000143051147;44.5625;-12.0625;-18.1875;1940.0;2987.0;-1525.0;260.1875;-63.3125;-17.25;-0.54461669921875;0.35345458984375;-0.4010009765625;-0.646240234375;-0.7000000476837158;0.4780000150203705;0.4390000104904175;-0.8760000467300415;0.1300000101327896;0.42000001668930054
717215.0;-1.5120000839233398;0.527999997138977;0.8850000500679016;44.5625;-12.0625;-18.1875;857.0;2507.0;-1193.0;261.125;-65.0;-17.25;-0.544921875;0.362060546875;-0.40887451171875;-0.63623046875;-0.6230000257492065;0.4050000309944153;0.49000000953674316;-0.8880000710487366;0.12300000339746475;0.39500001072883606
717225.0;-1.440000057220459;0.33400002121925354;0.8730000257492065;44.5625;-12.0625;-18.1875;284.0;2252.0;-1357.0;261.9375;-66.5;-16.5625;-0.54510498046875;0.3717041015625;-0.4136962890625;-0.6273193359375;-0.5400000214576721;0.22200001776218414;0.49900001287460327;-0.8990000486373901;0.11100000888109207;0.37400001287460327
717229.0;-1.440000057220459;0.33400002121925354;0.8730000257492065;44.5625;-12.0625;-18.1875;284.0;2252.0;-1357.0;261.9375;-66.5;-16.5625;-0.54510498046875;0.3717041015625;-0.4136962890625;-0.6273193359375;-0.5400000214576721;0.22200001776218414;0.49900001287460327;-0.8990000486373901;0.11100000888109207;0.37400001287460327
717239.0;-1.3750001192092896;0.20000000298023224;0.8300000429153442;44.5625;-12.0625;-18.1875;483.0;2117.0;-1747.0;263.125;-68.0625;-15.3125;-0.54718017578125;0.381103515625;-0.41790771484375;-0.61700439453125;-0.4660000205039978;0.10300000756978989;0.47700002789497375;-0.909000039100647;0.09600000083446503;0.3530000150203705
717249.0;-1.3410000801086426;0.15800000727176666;0.7690000534057617;44.5625;-12.0625;-18.1875;1258.0;2213.0;-1927.0;264.6875;-69.625;-14.0;-0.551025390625;0.38885498046875;-0.4244384765625;-0.6041259765625;-0.42100003361701965;0.07600000500679016;0.43800002336502075;-0.9190000295639038;0.0820000022649765;0.33000001311302185
717259.0;-1.352000117301941;0.20100000500679016;0.7410000562667847;49.75;-7.5625;-9.875;2296.0;2338.0;-1511.0;266.5;-71.25;-13.875;-0.55523681640625;0.3929443359375;-0.4354248046875;-0.5897216796875;-0.4230000078678131;0.125;0.4350000321865082;-0.9280000329017639;0.07500000298023224;0.3050000071525574
717263.0;-1.3660000562667847;0.28700000047683716;0.7380000352859497;49.75;-7.5625;-9.875;3244.0;2255.0;-565.0;268.1875;-72.625;-15.875;-0.55841064453125;0.39166259765625;-0.45086669921875;-0.5758056640625;-0.4300000071525574;0.2070000171661377;0.4570000171661377;-0.9360000491142273;0.08000000566244125;0.281000018119812
717273.0;-1.3830000162124634;0.3920000195503235;0.7140000462532043;49.75;-7.5625;-9.875;3979.0;2128.0;57.0;269.875;-73.8125;-19.6875;-0.56121826171875;0.38616943359375;-0.46917724609375;-0.5618896484375;-0.4410000145435333;0.30000001192092896;0.4580000340938568;-0.9420000314712524;0.09200000762939453;0.25600001215934753
717283.0;-1.3680000305175781;0.5420000553131104;0.6570000052452087;49.75;-7.5625;-9.875;4554.0;2065.0;8.0;271.9375;-75.0;-24.125;-0.565185546875;0.378662109375;-0.4886474609375;-0.5462646484375;-0.42000001668930054;0.43800002336502075;0.42600002884864807;-0.9470000267028809;0.10300000756978989;0.23100000619888306
717293.0;-1.3440001010894775;0.5430000424385071;0.5890000462532043;49.75;-7.5625;-9.875;4939.0;2049.0;-449.0;274.4375;-76.25;-28.3125;-0.57086181640625;0.370849609375;-0.5079345703125;-0.52783203125;-0.3920000195503235;0.4320000112056732;0.3840000033378601;-0.9520000219345093;0.11000000685453415;0.20400001108646393
717296.0;-1.3440001010894775;0.5430000424385071;0.5890000462532043;49.75;-7.5625;-9.875;4939.0;2049.0;-449.0;274.4375;-76.25;-28.3125;-0.57086181640625;0.370849609375;-0.5079345703125;-0.52783203125;-0.3920000195503235;0.4320000112056732;0.3840000033378601;-0.9520000219345093;0.11000000685453415;0.20400001108646393
717306.0;-1.3450000286102295;0.5180000066757202;0.48600003123283386;51.1875;-5.375;-3.25;5143.0;2050.0;-980.0;277.4375;-77.625;-31.9375;-0.577880859375;0.363525390625;-0.5262451171875;-0.5068359375;-0.38700002431869507;0.406000018119812;0.30800002813339233;-0.9570000171661377;0.11100000888109207;0.17800000309944153
717316.0;-1.3670001029968262;0.49900001287460327;0.41100001335144043;51.1875;-5.375;-3.25;5218.0;2043.0;-1335.0;280.8125;-79.0625;-35.125;-0.5855712890625;0.35662841796875;-0.54364013671875;-0.484130859375;-0.40400001406669617;0.3930000066757202;0.2590000033378601;-0.9620000720024109;0.10600000619888306;0.1510000079870224
717326.0;-1.3420000076293945;0.5350000262260437;0.2750000059604645;51.1875;-5.375;-3.25;5229.0;1938.0;-1472.0;284.3125;-80.5625;-38.1875;-0.59332275390625;0.3494873046875;-0.55999755859375;-0.460693359375;-0.3750000298023224;0.4360000193119049;0.14900000393390656;-0.9670000672340393;0.0990000069141388;0.12600000202655792
717331.0;-1.2940000295639038;0.5770000219345093;0.24900001287460327;51.1875;-5.375;-3.25;5253.0;1741.0;-1466.0;287.9375;-81.9375;-41.3125;-0.60113525390625;0.3414306640625;-0.57525634765625;-0.43719482421875;-0.3230000138282776;0.48600003123283386;0.14600001275539398;-0.971000075340271;0.09000000357627869;0.10300000756978989
717341.0;-1.2450000047683716;0.6210000514984131;0.26900002360343933;51.1875;-5.375;-3.25;5252.0;1502.0;-1244.0;291.5;-83.125;-45.0625;-0.608642578125;0.33184814453125;-0.58966064453125;-0.41436767578125;-0.2720000147819519;0.5380000472068787;0.1860000044107437;-0.9730000495910645;0.08300000429153442;0.0820000022649765
717351.0;-1.2450000047683716;0.6210000514984131;0.26900002360343933;51.5;-3.1875;2.75;5175.0;1261.0;-902.0;294.875;-84.0;-4.5;-0.61553955078125;0.3206787109375;-0.60321044921875;-0.39300537109375;-0.23600001633167267;0.5470000505447388;0.19300000369548798;-0.9750000238418579;0.07700000703334808;0.0650000050663948
717361.0;-1.2110000848770142;0.6240000128746033;0.2590000033378601;51.5;-3.1875;2.75;5014.0;1063.0;-595.0;298.0;-84.6875;-4.3125;-0.62164306640625;0.308349609375;-0.61578369140625;-0.3731689453125;-0.23800000548362732;0.5;0.125;-0.9760000705718994;0.07400000095367432;0.05000000074505806
717364.0;-1.2110000848770142;0.6240000128746033;0.2590000033378601;51.5;-3.1875;2.75;5014.0;1063.0;-595.0;298.0;-84.6875;-4.3125;-0.62164306640625;0.308349609375;-0.61578369140625;-0.3731689453125;-0.23800000548362732;0.5;0.125;-0.9760000705718994;0.07400000095367432;0.05000000074505806
717374.0;-1.215000033378601;0.5750000476837158;0.17500001192092896;51.5;-3.1875;2.75;4784.0;909.0;-403.0;301.0;-85.1875;-4.25;-0.6270751953125;0.295654296875;-0.6273193359375;-0.35467529296875;-0.28200000524520874;0.4790000319480896;0.09600000083446503;-0.9770000576972961;0.07200000435113907;0.03700000047683716
717384.0;-1.2600001096725464;0.5520000457763672;0.13300000131130219;51.5;-3.1875;2.75;4446.0;759.0;-474.0;303.8125;-85.625;-4.0;-0.6322021484375;0.28387451171875;-0.63726806640625;-0.33709716796875;-0.2990000247955322;0.46300002932548523;0.06100000441074371;-0.9770000576972961;0.0690000057220459;0.026000000536441803
717394.0;-1.277000069618225;0.5320000052452087;0.08700000494718552;51.5;-3.1875;2.75;4119.0;518.0;-794.0;306.75;-86.1875;-3.625;-0.63787841796875;0.27362060546875;-0.64495849609375;-0.31976318359375;-0.24800001084804535;0.45500001311302185;0.014000000432133675;-0.9780000448226929;0.06200000271201134;0.017000000923871994
717399.0;-1.277000069618225;0.5320000052452087;0.08700000494718552;51.5;-3.1875;2.75;4119.0;518.0;-794.0;306.75;-86.1875;-3.625;-0.63787841796875;0.27362060546875;-0.64495849609375;-0.31976318359375;-0.24800001084804535;0.45500001311302185;0.014000000432133675;-0.9780000448226929;0.06200000271201134;0.017000000923871994
717409.0;-1.2260000705718994;0.5180000066757202;0.03200000151991844;51.5;-3.1875;2.75;4119.0;518.0;-794.0;309.75;-86.9375;-2.875;-0.6444091796875;0.26556396484375;-0.6502685546875;-0.30218505859375;-0.19600000977516174;0.4350000321865082;-0.007000000216066837;-0.9790000319480896;0.049000002443790436;0.012000000104308128
717419.0;-1.1750000715255737;0.48500001430511475;0.005000000353902578;51.75;0.875;6.5;3789.0;260.0;-1257.0;312.6875;-87.875;-1.9375;-0.65142822265625;0.25927734375;-0.65362548828125;-0.28497314453125;-0.15300001204013824;0.4240000247955322;-0.04500000178813934;-0.9800000190734863;0.03400000184774399;0.010000000707805157
717429.0;-1.1330000162124634;0.4580000340938568;-0.03400000184774399;51.75;0.875;6.5;3082.0;-32.0;-1598.0;315.5;-88.75;-1.0;-0.65802001953125;0.25408935546875;-0.6558837890625;-0.26885986328125;-0.12600000202655792;0.41600000858306885;-0.07000000029802322;-0.9800000190734863;0.017000000923871994;0.010000000707805157
717434.0;-1.1060000658035278;0.43400001525878906;-0.05900000408291817;51.75;0.875;6.5;2721.0;-24.0;-1581.0;318.125;-89.375;-0.0625;-0.6639404296875;0.25006103515625;-0.65740966796875;-0.25390625;-0.1380000114440918;0.35200002789497375;-0.04000000283122063;-0.9800000190734863;0.0010000000474974513;0.010000000707805157
717444.0;-1.1180000305175781;0.3530000150203705;-0.030000001192092896;51.75;0.875;6.5;2455.0;-14.0;-1568.0;320.5;-88.9375;0.8125;-0.66925048828125;0.246826171875;-0.65850830078125;-0.2398681640625;-0.13300000131130219;0.3100000023841858;-0.036000002175569534;-0.9800000190734863;-0.014000000432133675;0.010000000707805157
717454.0;-1.1130000352859497;0.29600000381469727;-0.026000000536441803;51.75;0.875;6.5;2455.0;-14.0;-1568.0;320.5;-88.9375;0.8125;-0.66925048828125;0.246826171875;-0.65850830078125;-0.2398681640625;-0.13300000131130219;0.3100000023841858;-0.036000002175569534;-0.9800000190734863;-0.030000001192092896;0.010000000707805157
717464.0;-1.1200000047683716;0.24500000476837158;-0.029000001028180122;51.6875;4.375;7.75;2252.0;80.0;-1632.0;322.875;-88.0625;1.75;-0.67388916015625;0.24462890625;-0.65948486328125;-0.2261962890625;-0.17000000178813934;0.23600001633167267;-0.021000001579523087;-0.9790000319480896;-0.04700000211596489;0.009000000543892384
717469.0;-1.1200000047683716;0.24500000476837158;-0.029000001028180122;51.6875;4.375;7.75;2252.0;80.0;-1632.0;322.875;-88.0625;1.75;-0.67388916015625;0.24462890625;-0.65948486328125;-0.2261962890625;-0.17000000178813934;0.23600001633167267;-0.021000001579523087;-0.9790000319480896;-0.04700000211596489;0.009000000543892384
717479.0;-1.1500000953674316;0.18900001049041748;-0.012000000104308128;51.6875;4.375;7.75;1952.0;158.0;-1663.0;327.125;-86.125;3.75;-0.68121337890625;0.24346923828125;-0.66058349609375;-0.2008056640625;-0.17400000989437103;0.125;-0.05400000140070915;-0.9780000448226929;-0.0650000050663948;0.00800000037997961
717489.0;-1.152000069618225;0.06000000238418579;-0.04500000178813934;51.6875;4.375;7.75;1747.0;196.0;-1695.0;329.25;-85.0625;4.8125;-0.68438720703125;0.24365234375;-0.66094970703125;-0.18804931640625;-0.15300001204013824;0.10500000417232513;-0.08500000089406967;-0.9770000576972961;-0.08300000429153442;0.007000000216066837
717499.0;-1.1299999952316284;0.02200000174343586;-0.07700000703334808;51.6875;4.375;7.75;1735.0;243.0;-1766.0;331.5;-84.0;5.9375;-0.68743896484375;0.24346923828125;-0.66156005859375;-0.1744384765625;-0.14600001275539398;0.11100000888109207;-0.10200000554323196;-0.9750000238418579;-0.10100000351667404;0.005000000353902578
717503.0;-1.121000051498413;0.010000000707805157;-0.09600000083446503;51.6875;4.375;7.75;1893.0;314.0;-1823.0;331.5;-84.0;5.9375;-0.68743896484375;0.24346923828125;-0.66156005859375;-0.1744384765625;-0.14600001275539398;0.11100000888109207;-0.10200000554323196;-0.9750000238418579;-0.10100000351667404;0.005000000353902578
717513.0;-1.1090000867843628;0.0;-0.11300000548362732;51.0;10.25;6.1875;2157.0;412.0;-1792.0;333.875;-82.9375;87.9375;-0.69036865234375;0.24224853515625;-0.6627197265625;-0.15985107421875;-0.13600000739097595;0.12000000476837158;-0.11800000816583633;-0.9730000495910645;-0.12000000476837158;0.004000000189989805
717523.0;-1.1190000772476196;0.026000000536441803;-0.17600001394748688;51.0;10.25;6.1875;2403.0;535.0;-1662.0;336.375;-81.9375;89.125;-0.6949462890625;0.23614501953125;-0.666748046875;-0.12939453125;-0.15000000596046448;0.18200001120567322;-0.16600000858306885;-0.968000054359436;-0.15200001001358032;0.0
717533.0;-1.1180000305175781;0.029000001028180122;-0.16600000858306885;51.0;10.25;6.1875;2550.0;629.0;-1509.0;338.875;-81.0;90.1875;-0.69647216796875;0.232177734375;-0.66925048828125;-0.11456298828125;-0.1340000033378601;0.21300001442432404;-0.11600000411272049;-0.9660000205039978;-0.16600000858306885;-0.003000000026077032
717537.0;-1.1180000305175781;0.029000001028180122;-0.16600000858306885;51.0;10.25;6.1875;2550.0;629.0;-1509.0;338.875;-81.0;90.1875;-0.69647216796875;0.232177734375;-0.66925048828125;-0.11456298828125;-0.1340000033378601;0.21300001442432404;-0.11600000411272049;-0.9660000205039978;-0.16600000858306885;-0.003000000026077032
717547.0;-1.100000023841858;0.046000003814697266;-0.11900000274181366;51.0;10.25;6.1875;2521.0;708.0;-1382.0;341.3125;-80.1875;91.1875;-0.69732666015625;0.2291259765625;-0.67156982421875;-0.10089111328125;-0.16100001335144043;0.2980000078678131;0.00800000037997961;-0.9630000591278076;-0.18000000715255737;-0.006000000052154064
717557.0;-1.125;0.11700000613927841;0.0010000000474974513;51.0;10.25;6.1875;2229.0;736.0;-1335.0;343.5;-79.375;92.1875;-0.69732666015625;0.2291259765625;-0.67156982421875;-0.10089111328125;-0.16100001335144043;0.2980000078678131;0.00800000037997961;-0.9630000591278076;-0.18000000715255737;-0.006000000052154064
717567.0;-1.415000081062317;1.0730000734329224;0.7040000557899475;49.5625;14.6875;6.0625;1601.0;797.0;-1265.0;345.3125;-78.5625;93.5;-0.69708251953125;0.2281494140625;-0.673828125;-0.08953857421875;-0.453000009059906;1.2660000324249268;0.7160000205039978;-0.9610000252723694;-0.19300000369548798;-0.01100000087171793
717571.0;-1.4300000667572021;2.759000062942505;1.1019999980926514;49.5625;14.6875;6.0625;329.0;1003.0;-829.0;346.125;-78.0;96.0;-0.69427490234375;0.2303466796875;-0.6766357421875;-0.0841064453125;-0.07600000500679016;3.134000062942505;0.6000000238418579;-0.9590000510215759;-0.20000000298023224;-0.027000000700354576
717581.0;-1.0360000133514404;2.934000253677368;0.5730000138282776;49.5625;14.6875;6.0625;-622.0;479.0;144.0;345.75;-78.0625;97.8125;-0.6917724609375;0.2322998046875;-0.67828369140625;-0.0863037109375;0.16300000250339508;1.0440000295639038;0.10700000822544098;-0.9600000381469727;-0.1940000057220459;-0.02500000037252903
717591.0;-0.7970000505447388;0.8490000367164612;0.0820000022649765;49.5625;14.6875;6.0625;-220.0;-258.0;571.0;345.25;-78.4375;97.375;-0.692138671875;0.23095703125;-0.67791748046875;-0.0894775390625;0.11500000208616257;0.34300002455711365;0.05000000074505806;-0.9620000720024109;-0.18800000846385956;-0.02500000037252903
717601.0;-0.8460000157356262;0.1550000011920929;0.024000000208616257;49.5625;14.6875;6.0625;-635.0;-91.0;597.0;344.5;-78.8125;97.75;-0.69140625;0.2310791015625;-0.67803955078125;-0.09405517578125;0.11500000208616257;0.34300002455711365;0.05000000074505806;-0.9620000720024109;-0.18800000846385956;-0.02500000037252903
717605.0;-0.8460000157356262;0.1550000011920929;0.024000000208616257;49.5625;14.6875;6.0625;-635.0;-91.0;597.0;344.5;-78.8125;97.75;-0.69140625;0.2310791015625;-0.67803955078125;-0.09405517578125;0.11500000208616257;0.34300002455711365;0.05000000074505806;-0.9620000720024109;-0.18800000846385956;-0.02500000037252903
717615.0;-0.9660000205039978;-0.20100000500679016;0.16300000250339508;48.75;19.25;6.0625;-1963.0;-52.0;558.0;342.9375;-79.125;99.0625;-0.6888427734375;0.2362060546875;-0.677490234375;-0.10321044921875;-0.003000000026077032;-0.01900000125169754;0.19200000166893005;-0.9630000591278076;-0.18200001120567322;-0.029000001028180122
717625.0;-1.0530000925064087;-0.32500001788139343;0.12000000476837158;48.75;19.25;6.0625;-3310.0;-65.0;387.0;340.625;-79.375;101.0625;-0.68463134765625;0.246826171875;-0.67584228515625;-0.11651611328125;-0.08900000154972076;-0.14800000190734863;0.15400001406669617;-0.9630000591278076;-0.1770000010728836;-0.03400000184774399
717635.0;-1.0230000019073486;-0.5540000200271606;-0.12800000607967377;48.75;19.25;6.0625;-3677.0;125.0;-158.0;338.5;-79.25;103.5625;-0.67938232421875;0.26068115234375;-0.6737060546875;-0.12884521484375;-0.06000000238418579;-0.3760000169277191;-0.08500000089406967;-0.9630000591278076;-0.1770000010728836;-0.04200000315904617
717639.0;-1.0230000019073486;-0.5540000200271606;-0.12800000607967377;48.75;19.25;6.0625;-3677.0;125.0;-158.0;338.5;-79.25;103.5625;-0.67938232421875;0.26068115234375;-0.6737060546875;-0.12884521484375;-0.06000000238418579;-0.3760000169277191;-0.08500000089406967;-0.9630000591278076;-0.1770000010728836;-0.04200000315904617
717649.0;-1.0120000839233398;-0.612000048160553;-0.08500000089406967;48.75;19.25;6.0625;-2835.0;526.0;-931.0;337.375;-78.625;106.125;-0.6741943359375;0.27447509765625;-0.67230224609375;-0.13482666015625;-0.05000000074505806;-0.4270000159740448;-0.03200000151991844;-0.9610000252723694;-0.1850000023841858;-0.05300000309944153
717659.0;-0.9950000643730164;-0.6570000052452087;-0.2200000137090683;48.75;19.25;6.0625;-1881.0;574.0;-1512.0;337.125;-77.6875;107.5625;-0.67041015625;0.28692626953125;-0.67071533203125;-0.13531494140625;-0.03700000047683716;-0.4580000340938568;-0.15600000321865082;-0.9580000638961792;-0.1990000158548355;-0.06300000101327896
717669.0;-0.9170000553131104;-0.796000063419342;-0.26500001549720764;50.25;17.75;8.5;-1069.0;448.0;-1497.0;337.4375;-76.6875;108.125;-0.66827392578125;0.29632568359375;-0.66925048828125;-0.13311767578125;0.03700000047683716;-0.5830000042915344;-0.19500000774860382;-0.9540000557899475;-0.21300001442432404;-0.07000000029802322
717673.0;-0.831000030040741;-0.7020000219345093;-0.24300001561641693;50.25;17.75;8.5;-455.0;187.0;-859.0;337.6875;-76.1875;108.1875;-0.66748046875;0.30108642578125;-0.66827392578125;-0.13140869140625;0.12000000476837158;-0.48000001907348633;-0.17000000178813934;-0.9520000219345093;-0.22100001573562622;-0.07300000637769699
717683.0;-0.7640000581741333;-0.4610000252723694;-0.17500001192092896;50.25;17.75;8.5;-129.0;-154.0;-10.0;337.625;-76.1875;107.875;-0.66778564453125;0.301513671875;-0.6676025390625;-0.132080078125;0.18700000643730164;-0.23900000751018524;-0.10300000756978989;-0.9520000219345093;-0.22100001573562622;-0.07100000232458115
717693.0;-0.7100000381469727;-0.2710000276565552;-0.11900000274181366;50.25;17.75;8.5;19.0;-436.0;548.0;337.1875;-76.625;107.25;-0.66900634765625;0.2991943359375;-0.66693115234375;-0.1346435546875;0.24300001561641693;-0.055000003427267075;-0.05100000277161598;-0.9540000557899475;-0.2160000056028366;-0.06700000166893005
717703.0;-0.7310000061988831;-0.07800000160932541;0.012000000104308128;50.25;17.75;8.5;61.0;-467.0;614.0;336.8125;-77.0625;106.5;-0.6702880859375;0.29644775390625;-0.66632080078125;-0.1373291015625;0.2240000069141388;0.13199999928474426;0.07400000095367432;-0.9550000429153442;-0.21000000834465027;-0.06200000271201134
717707.0;-0.7310000061988831;-0.07800000160932541;0.012000000104308128;50.25;17.75;8.5;61.0;-467.0;614.0;336.8125;-77.0625;106.5;-0.6702880859375;0.29644775390625;-0.66632080078125;-0.1373291015625;0.2240000069141388;0.13199999928474426;0.07400000095367432;-0.9550000429153442;-0.21000000834465027;-0.06200000271201134
717717.0;-0.8060000538825989;0.049000002443790436;0.08800000697374344;48.0;19.1875;8.875;-17.0;-247.0;356.0;336.5625;-77.3125;106.125;-0.6708984375;0.29510498046875;-0.66595458984375;-0.1390380859375;0.15000000596046448;0.25600001215934753;0.14800000190734863;-0.956000030040741;-0.20600001513957977;-0.06000000238418579
717727.0;-0.9070000648498535;0.17000000178813934;0.16900001466274261;48.0;19.1875;8.875;-194.0;62.0;-19.0;336.4375;-77.25;106.4375;-0.67034912109375;0.2958984375;-0.666015625;-0.1395263671875;0.049000002443790436;0.37700000405311584;0.23000000417232513;-0.956000030040741;-0.20600001513957977;-0.06100000441074371
717737.0;-0.984000027179718;0.2580000162124634;0.21000000834465027;48.0;19.1875;8.875;-308.0;252.0;-432.0;336.5625;-77.0;106.9375;-0.6693115234375;0.2987060546875;-0.666015625;-0.138671875;-0.02800000086426735;0.4690000116825104;0.27400001883506775;-0.9550000429153442;-0.21000000834465027;-0.06400000303983688
717741.0;-1.0430001020431519;0.29600000381469727;0.1380000114440918;48.0;19.1875;8.875;-333.0;271.0;-720.0;336.8125;-76.5;107.25;-0.6683349609375;0.3026123046875;-0.66558837890625;-0.13690185546875;-0.08900000154972076;0.5139999985694885;0.20600001513957977;-0.9530000686645508;-0.21700000762939453;-0.06700000166893005
717751.0;-1.0480000972747803;0.22800001502037048;0.07100000232458115;48.0;19.1875;8.875;-301.0;237.0;-677.0;337.0625;-76.0625;107.5;-0.66754150390625;0.30621337890625;-0.66510009765625;-0.13519287109375;-0.09600000083446503;0.4520000219345093;0.1420000046491623;-0.9510000348091125;-0.2240000069141388;-0.07000000029802322
717761.0;-1.0480000972747803;0.22800001502037048;0.07100000232458115;48.0;17.6875;8.875;-358.0;171.0;-363.0;337.0;-75.8125;107.8125;-0.66650390625;0.30926513671875;-0.6646728515625;-0.13531494140625;-0.08800000697374344;0.3410000205039978;0.08400000631809235;-0.9500000476837158;-0.22700001299381256;-0.07300000637769699
717771.0;-1.0390000343322754;0.11300000548362732;0.01100000087171793;48.0;17.6875;8.875;-479.0;17.0;-35.0;336.75;-75.8125;108.125;-0.66571044921875;0.31109619140625;-0.664306640625;-0.1368408203125;-0.07500000298023224;0.21900001168251038;0.05900000408291817;-0.9500000476837158;-0.22700001299381256;-0.07400000095367432
717775.0;-1.0390000343322754;0.11300000548362732;0.01100000087171793;48.0;17.6875;8.875;-479.0;17.0;-35.0;336.75;-75.8125;108.125;-0.66571044921875;0.31109619140625;-0.664306640625;-0.1368408203125;-0.07500000298023224;0.21900001168251038;0.05900000408291817;-0.9500000476837158;-0.22700001299381256;-0.07400000095367432
717785.0;-1.0260000228881836;-0.00800000037997961;-0.015000000596046448;48.0;17.6875;8.875;-556.0;-152.0;110.0;336.3125;-75.875;108.1875;-0.66522216796875;0.31256103515625;-0.66357421875;-0.139404296875;-0.02800000086426735;0.013000000268220901;0.014000000432133675;-0.9510000348091125;-0.22600001096725464;-0.07400000095367432
717795.0;-0.9790000319480896;-0.2120000123977661;-0.06000000238418579;48.0;17.6875;8.875;-509.0;-186.0;-15.0;335.9375;-75.9375;108.0625;-0.6650390625;0.31427001953125;-0.66253662109375;-0.1414794921875;-0.006000000052154064;-0.04000000283122063;0.013000000268220901;-0.9510000348091125;-0.22600001096725464;-0.07300000637769699
717805.0;-0.9570000171661377;-0.26600000262260437;-0.06000000238418579;48.0;17.6875;8.875;-356.0;-122.0;-243.0;335.875;-75.8125;107.8125;-0.66510009765625;0.3162841796875;-0.66143798828125;-0.14202880859375;0.007000000216066837;-0.052000001072883606;0.021000001579523087;-0.9500000476837158;-0.22800001502037048;-0.07300000637769699
717809.0;-0.9570000171661377;-0.26600000262260437;-0.06000000238418579;48.0;17.6875;8.875;-356.0;-122.0;-243.0;335.875;-75.8125;107.8125;-0.66510009765625;0.3162841796875;-0.66143798828125;-0.14202880859375;0.007000000216066837;-0.052000001072883606;0.021000001579523087;-0.9500000476837158;-0.22800001502037048;-0.07300000637769699
717819.0;-0.9430000185966492;-0.281000018119812;-0.05100000277161598;48.0;17.6875;8.875;-356.0;-122.0;-243.0;335.875;-75.8125;107.8125;-0.665283203125;0.318115234375;-0.66046142578125;-0.1412353515625;0.004000000189989805;-0.030000001192092896;0.036000002175569534;-0.9490000605583191;-0.23200000822544098;-0.07300000637769699
717829.0;-0.9440000653266907;-0.26200002431869507;-0.03700000047683716;48.25;19.25;9.6875;-122.0;-45.0;-401.0;336.0;-75.5625;107.5;-0.665771484375;0.31927490234375;-0.6597900390625;-0.13934326171875;0.0;-0.00800000037997961;0.03100000135600567;-0.9480000734329224;-0.23600001633167267;-0.07300000637769699
717839.0;-0.9490000605583191;-0.24400001764297485;-0.04100000113248825;48.25;19.25;9.6875;261.0;5.0;-337.0;336.6875;-75.125;106.75;-0.66650390625;0.31951904296875;-0.659423828125;-0.13726806640625;-0.009000000543892384;0.03500000014901161;0.05300000309944153;-0.9480000734329224;-0.24000000953674316;-0.07200000435113907
717843.0;-0.9570000171661377;-0.20400001108646393;-0.01900000125169754;48.25;19.25;9.6875;377.0;-7.0;-208.0;337.0625;-75.0;106.375;-0.66729736328125;0.31890869140625;-0.65936279296875;-0.13519287109375;-0.012000000104308128;0.08100000023841858;0.06800000369548798;-0.9470000267028809;-0.242000013589859;-0.07100000232458115
717853.0;-0.9600000381469727;-0.16100001335144043;-0.003000000026077032;48.25;19.25;9.6875;471.0;-21.0;-105.0;337.4375;-74.9375;106.0;-0.668212890625;0.317626953125;-0.659423828125;-0.13323974609375;0.01900000125169754;0.1510000079870224;0.09000000357627869;-0.9470000267028809;-0.24300001561641693;-0.07000000029802322
717863.0;-0.9270000457763672;-0.09200000762939453;0.020000001415610313;48.25;19.25;9.6875;471.0;-21.0;-105.0;337.4375;-74.9375;106.0;-0.668212890625;0.317626953125;-0.659423828125;-0.13323974609375;0.01900000125169754;0.1510000079870224;0.09000000357627869;-0.9470000267028809;-0.24400001764297485;-0.06800000369548798
717873.0;-0.9140000343322754;-0.04100000113248825;0.027000000700354576;48.0;19.6875;9.6875;506.0;-29.0;-11.0;337.75;-74.9375;105.625;-0.669189453125;0.31585693359375;-0.65966796875;-0.1314697265625;0.03200000151991844;0.203000009059906;0.09600000083446503;-0.9470000267028809;-0.24400001764297485;-0.06700000166893005
717878.0;-0.9140000343322754;-0.04100000113248825;0.027000000700354576;48.0;19.6875;9.6875;506.0;-29.0;-11.0;337.75;-74.9375;105.625;-0.669189453125;0.31585693359375;-0.65966796875;-0.1314697265625;0.03200000151991844;0.203000009059906;0.09600000083446503;-0.9470000267028809;-0.24400001764297485;-0.06700000166893005
717888.0;-0.909000039100647;0.0;0.02200000174343586;48.0;19.6875;9.6875;454.0;-13.0;50.0;338.1875;-75.0625;105.1875;-0.67041015625;0.31256103515625;-0.66046142578125;-0.12908935546875;0.03500000014901161;0.2630000114440918;0.08800000697374344;-0.9470000267028809;-0.24300001561641693;-0.06599999964237213
717898.0;-0.9110000729560852;0.01900000125169754;0.02200000174343586;48.0;19.6875;9.6875;350.0;16.0;70.0;338.3125;-75.0625;105.25;-0.67059326171875;0.31170654296875;-0.66082763671875;-0.12835693359375;-0.007000000216066837;0.25300002098083496;0.10700000822544098;-0.9470000267028809;-0.24300001561641693;-0.06599999964237213
717908.0;-0.9550000429153442;0.009000000543892384;0.04000000283122063;48.0;19.6875;9.6875;213.0;51.0;31.0;338.3125;-75.0;105.3125;-0.67047119140625;0.31170654296875;-0.6610107421875;-0.1280517578125;-0.018000001087784767;0.2150000035762787;0.06300000101327896;-0.9470000267028809;-0.24300001561641693;-0.06599999964237213
717918.0;-0.9650000333786011;-0.02800000086426735;-0.003000000026077032;48.0;19.6875;9.6875;37.0;50.0;-19.0;338.3125;-75.0;105.3125;-0.67047119140625;0.31170654296875;-0.6610107421875;-0.1280517578125;-0.018000001087784767;0.2150000035762787;0.06300000101327896;-0.9470000267028809;-0.24300001561641693;-0.06599999964237213
717928.0;-0.9670000672340393;-0.08400000631809235;-0.00800000037997961;47.1875;20.0;8.875;-137.0;13.0;-42.0;338.3125;-75.0;105.375;-0.67022705078125;0.312255859375;-0.66094970703125;-0.1282958984375;-0.020000001415610313;0.15900000929832458;0.058000002056360245;-0.9470000267028809;-0.24400001764297485;-0.06700000166893005
717933.0;-0.9780000448226929;-0.15900000929832458;0.0;47.1875;20.0;8.875;-183.0;-32.0;-41.0;338.1875;-75.0;105.375;-0.6700439453125;0.31304931640625;-0.66064453125;-0.12884521484375;-0.026000000536441803;0.08400000631809235;0.07400000095367432;-0.9470000267028809;-0.24400001764297485;-0.06700000166893005
717943.0;-0.9740000367164612;-0.1600000113248825;0.006000000052154064;47.1875;20.0;8.875;-139.0;-43.0;-24.0;338.125;-75.0;105.375;-0.6700439453125;0.31365966796875;-0.6602783203125;-0.12939453125;-0.01900000125169754;0.08900000154972076;0.08800000697374344;-0.9470000267028809;-0.24400001764297485;-0.06700000166893005
717953.0;-0.9660000205039978;-0.1550000011920929;0.021000001579523087;47.1875;20.0;8.875;-19.0;-15.0;-1.0;338.125;-75.0;105.375;-0.670166015625;0.3131103515625;-0.660400390625;-0.129150390625;-0.009000000543892384;0.1120000034570694;0.0990000069141388;-0.9470000267028809;-0.24400001764297485;-0.06700000166893005
717963.0;-0.956000030040741;-0.13100001215934753;0.03200000151991844;47.1875;20.0;8.875;110.0;-4.0;37.0;338.125;-75.0;105.3125;-0.670166015625;0.3131103515625;-0.660400390625;-0.129150390625;-0.009000000543892384;0.1120000034570694;0.0990000069141388;-0.9470000267028809;-0.24400001764297485;-0.06700000166893005
717967.0;-0.956000030040741;-0.13100001215934753;0.03200000151991844;47.1875;20.0;8.875;110.0;-4.0;37.0;338.125;-75.0;105.3125;-0.670166015625;0.3131103515625;-0.660400390625;-0.129150390625;-0.009000000543892384;0.1120000034570694;0.0990000069141388;-0.9470000267028809;-0.24400001764297485;-0.06700000166893005
717977.0;-0.9460000395774841;-0.05900000408291817;0.0690000057220459;48.0;19.25;8.5;186.0;10.0;63.0;338.25;-75.0625;105.25;-0.67041015625;0.312255859375;-0.66064453125;-0.12872314453125;0.0;0.18400001525878906;0.13500000536441803;-0.9470000267028809;-0.24300001561641693;-0.06599999964237213
717987.0;-0.956000030040741;-0.020000001415610313;0.08900000154972076;48.0;19.25;8.5;192.0;16.0;84.0;338.3125;-75.0625;105.25;-0.67059326171875;0.311279296875;-0.6610107421875;-0.1282958984375;-0.00800000037997961;0.22200001776218414;0.1550000011920929;-0.9470000267028809;-0.242000013589859;-0.06599999964237213
717997.0;-0.968000054359436;0.03400000184774399;0.15600000321865082;48.0;19.25;8.5;91.0;-8.0;95.0;338.3125;-75.125;105.25;-0.67071533203125;0.31060791015625;-0.66119384765625;-0.12835693359375;-0.005000000353902578;0.32600000500679016;0.21400001645088196;-0.9480000734329224;-0.24000000953674316;-0.0650000050663948
718001.0;-0.9530000686645508;0.08500000089406967;0.14900000393390656;48.0;19.25;8.5;-279.0;-172.0;110.0;338.0625;-75.25;105.0625;-0.6707763671875;0.31109619140625;-0.66058349609375;-0.1300048828125;-0.005000000353902578;0.32600000500679016;0.21400001645088196;-0.9490000605583191;-0.23800000548362732;-0.06300000101327896
718011.0;-0.9630000591278076;0.1600000113248825;0.13700000941753387;48.0;19.25;8.5;-927.0;-410.0;208.0;337.25;-75.4375;104.875;-0.6705322265625;0.3133544921875;-0.6588134765625;-0.1346435546875;-0.013000000268220901;0.39900001883506775;0.20000000298023224;-0.9490000605583191;-0.23800000548362732;-0.06300000101327896
718021.0;-0.9930000305175781;0.14500001072883606;0.14900000393390656;46.0625;19.25;9.375;-1501.0;-508.0;304.0;336.0;-75.6875;104.8125;-0.66949462890625;0.317626953125;-0.65625;-0.14215087890625;-0.0430000014603138;0.3790000081062317;0.2110000103712082;-0.9500000476837158;-0.23400001227855682;-0.06100000441074371
718031.0;-1.027000069618225;0.10700000822544098;0.14800000190734863;46.0625;19.25;9.375;-1951.0;-563.0;322.0;334.5;-75.9375;104.875;-0.66790771484375;0.322998046875;-0.6533203125;-0.1510009765625;-0.07500000298023224;0.3360000252723694;0.21000000834465027;-0.9510000348091125;-0.2290000170469284;-0.06100000441074371
718035.0;-1.027000069618225;0.10700000822544098;0.14800000190734863;46.0625;19.25;9.375;-1951.0;-563.0;322.0;334.5;-75.9375;104.875;-0.66790771484375;0.322998046875;-0.6533203125;-0.1510009765625;-0.07500000298023224;0.3360000252723694;0.21000000834465027;-0.9510000348091125;-0.2290000170469284;-0.06100000441074371
718045.0;-1.0550000667572021;0.08100000023841858;0.15600000321865082;46.0625;19.25;9.375;-2362.0;-612.0;289.0;332.75;-76.1875;105.0;-0.66571044921875;0.32977294921875;-0.64971923828125;-0.16119384765625;-0.10200000554323196;0.3060000240802765;0.21700000762939453;-0.9520000219345093;-0.22500000894069672;-0.06000000238418579
718055.0;-1.071000099182129;0.05900000408291817;0.22300000488758087;46.0625;19.25;9.375;-2737.0;-697.0;283.0;330.75;-76.5;105.1875;-0.6629638671875;0.33782958984375;-0.64532470703125;-0.17279052734375;-0.11700000613927841;0.2800000011920929;0.28300002217292786;-0.9530000686645508;-0.2200000137090683;-0.05900000408291817
718065.0;-1.0700000524520874;0.06300000101327896;0.24500000476837158;46.0625;19.25;9.375;-3047.0;-816.0;297.0;328.5625;-76.8125;105.1875;-0.65997314453125;0.3466796875;-0.64013671875;-0.1856689453125;-0.11500000208616257;0.27900001406669617;0.30400002002716064;-0.9540000557899475;-0.2150000035762787;-0.058000002056360245
718069.0;-1.0700000524520874;0.06300000101327896;0.24500000476837158;46.0625;19.25;9.375;-3047.0;-816.0;297.0;328.5625;-76.8125;105.1875;-0.65997314453125;0.3466796875;-0.64013671875;-0.1856689453125;-0.11500000208616257;0.27900001406669617;0.30400002002716064;-0.9540000557899475;-0.2150000035762787;-0.058000002056360245
718079.0;-1.0770000219345093;0.07100000232458115;0.2510000169277191;48.0;18.875;8.875;-3285.0;-930.0;320.0;326.1875;-77.125;105.0625;-0.65667724609375;0.3560791015625;-0.6341552734375;-0.19952392578125;-0.12000000476837158;0.281000018119812;0.30800002813339233;-0.956000030040741;-0.21000000834465027;-0.0560000017285347
718089.0;-1.1100000143051147;0.11400000751018524;0.2680000066757202;48.0;18.875;8.875;-3416.0;-1002.0;341.0;323.6875;-77.5;104.75;-0.65313720703125;0.36566162109375;-0.62762451171875;-0.2139892578125;-0.15200001001358032;0.3190000057220459;0.32200002670288086;-0.9570000171661377;-0.20400001108646393;-0.05400000140070915
718099.0;-1.1200000047683716;0.14500001072883606;0.26500001549720764;48.0;18.875;8.875;-3444.0;-1046.0;343.0;321.1875;-77.8125;104.25;-0.64947509765625;0.3751220703125;-0.62066650390625;-0.22857666015625;-0.16100001335144043;0.3440000116825104;0.3160000145435333;-0.9580000638961792;-0.1990000158548355;-0.05000000074505806
718107.0;-1.121000051498413;0.17100000381469727;0.25699999928474426;48.0;18.875;8.875;-3413.0;-1095.0;312.0;318.75;-78.1875;103.5;-0.64581298828125;0.3843994140625;-0.61328125;-0.24298095703125;-0.16100001335144043;0.3660000264644623;0.30400002002716064;-0.9600000381469727;-0.1940000057220459;-0.046000003814697266
718117.0;-1.127000093460083;0.17600001394748688;0.2540000081062317;48.0;18.875;8.875;-3370.0;-1144.0;266.0;316.3125;-78.5;102.4375;-0.6422119140625;0.39349365234375;-0.60552978515625;-0.257080078125;-0.16600000858306885;0.367000013589859;0.29600000381469727;-0.9610000252723694;-0.1900000125169754;-0.04200000315904617
718127.0;-1.1440000534057617;0.1770000010728836;0.25600001215934753;49.5;14.75;11.0;-3286.0;-1181.0;165.0;314.0625;-78.75;101.0625;-0.6387939453125;0.4024658203125;-0.5972900390625;-0.2705078125;-0.18200001120567322;0.36400002241134644;0.2930000126361847;-0.9610000252723694;-0.18700000643730164;-0.036000002175569534
718137.0;-1.1470000743865967;0.1680000126361847;0.27000001072883606;49.5;14.75;11.0;-3286.0;-1181.0;165.0;311.8125;-79.0;99.5625;-0.63519287109375;0.4112548828125;-0.5888671875;-0.283935546875;-0.18400001525878906;0.3530000150203705;0.30100002884864807;-0.9620000720024109;-0.18400001525878906;-0.03100000135600567
718144.0;-1.1390000581741333;0.15300001204013824;0.2850000262260437;49.5;14.75;11.0;-3231.0;-1202.0;86.0;309.625;-79.125;97.8125;-0.6317138671875;0.419921875;-0.580078125;-0.29681396484375;-0.17600001394748688;0.3360000252723694;0.3100000023841858;-0.9630000591278076;-0.18200001120567322;-0.02500000037252903
718154.0;-1.1320000886917114;0.14300000667572021;0.3150000274181366;49.5;14.75;11.0;-2950.0;-1319.0;-33.0;307.6875;-79.1875;95.4375;-0.629150390625;0.427734375;-0.5709228515625;-0.30859375;-0.16900001466274261;0.32500001788139343;0.3330000042915344;-0.9630000591278076;-0.18200001120567322;-0.017000000923871994
718164.0;-1.1320000886917114;0.14300000667572021;0.3150000274181366;49.5;14.75;11.0;-2743.0;-1371.0;-46.0;305.9375;-79.25;92.75;-0.6270751953125;0.4346923828125;-0.56170654296875;-0.31976318359375;-0.18400001525878906;0.33500000834465027;0.3790000081062317;-0.9630000591278076;-0.18200001120567322;-0.00800000037997961
718174.0;-1.1480000019073486;0.15200001001358032;0.3710000216960907;49.75;13.6875;8.875;-2546.0;-1413.0;-25.0;304.25;-79.25;89.75;-0.6253662109375;0.44085693359375;-0.55255126953125;-0.33056640625;-0.19300000369548798;0.34700000286102295;0.37800002098083496;-0.9630000591278076;-0.18200001120567322;0.0
718184.0;-1.156000018119812;0.16500000655651093;0.37800002098083496;49.75;13.6875;8.875;-2392.0;-1514.0;16.0;302.6875;-79.25;86.375;-0.6241455078125;0.446044921875;-0.5433349609375;-0.341064453125;-0.20100000500679016;0.36100003123283386;0.3680000305175781;-0.9630000591278076;-0.18200001120567322;0.01100000087171793
718194.0;-1.1640000343322754;0.17900000512599945;0.3800000250339508;49.75;13.6875;8.875;-2324.0;-1623.0;71.0;301.0625;-79.1875;82.625;-0.62310791015625;0.45050048828125;-0.533935546875;-0.35174560546875;-0.20800000429153442;0.3960000276565552;0.36000001430511475;-0.9630000591278076;-0.18200001120567322;0.023000001907348633
718203.0;-1.1710000038146973;0.21400001645088196;0.3830000162124634;49.75;13.6875;8.875;-2335.0;-1696.0;135.0;299.4375;-79.0625;78.6875;-0.62200927734375;0.45458984375;-0.52423095703125;-0.36279296875;-0.21300001442432404;0.4140000343322754;0.367000013589859;-0.9630000591278076;-0.1810000091791153;0.036000002175569534
718213.0;-1.1759999990463257;0.23200000822544098;0.40300002694129944;49.75;13.6875;8.875;-2387.0;-1716.0;177.0;297.8125;-78.9375;74.75;-0.62060546875;0.4586181640625;-0.514404296875;-0.3740234375;-0.2240000069141388;0.40700000524520874;0.359000027179718;-0.9620000720024109;-0.18000000715255737;0.049000002443790436
718223.0;-1.186000108718872;0.22600001096725464;0.40800002217292786;49.75;13.6875;8.875;-2387.0;-1716.0;177.0;297.8125;-78.9375;74.75;-0.618896484375;0.46270751953125;-0.50421142578125;-0.385498046875;-0.24000000953674316;0.3840000033378601;0.35100001096725464;-0.9610000252723694;-0.18000000715255737;0.06200000271201134
718233.0;-1.2020000219345093;0.20400001108646393;0.4130000174045563;50.1875;12.25;7.25;-2457.0;-1736.0;191.0;296.125;-78.75;70.9375;-0.618896484375;0.46270751953125;-0.50421142578125;-0.385498046875;-0.2850000262260437;0.3110000193119049;0.2980000078678131;-0.9610000252723694;-0.17900000512599945;0.07500000298023224
718243.0;-1.246000051498413;0.13100001215934753;0.37400001287460327;50.1875;12.25;7.25;-2558.0;-1935.0;327.0;292.625;-78.1875;63.1875;-0.61492919921875;0.46990966796875;-0.4827880859375;-0.40972900390625;-0.2900000214576721;0.281000018119812;0.26600000262260437;-0.9590000510215759;-0.17800000309944153;0.09000000357627869
718248.0;-1.246000051498413;0.13100001215934753;0.37400001287460327;50.1875;12.25;7.25;-2558.0;-1935.0;327.0;292.625;-78.1875;63.1875;-0.61492919921875;0.46990966796875;-0.4827880859375;-0.40972900390625;-0.2900000214576721;0.281000018119812;0.26600000262260437;-0.9590000510215759;-0.17800000309944153;0.09000000357627869
718258.0;-1.249000072479248;0.10200000554323196;0.35600000619888306;50.1875;12.25;7.25;-2539.0;-2092.0;485.0;290.75;-77.8125;58.8125;-0.61285400390625;0.47235107421875;-0.47161865234375;-0.42291259765625;-0.2880000174045563;0.25;0.26500001549720764;-0.9580000638961792;-0.17600001394748688;0.10600000619888306
718268.0;-1.2470000982284546;0.07400000095367432;0.3720000088214874;50.1875;12.25;7.25;-2486.0;-2262.0;706.0;288.8125;-77.4375;54.0;-0.610595703125;0.4735107421875;-0.46044921875;-0.43695068359375;-0.2800000011920929;0.22500000894069672;0.2880000174045563;-0.9570000171661377;-0.1720000058412552;0.125
718278.0;-1.2380000352859497;0.05300000309944153;0.4130000174045563;50.1875;12.25;7.25;-2486.0;-2262.0;706.0;288.8125;-77.4375;54.0;-0.610595703125;0.4735107421875;-0.46044921875;-0.43695068359375;-0.2800000011920929;0.22500000894069672;0.2880000174045563;-0.9550000429153442;-0.16600000858306885;0.14400000870227814
718288.0;-1.2300000190734863;0.09000000357627869;0.5060000419616699;49.0625;10.25;5.1875;-2433.0;-2382.0;902.0;286.75;-76.9375;49.0;-0.60809326171875;0.47357177734375;-0.4493408203125;-0.45166015625;-0.2750000059604645;0.25699999928474426;0.36100003123283386;-0.9550000429153442;-0.16600000858306885;0.14400000870227814
718298.0;-1.2370001077651978;0.08900000154972076;0.5300000309944153;49.0625;10.25;5.1875;-2358.0;-2437.0;1006.0;282.75;-75.6875;39.5625;-0.60272216796875;0.47161865234375;-0.42724609375;-0.48138427734375;-0.29500001668930054;0.2290000170469284;0.33100003004074097;-0.9500000476837158;-0.15400001406669617;0.1860000044107437
718301.0;-1.246000051498413;0.07500000298023224;0.5170000195503235;49.0625;10.25;5.1875;-2325.0;-2488.0;1059.0;280.75;-74.875;35.375;-0.599853515625;0.469970703125;-0.41583251953125;-0.49639892578125;-0.3070000112056732;0.20100000500679016;0.289000004529953;-0.9460000395774841;-0.14800000190734863;0.20800000429153442
718311.0;-1.2540000677108765;0.05300000309944153;0.4970000088214874;49.0625;10.25;5.1875;-2325.0;-2552.0;1091.0;278.75;-73.9375;31.5625;-0.5968017578125;0.46783447265625;-0.4041748046875;-0.511474609375;-0.3100000023841858;0.16600000858306885;0.24900001287460327;-0.9420000314712524;-0.1420000046491623;0.23100000619888306
718321.0;-1.252000093460083;0.023000001907348633;0.48000001907348633;49.0625;10.25;5.1875;-2306.0;-2636.0;1137.0;278.75;-73.9375;31.5625;-0.5968017578125;0.46783447265625;-0.4041748046875;-0.511474609375;-0.3100000023841858;0.16600000858306885;0.24900001287460327;-0.9420000314712524;-0.1420000046491623;0.23100000619888306
718331.0;-1.2380000352859497;0.014000000432133675;0.503000020980835;51.5625;8.1875;2.375;-2237.0;-2740.0;1210.0;276.8125;-72.8125;28.0;-0.59375;0.46478271484375;-0.3924560546875;-0.5267333984375;-0.30100002884864807;0.15000000596046448;0.24800001084804535;-0.937000036239624;-0.13500000536441803;0.2540000081062317
718341.0;-1.222000002861023;0.013000000268220901;0.5260000228881836;51.5625;8.1875;2.375;-2137.0;-2836.0;1287.0;274.875;-71.625;24.75;-0.587646484375;0.4560546875;-0.36907958984375;-0.55712890625;-0.29100000858306885;0.13900001347064972;0.2670000195503235;-0.9230000376701355;-0.12200000882148743;0.3050000071525574
718344.0;-1.222000002861023;0.013000000268220901;0.5260000228881836;51.5625;8.1875;2.375;-2137.0;-2836.0;1287.0;274.875;-71.625;24.75;-0.587646484375;0.4560546875;-0.36907958984375;-0.55712890625;-0.29100000858306885;0.13900001347064972;0.2670000195503235;-0.9230000376701355;-0.12200000882148743;0.3050000071525574
718354.0;-1.215000033378601;0.01600000075995922;0.5730000138282776;51.5625;8.1875;2.375;-2004.0;-2889.0;1330.0;273.0;-70.375;21.8125;-0.5848388671875;0.45062255859375;-0.35772705078125;-0.57177734375;-0.30100002884864807;0.12000000476837158;0.24500000476837158;-0.9150000214576721;-0.11500000208616257;0.33100003004074097
718364.0;-1.2160000801086426;0.004000000189989805;0.5760000348091125;51.5625;8.1875;2.375;-1861.0;-2908.0;1321.0;271.25;-69.0;19.25;-0.58233642578125;0.444580078125;-0.346435546875;-0.58587646484375;-0.3150000274181366;0.09700000286102295;0.21400001645088196;-0.906000018119812;-0.10900000482797623;0.3570000231266022
718374.0;-1.222000002861023;-0.01100000087171793;0.5710000395774841;51.5625;8.1875;2.375;-1723.0;-2929.0;1280.0;269.625;-67.5625;17.0;-0.58233642578125;0.444580078125;-0.346435546875;-0.58587646484375;-0.3150000274181366;0.09700000286102295;0.21400001645088196;-0.906000018119812;-0.10900000482797623;0.3570000231266022
718384.0;-1.215000033378601;-0.026000000536441803;0.5660000443458557;51.5625;7.0625;-5.0625;-1560.0;-2929.0;1245.0;268.125;-66.0625;15.125;-0.580078125;0.43798828125;-0.33544921875;-0.59930419921875;-0.3190000057220459;0.07700000703334808;0.18200001120567322;-0.8960000276565552;-0.10300000756978989;0.3830000162124634
718389.0;-1.215000033378601;-0.026000000536441803;0.5660000443458557;51.5625;7.0625;-5.0625;-1560.0;-2929.0;1245.0;268.125;-66.0625;15.125;-0.580078125;0.43798828125;-0.33544921875;-0.59930419921875;-0.3190000057220459;0.07700000703334808;0.18200001120567322;-0.8960000276565552;-0.10300000756978989;0.3830000162124634
718399.0;-1.1950000524520874;-0.06100000441074371;0.6140000224113464;51.5625;7.0625;-5.0625;-1362.0;-2924.0;1217.0;266.6875;-64.5;13.4375;-0.578125;0.4306640625;-0.324951171875;-0.61212158203125;-0.320000022649765;0.052000001072883606;0.19600000977516174;-0.8730000257492065;-0.09200000762939453;0.4350000321865082
718409.0;-1.193000078201294;-0.04000000283122063;0.6320000290870667;51.5625;7.0625;-5.0625;-1173.0;-2925.0;1197.0;265.4375;-62.9375;11.9375;-0.5765380859375;0.42266845703125;-0.31494140625;-0.62432861328125;-0.3410000205039978;0.0860000029206276;0.20600001513957977;-0.8600000143051147;-0.0860000029206276;0.4610000252723694
718419.0;-1.2020000219345093;0.0;0.6680000424385071;51.5625;7.0625;-5.0625;-1047.0;-2923.0;1200.0;264.1875;-61.375;10.5625;-0.57501220703125;0.4141845703125;-0.30523681640625;-0.63616943359375;-0.3410000205039978;0.0860000029206276;0.20600001513957977;-0.8470000624656677;-0.08000000566244125;0.48600003123283386
718429.0;-1.2050000429153442;0.03200000151991844;0.6980000138282776;51.5625;7.0625;-5.0625;-994.0;-2908.0;1221.0;263.0;-59.75;9.3125;-0.57330322265625;0.4053955078125;-0.295654296875;-0.647705078125;-0.3580000102519989;0.1120000034570694;0.2110000103712082;-0.8470000624656677;-0.08000000566244125;0.48600003123283386
718431.0;-1.1970000267028809;0.02500000037252903;0.7290000319480896;49.0625;2.1875;-11.6875;-1003.0;-2898.0;1238.0;261.8125;-58.125;8.25;-0.5714111328125;0.39654541015625;-0.28607177734375;-0.65911865234375;-0.36400002241134644;0.10000000149011612;0.21700000762939453;-0.8330000638961792;-0.07400000095367432;0.5110000371932983
718441.0;-1.1750000715255737;0.0;0.7420000433921814;49.0625;2.1875;-11.6875;-1049.0;-2931.0;1252.0;260.625;-56.5;7.375;-0.56915283203125;0.38751220703125;-0.27618408203125;-0.6705322265625;-0.3570000231266022;0.0690000057220459;0.20500001311302185;-0.8170000314712524;-0.0690000057220459;0.5360000133514404
718451.0;-1.1320000886917114;-0.012000000104308128;0.7490000128746033;49.0625;2.1875;-11.6875;-1096.0;-2955.0;1272.0;259.4375;-54.8125;6.5625;-0.566650390625;0.37847900390625;-0.26593017578125;-0.681884765625;-0.33000001311302185;0.052000001072883606;0.18800000846385956;-0.8010000586509705;-0.06400000303983688;0.5610000491142273
718461.0;-1.0480000972747803;-0.039000000804662704;0.7670000195503235;49.0625;2.1875;-11.6875;-1109.0;-2986.0;1304.0;258.1875;-53.125;5.875;-0.5638427734375;0.369140625;-0.255615234375;-0.69317626953125;-0.2639999985694885;0.021000001579523087;0.18200001120567322;-0.784000039100647;-0.06000000238418579;0.5850000381469727
718471.0;-1.0260000228881836;-0.02800000086426735;0.800000011920929;49.0625;2.1875;-11.6875;-1104.0;-3042.0;1345.0;257.0;-51.375;5.25;-0.56072998046875;0.35943603515625;-0.24505615234375;-0.7044677734375;-0.2600000202655792;0.02800000086426735;0.19100001454353333;-0.7660000324249268;-0.0560000017285347;0.609000027179718
718481.0;-1.0049999952316284;-0.010000000707805157;0.8250000476837158;47.5625;-1.0625;-20.25;-1094.0;-3094.0;1383.0;255.8125;-49.5625;4.75;-0.55743408203125;0.34930419921875;-0.23443603515625;-0.71575927734375;-0.2590000033378601;0.04200000315904617;0.19200000166893005;-0.7460000514984131;-0.052000001072883606;0.6330000162124634
718484.0;-1.0049999952316284;-0.010000000707805157;0.8250000476837158;47.5625;-1.0625;-20.25;-1094.0;-3094.0;1383.0;255.8125;-49.5625;4.75;-0.55743408203125;0.34930419921875;-0.23443603515625;-0.71575927734375;-0.2590000033378601;0.04200000315904617;0.19200000166893005;-0.7460000514984131;-0.052000001072883606;0.6330000162124634
718494.0;-0.9890000224113464;0.01600000075995922;0.8440000414848328;47.5625;-1.0625;-20.25;-1118.0;-3161.0;1414.0;254.5625;-47.6875;4.25;-0.5538330078125;0.33880615234375;-0.22344970703125;-0.72698974609375;-0.2639999985694885;0.0650000050663948;0.18700000643730164;-0.7250000238418579;-0.049000002443790436;0.6570000052452087
718504.0;-0.9590000510215759;0.005000000353902578;0.8530000448226929;47.5625;-1.0625;-20.25;-1151.0;-3223.0;1453.0;253.3125;-45.8125;3.875;-0.5499267578125;0.32806396484375;-0.212158203125;-0.73822021484375;-0.25600001215934753;0.05100000277161598;0.1720000058412552;-0.703000009059906;-0.046000003814697266;0.6810000538825989
718514.0;-0.9410000443458557;-0.021000001579523087;0.8730000257492065;47.5625;-1.0625;-20.25;-1140.0;-3301.0;1497.0;252.0625;-43.875;3.5625;-0.545654296875;0.3167724609375;-0.20068359375;-0.7493896484375;-0.26100000739097595;0.02200000174343586;0.1680000126361847;-0.6800000071525574;-0.04400000348687172;0.7040000557899475
718519.0;-0.9410000443458557;-0.021000001579523087;0.8730000257492065;47.5625;-1.0625;-20.25;-1140.0;-3301.0;1497.0;252.0625;-43.875;3.5625;-0.545654296875;0.3167724609375;-0.20068359375;-0.7493896484375;-0.26100000739097595;0.02200000174343586;0.1680000126361847;-0.6800000071525574;-0.04400000348687172;0.7040000557899475
718529.0;-0.9300000667572021;-0.03200000151991844;0.906000018119812;47.5625;-1.0625;-20.25;-1079.0;-3394.0;1550.0;250.8125;-41.875;3.1875;-0.54119873046875;0.30474853515625;-0.189208984375;-0.76055908203125;-0.2750000059604645;0.00800000037997961;0.1770000010728836;-0.6550000309944153;-0.04100000113248825;0.7280000448226929
718539.0;-0.9220000505447388;-0.030000001192092896;0.9130000472068787;42.375;-3.0;-26.0625;-980.0;-3487.0;1613.0;249.625;-39.875;2.875;-0.5364990234375;0.2918701171875;-0.1778564453125;-0.77154541015625;-0.2930000126361847;0.007000000216066837;0.16100001335144043;-0.628000020980835;-0.03700000047683716;0.7510000467300415
718549.0;-0.9100000262260437;-0.00800000037997961;0.9150000214576721;42.375;-3.0;-26.0625;-869.0;-3577.0;1685.0;248.375;-37.75;2.5;-0.53155517578125;0.278076171875;-0.166748046875;-0.782470703125;-0.3100000023841858;0.02500000037252903;0.14100000262260437;-0.6000000238418579;-0.03400000184774399;0.7740000486373901
718556.0;-0.9000000357627869;-0.009000000543892384;0.9230000376701355;42.375;-3.0;-26.0625;-785.0;-3663.0;1776.0;247.0625;-35.5625;2.0625;-0.52618408203125;0.2635498046875;-0.15576171875;-0.7933349609375;-0.3290000259876251;0.01900000125169754;0.12600000202655792;-0.5700000524520874;-0.029000001028180122;0.796000063419342
718566.0;-0.8870000243186951;-0.00800000037997961;0.9480000734329224;42.375;-3.0;-26.0625;-713.0;-3733.0;1849.0;245.8125;-33.375;1.6875;-0.5203857421875;0.248291015625;-0.14495849609375;-0.8040771484375;-0.34700000286102295;0.01600000075995922;0.1290000081062317;-0.5390000343322754;-0.024000000208616257;0.8180000185966492
718576.0;-0.8870000243186951;-0.00800000037997961;0.9480000734329224;42.375;-3.0;-26.0625;-656.0;-3792.0;1880.0;244.5;-31.0625;1.375;-0.5142822265625;0.23248291015625;-0.13421630859375;-0.81451416015625;-0.3500000238418579;0.036000002175569534;0.16500000655651093;-0.5060000419616699;-0.020000001415610313;0.8390000462532043
718586.0;-0.8560000658035278;0.01600000075995922;1.0040000677108765;36.5;-3.25;-33.875;-615.0;-3816.0;1863.0;243.25;-28.8125;1.0625;-0.50811767578125;0.21636962890625;-0.1234130859375;-0.824462890625;-0.36000001430511475;0.04700000211596489;0.15300001204013824;-0.47200003266334534;-0.01600000075995922;0.8580000400543213
718591.0;-0.8330000638961792;0.03100000135600567;1.0120000839233398;36.5;-3.25;-33.875;-584.0;-3816.0;1835.0;242.0625;-26.5;0.8125;-0.5018310546875;0.20013427734375;-0.11273193359375;-0.83392333984375;-0.3660000264644623;0.055000003427267075;0.15400001406669617;-0.43800002336502075;-0.012000000104308128;0.8770000338554382
718601.0;-0.8040000200271606;0.0430000014603138;1.031000018119812;36.5;-3.25;-33.875;-552.0;-3801.0;1796.0;240.875;-24.25;0.625;-0.4954833984375;0.1837158203125;-0.10211181640625;-0.84283447265625;-0.3800000250339508;0.06000000238418579;0.14800000190734863;-0.4020000100135803;-0.009000000543892384;0.8940000534057617
718611.0;-0.7830000519752502;0.05000000074505806;1.0420000553131104;36.5;-3.25;-33.875;-506.0;-3775.0;1722.0;239.75;-21.9375;0.4375;-0.48919677734375;0.16729736328125;-0.09161376953125;-0.85107421875;-0.37400001287460327;0.11500000208616257;0.14900000393390656;-0.367000013589859;-0.007000000216066837;0.909000039100647
718621.0;-0.7410000562667847;0.10700000822544098;1.058000087738037;36.5;-3.25;-33.875;-427.0;-3707.0;1618.0;238.6875;-19.6875;0.3125;-0.4832763671875;0.15087890625;-0.08154296875;-0.8585205078125;-0.3680000305175781;0.12400000542402267;0.11300000548362732;-0.33100003004074097;-0.005000000353902578;0.9220000505447388
718624.0;-0.7410000562667847;0.10700000822544098;1.058000087738037;36.5;-3.25;-33.875;-427.0;-3707.0;1618.0;238.6875;-19.6875;0.3125;-0.4832763671875;0.15087890625;-0.08154296875;-0.8585205078125;-0.3680000305175781;0.12400000542402267;0.11300000548362732;-0.33100003004074097;-0.005000000353902578;0.9220000505447388
718634.0;-0.7000000476837158;0.11800000816583633;1.0360000133514404;36.5;-3.25;-33.875;-427.0;-3707.0;1618.0;238.6875;-19.6875;0.3125;-0.4775390625;0.134765625;-0.072021484375;-0.865234375;-0.34300002455711365;0.11800000816583633;0.1080000028014183;-0.29600000381469727;-0.004000000189989805;0.9340000152587891
718644.0;-0.6390000581741333;0.11400000751018524;1.0420000553131104;27.1875;-5.0625;-40.875;-339.0;-3599.0;1518.0;237.75;-17.5625;0.1875;-0.4775390625;0.134765625;-0.072021484375;-0.865234375;-0.31800001859664917;0.13199999928474426;0.11500000208616257;-0.26100000739097595;-0.0020000000949949026;0.9450000524520874
718654.0;-0.5800000429153442;0.1290000081062317;1.0600000619888306;27.1875;-5.0625;-40.875;-368.0;-3341.0;1286.0;236.0625;-13.4375;0.1875;-0.4669189453125;0.104248046875;-0.0535888671875;-0.87652587890625;-0.28700000047683716;0.15000000596046448;0.12200000882148743;-0.22800001502037048;-0.003000000026077032;0.9530000686645508
718659.0;-0.5800000429153442;0.1290000081062317;1.0600000619888306;27.1875;-5.0625;-40.875;-368.0;-3341.0;1286.0;236.0625;-13.4375;0.1875;-0.4669189453125;0.104248046875;-0.0535888671875;-0.87652587890625;-0.28700000047683716;0.15000000596046448;0.12200000882148743;-0.22800001502037048;-0.003000000026077032;0.9530000686645508
718669.0;-0.51500004529953;0.14600001275539398;1.0760000944137573;27.1875;-5.0625;-40.875;-537.0;-3251.0;1087.0;235.375;-11.5;0.375;-0.46240234375;0.0902099609375;-0.043701171875;-0.8809814453125;-0.3070000112056732;0.14600001275539398;0.1469999998807907;-0.19500000774860382;-0.006000000052154064;0.9600000381469727
718679.0;-0.503000020980835;0.14000000059604645;1.1080000400543213;27.1875;-5.0625;-40.875;-537.0;-3251.0;1087.0;234.75;-9.5625;0.6875;-0.4586181640625;0.0771484375;-0.0328369140625;-0.8846435546875;-0.33100003004074097;0.11700000613927841;0.1300000101327896;-0.16300000250339508;-0.012000000104308128;0.9660000205039978
718689.0;-0.49400001764297485;0.10500000417232513;1.097000002861023;27.1875;-5.0625;-40.875;-767.0;-3167.0;876.0;234.75;-9.5625;0.6875;-0.4586181640625;0.0771484375;-0.0328369140625;-0.8846435546875;-0.33100003004074097;0.11700000613927841;0.1300000101327896;-0.13100001215934753;-0.021000001579523087;0.971000075340271
718693.0;-0.4780000150203705;0.05100000277161598;1.0789999961853027;19.0;-7.0;-43.875;-972.0;-3099.0;702.0;234.3125;-7.6875;1.25;-0.4554443359375;0.06488037109375;-0.02105712890625;-0.88763427734375;-0.3460000157356262;0.07200000435113907;0.1080000028014183;-0.10000000149011612;-0.03100000135600567;0.9740000367164612
718703.0;-0.43700000643730164;-0.05400000140070915;1.027000069618225;19.0;-7.0;-43.875;-1030.0;-3050.0;592.0;233.5;-4.0625;2.3125;-0.449951171875;0.0408935546875;0.00213623046875;-0.89215087890625;-0.36100003123283386;-0.058000002056360245;0.004000000189989805;-0.0690000057220459;-0.039000000804662704;0.9770000576972961
718713.0;-0.4300000071525574;-0.09800000488758087;0.9810000658035278;19.0;-7.0;-43.875;-880.0;-3027.0;528.0;233.125;-2.25;2.625;-0.44732666015625;0.02813720703125;0.01171875;-0.89385986328125;-0.38200002908706665;-0.08000000566244125;-0.058000002056360245;-0.039000000804662704;-0.04500000178813934;0.9780000448226929
718723.0;-0.42100003361701965;-0.125;0.9190000295639038;19.0;-7.0;-43.875;-555.0;-2982.0;506.0;232.75;-0.5;2.6875;-0.4444580078125;0.01470947265625;0.01910400390625;-0.8955078125;-0.31800001859664917;-0.10500000417232513;-0.11300000548362732;-0.009000000543892384;-0.046000003814697266;0.9790000319480896
718726.0;-0.42100003361701965;-0.125;0.9190000295639038;19.0;-7.0;-43.875;-555.0;-2982.0;506.0;232.75;-0.5;2.6875;-0.4444580078125;0.01470947265625;0.01910400390625;-0.8955078125;-0.31800001859664917;-0.10500000417232513;-0.11300000548362732;-0.009000000543892384;-0.046000003814697266;0.9790000319480896
718736.0;-0.3270000219345093;-0.15200001001358032;0.8650000691413879;19.0;-7.0;-43.875;-120.0;-2917.0;557.0;232.75;-0.5;2.6875;-0.4444580078125;0.01470947265625;0.01910400390625;-0.8955078125;-0.31800001859664917;-0.10500000417232513;-0.11300000548362732;-0.009000000543892384;-0.046000003814697266;0.9790000319480896
718746.0;-0.29100000858306885;-0.1510000079870224;0.8450000286102295;11.5625;-5.1875;-45.875;340.0;-2852.0;656.0;232.3125;1.125;2.5;-0.4410400390625;0.00048828125;0.02410888671875;-0.89715576171875;-0.3110000193119049;-0.1080000028014183;-0.13300000131130219;0.020000001415610313;-0.04200000315904617;0.9790000319480896
718756.0;-0.2720000147819519;-0.15400001406669617;0.8250000476837158;11.5625;-5.1875;-45.875;730.0;-2789.0;728.0;231.8125;2.8125;2.0625;-0.43292236328125;-0.02960205078125;0.0289306640625;-0.9005126953125;-0.3320000171661377;-0.12000000476837158;-0.14800000190734863;0.07600000500679016;-0.02500000037252903;0.9770000576972961
718761.0;-0.2550000250339508;-0.14600001275539398;0.8280000686645508;11.5625;-5.1875;-45.875;980.0;-2764.0;787.0;231.3125;4.4375;1.5;-0.42840576171875;-0.04510498046875;0.03021240234375;-0.9019775390625;-0.34700000286102295;-0.07600000500679016;-0.21400001645088196;0.10500000417232513;-0.015000000596046448;0.9740000367164612
718771.0;-0.242000013589859;-0.09200000762939453;0.7600000500679016;11.5625;-5.1875;-45.875;1086.0;-2768.0;809.0;230.8125;6.125;0.875;-0.42364501953125;-0.06060791015625;0.03155517578125;-0.90325927734375;-0.35500001907348633;-0.06000000238418579;-0.26200002431869507;0.13300000131130219;-0.005000000353902578;0.971000075340271
718781.0;-0.22200001776218414;-0.0650000050663948;0.7090000510215759;11.5625;-5.1875;-45.875;1074.0;-2768.0;839.0;230.25;7.8125;0.3125;-0.42364501953125;-0.06060791015625;0.03155517578125;-0.90325927734375;-0.35500001907348633;-0.06000000238418579;-0.26200002431869507;0.13300000131130219;-0.005000000353902578;0.971000075340271
718791.0;-0.17800000309944153;-0.06000000238418579;0.6470000147819519;3.375;-5.1875;-46.75;990.0;-2750.0;912.0;229.625;9.4375;-0.125;-0.41845703125;-0.07574462890625;0.03326416015625;-0.90447998046875;-0.3400000035762787;-0.06300000101327896;-0.3190000057220459;0.16100001335144043;0.003000000026077032;0.9670000672340393
718798.0;-0.17800000309944153;-0.06000000238418579;0.6470000147819519;3.375;-5.1875;-46.75;990.0;-2750.0;912.0;229.625;9.4375;-0.125;-0.41845703125;-0.07574462890625;0.03326416015625;-0.90447998046875;-0.3400000035762787;-0.06300000101327896;-0.3190000057220459;0.16100001335144043;0.003000000026077032;0.9670000672340393
718808.0;-0.11400000751018524;-0.07400000095367432;0.6140000224113464;3.375;-5.1875;-46.75;845.0;-2705.0;1048.0;228.9375;11.125;-0.5625;-0.41259765625;-0.09033203125;0.03564453125;-0.90570068359375;-0.22700001299381256;-0.14100000262260437;-0.3760000169277191;0.2160000056028366;0.013000000268220901;0.956000030040741
718818.0;-0.01100000087171793;-0.12700000405311584;0.5790000557899475;3.375;-5.1875;-46.75;615.0;-2635.0;1175.0;228.1875;12.6875;-0.75;-0.4061279296875;-0.10406494140625;0.03900146484375;-0.90704345703125;-0.23500001430511475;-0.17100000381469727;-0.36400002241134644;0.242000013589859;0.013000000268220901;0.9500000476837158
718828.0;0.006000000052154064;-0.15800000727176666;0.5850000381469727;3.375;-5.1875;-46.75;305.0;-2562.0;1193.0;227.5;14.25;-0.8125;-0.39971923828125;-0.11669921875;0.04364013671875;-0.90814208984375;-0.23500001430511475;-0.17100000381469727;-0.36400002241134644;0.2670000195503235;0.010000000707805157;0.9430000185966492
718838.0;0.020000001415610313;-0.1730000078678131;0.5890000462532043;3.375;-5.1875;-46.75;-56.0;-2511.0;1120.0;226.8125;15.8125;-0.5625;-0.39373779296875;-0.12835693359375;0.0499267578125;-0.90887451171875;-0.2460000067949295;-0.18300001323223114;-0.3530000150203705;0.2670000195503235;0.010000000707805157;0.9430000185966492
718848.0;0.07300000637769699;-0.14800000190734863;0.5790000557899475;-3.5625;-7.75;-48.0625;-419.0;-2494.0;1017.0;226.25;17.3125;-0.125;-0.388427734375;-0.13916015625;0.05780029296875;-0.9090576171875;-0.21900001168251038;-0.1510000079870224;-0.35600000619888306;0.29200002551078796;0.0020000000949949026;0.9360000491142273
718852.0;0.09700000286102295;-0.12200000882148743;0.5720000267028809;-3.5625;-7.75;-48.0625;-757.0;-2496.0;920.0;225.75;18.8125;0.4375;-0.3837890625;-0.1492919921875;0.06719970703125;-0.9088134765625;-0.21900001168251038;-0.11500000208616257;-0.35500001907348633;0.3160000145435333;-0.007000000216066837;0.9280000329017639
718862.0;0.12200000882148743;-0.10700000822544098;0.5730000138282776;-3.5625;-7.75;-48.0625;-1047.0;-2485.0;863.0;225.3125;20.3125;1.25;-0.3795166015625;-0.1588134765625;0.07794189453125;-0.9080810546875;-0.21800000965595245;-0.0860000029206276;-0.3450000286102295;0.3400000035762787;-0.020000001415610313;0.9190000295639038
718872.0;0.14100000262260437;-0.11000000685453415;0.6020000576972961;-3.5625;-7.75;-48.0625;-1275.0;-2475.0;854.0;224.9375;21.8125;2.25;-0.37542724609375;-0.167724609375;0.0897216796875;-0.9071044921875;-0.22200001776218414;-0.07400000095367432;-0.3070000112056732;0.36400002241134644;-0.036000002175569534;0.909000039100647
718882.0;0.1510000079870224;-0.13600000739097595;0.6110000014305115;-3.5625;-7.75;-48.0625;-1438.0;-2494.0;821.0;224.5625;23.25;3.375;-0.37158203125;-0.1763916015625;0.102294921875;-0.90576171875;-0.23600001633167267;-0.0820000022649765;-0.2880000174045563;0.38700002431869507;-0.05300000309944153;0.8990000486373901
718886.0;0.1510000079870224;-0.13600000739097595;0.6110000014305115;-3.5625;-7.75;-48.0625;-1438.0;-2494.0;821.0;224.5625;23.25;3.375;-0.37158203125;-0.1763916015625;0.102294921875;-0.90576171875;-0.23600001633167267;-0.0820000022649765;-0.2880000174045563;0.38700002431869507;-0.05300000309944153;0.8990000486373901
718896.0;0.1600000113248825;-0.15800000727176666;0.5950000286102295;-10.75;-6.6875;-46.75;-1503.0;-2547.0;761.0;224.25;24.75;4.5;-0.367919921875;-0.1851806640625;0.11517333984375;-0.9039306640625;-0.2510000169277191;-0.08700000494718552;-0.29200002551078796;0.41100001335144043;-0.07000000029802322;0.8870000243186951
718906.0;0.1770000010728836;-0.1850000023841858;0.5730000138282776;-10.75;-6.6875;-46.75;-1433.0;-2610.0;744.0;223.9375;26.3125;5.6875;-0.3641357421875;-0.19439697265625;0.1278076171875;-0.90185546875;-0.25699999928474426;-0.09800000488758087;-0.30100002884864807;0.4350000321865082;-0.08700000494718552;0.8740000128746033
718916.0;0.19700001180171967;-0.2120000123977661;0.5210000276565552;-10.75;-6.6875;-46.75;-1213.0;-2663.0;812.0;223.5625;27.875;6.75;-0.359619140625;-0.20416259765625;0.1395263671875;-0.89971923828125;-0.26100000739097595;-0.10900000482797623;-0.33900001645088196;0.4580000340938568;-0.10200000554323196;0.8600000143051147
718921.0;0.24000000953674316;-0.2550000250339508;0.4050000309944153;-10.75;-6.6875;-46.75;-856.0;-2741.0;929.0;223.0;29.4375;7.6875;-0.35406494140625;-0.21484375;0.1497802734375;-0.89776611328125;-0.242000013589859;-0.14000000059604645;-0.4400000274181366;0.4820000231266022;-0.11400000751018524;0.8460000157356262
718931.0;0.2550000250339508;-0.2600000202655792;0.36000001430511475;-10.75;-6.6875;-46.75;-436.0;-2827.0;1064.0;222.3125;31.0625;8.4375;-0.34722900390625;-0.2265625;0.1583251953125;-0.8961181640625;-0.25;-0.13600000739097595;-0.4700000286102295;0.5060000419616699;-0.12300000339746475;0.8300000429153442
718941.0;0.2550000250339508;-0.2600000202655792;0.36000001430511475;-17.5;-4.375;-46.875;-70.0;-2934.0;1215.0;221.375;32.6875;9.125;-0.338134765625;-0.23944091796875;0.1651611328125;-0.89501953125;-0.2630000114440918;-0.10400000214576721;-0.4780000150203705;0.5290000438690186;-0.13100001215934753;0.8140000104904175
718951.0;0.26600000262260437;-0.23600001633167267;0.33500000834465027;-17.5;-4.375;-46.875;133.0;-3032.0;1388.0;220.375;34.375;9.8125;-0.32867431640625;-0.25274658203125;0.17169189453125;-0.89361572265625;-0.26600000262260437;-0.06400000303983688;-0.46700000762939453;0.5530000329017639;-0.13700000941753387;0.7970000505447388
718954.0;0.26600000262260437;-0.23600001633167267;0.33500000834465027;-17.5;-4.375;-46.875;133.0;-3032.0;1388.0;220.375;34.375;9.8125;-0.32867431640625;-0.25274658203125;0.17169189453125;-0.89361572265625;-0.26600000262260437;-0.06400000303983688;-0.46700000762939453;0.5530000329017639;-0.13700000941753387;0.7970000505447388
718964.0;0.33900001645088196;-0.17800000309944153;0.3150000274181366;-17.5;-4.375;-46.875;156.0;-3126.0;1537.0;219.25;36.0625;10.5625;-0.318359375;-0.266357421875;0.17840576171875;-0.89215087890625;-0.2370000183582306;-0.03200000151991844;-0.46300002932548523;0.5770000219345093;-0.14500001072883606;0.7790000438690186
718974.0;0.359000027179718;-0.17600001394748688;0.31700000166893005;-17.5;-4.375;-46.875;43.0;-3152.0;1609.0;218.125;37.75;11.5625;-0.30767822265625;-0.27972412109375;0.18572998046875;-0.8902587890625;-0.2410000115633011;-0.021000001579523087;-0.44200003147125244;0.6000000238418579;-0.1550000011920929;0.7590000629425049
718984.0;0.359000027179718;-0.17600001394748688;0.31700000166893005;-17.5;-4.375;-46.875;-149.0;-3145.0;1659.0;216.9375;39.375;12.75;-0.29693603515625;-0.29254150390625;0.1939697265625;-0.8880615234375;-0.26100000739097595;-0.018000001087784767;-0.40800002217292786;0.6220000386238098;-0.16700001060962677;0.7390000224113464
718988.0;0.359000027179718;-0.17600001394748688;0.31700000166893005;-17.5;-4.375;-46.875;-149.0;-3145.0;1659.0;216.9375;39.375;12.75;-0.29693603515625;-0.29254150390625;0.1939697265625;-0.8880615234375;-0.26100000739097595;-0.018000001087784767;-0.40800002217292786;0.6220000386238098;-0.16700001060962677;0.7390000224113464
718998.0;0.36100003123283386;-0.1850000023841858;0.33000001311302185;-24.375;-1.5;-44.375;-382.0;-3140.0;1728.0;215.8125;41.0;14.1875;-0.28619384765625;-0.30487060546875;0.20330810546875;-0.88531494140625;-0.30100002884864807;-0.003000000026077032;-0.3830000162124634;0.6430000066757202;-0.1810000091791153;0.7170000076293945
719008.0;0.3410000205039978;-0.1850000023841858;0.3330000042915344;-24.375;-1.5;-44.375;-562.0;-3140.0;1846.0;214.625;42.5;15.9375;-0.2750244140625;-0.316650390625;0.213623046875;-0.88232421875;-0.3320000171661377;0.020000001415610313;-0.4230000078678131;0.6630000472068787;-0.1980000138282776;0.6940000057220459
719018.0;0.33100003004074097;-0.17800000309944153;0.2710000276565552;-24.375;-1.5;-44.375;-625.0;-3129.0;1994.0;213.3125;44.0;17.9375;-0.26318359375;-0.3280029296875;0.224365234375;-0.87908935546875;-0.33000001311302185;0.04400000348687172;-0.48900002241134644;0.6810000538825989;-0.21700000762939453;0.6700000166893005
719025.0;0.35100001096725464;-0.1730000078678131;0.1810000091791153;-24.375;-1.5;-44.375;-570.0;-3111.0;2108.0;211.9375;45.3125;20.0625;-0.25067138671875;-0.339111328125;0.23492431640625;-0.87579345703125;-0.29600000381469727;0.02800000086426735;-0.5640000104904175;0.6970000267028809;-0.23600001633167267;0.6460000276565552
719035.0;0.4010000228881836;-0.20800000429153442;0.0820000022649765;-24.375;-1.5;-44.375;-485.0;-3007.0;2161.0;210.4375;46.5625;22.3125;-0.23779296875;-0.349609375;0.2449951171875;-0.87249755859375;-0.15000000596046448;-0.08000000566244125;-0.7430000305175781;0.7120000123977661;-0.25600001215934753;0.6230000257492065
719045.0;0.5610000491142273;-0.3370000123977661;-0.12000000476837158;-24.375;-1.5;-44.375;-485.0;-3007.0;2161.0;210.4375;46.5625;22.3125;-0.22515869140625;-0.359130859375;0.25433349609375;-0.8692626953125;-0.08500000089406967;-0.14100000262260437;-0.7600000500679016;0.7240000367164612;-0.2750000059604645;0.6000000238418579
719055.0;0.6390000581741333;-0.41600000858306885;-0.15900000929832458;-30.6875;0.375;-38.875;-433.0;-2791.0;2117.0;209.0;47.625;24.5625;-0.22515869140625;-0.359130859375;0.25433349609375;-0.8692626953125;-0.04000000283122063;-0.17800000309944153;-0.6990000605583191;0.734000027179718;-0.29200002551078796;0.5790000557899475
719061.0;0.6940000057220459;-0.4710000157356262;-0.11900000274181366;-30.6875;0.375;-38.875;-634.0;-2348.0;1451.0;206.75;49.375;28.75;-0.20538330078125;-0.375732421875;0.27142333984375;-0.8619384765625;-0.05300000309944153;-0.1770000010728836;-0.6180000305175781;0.7440000176429749;-0.3070000112056732;0.5590000152587891
719071.0;0.6910000443458557;-0.484000027179718;-0.05900000408291817;-30.6875;0.375;-38.875;-874.0;-2151.0;1330.0;205.9375;50.0625;30.875;-0.19793701171875;-0.38262939453125;0.2803955078125;-0.8577880859375;-0.15600000321865082;-0.10200000554323196;-0.44300001859664917;0.7520000338554382;-0.3230000138282776;0.5390000343322754
719081.0;0.5960000157356262;-0.42500001192092896;0.09600000083446503;-30.6875;0.375;-38.875;-874.0;-2151.0;1330.0;205.125;50.625;33.375;-0.19036865234375;-0.3880615234375;0.29095458984375;-0.853515625;-0.14000000059604645;-0.024000000208616257;-0.3880000114440918;0.7580000162124634;-0.34200000762939453;0.5190000534057617
719091.0;0.6170000433921814;-0.3660000264644623;0.1300000101327896;-30.6875;0.375;-38.875;-1190.0;-1991.0;1543.0;205.125;50.625;33.375;-0.19036865234375;-0.3880615234375;0.29095458984375;-0.853515625;-0.14000000059604645;-0.024000000208616257;-0.3880000114440918;0.7610000371932983;-0.3630000054836273;0.49900001287460327
719094.0;0.6170000433921814;-0.3660000264644623;0.1300000101327896;-30.6875;0.375;-38.875;-1190.0;-1991.0;1543.0;205.125;50.625;33.375;-0.19036865234375;-0.3880615234375;0.29095458984375;-0.853515625;-0.14000000059604645;-0.024000000208616257;-0.3880000114440918;0.7610000371932983;-0.3630000054836273;0.49900001287460327
719104.0;0.6640000343322754;-0.30400002002716064;0.18000000715255737;-36.6875;6.25;-36.0625;-1488.0;-1806.0;1674.0;204.3125;50.9375;36.0625;-0.18310546875;-0.39208984375;0.3028564453125;-0.84912109375;-0.09700000286102295;0.05900000408291817;-0.31800001859664917;0.76500004529953;-0.38200002908706665;0.4790000319480896
719114.0;0.6040000319480896;-0.34800001978874207;0.1340000033378601;-36.6875;6.25;-36.0625;-1472.0;-1729.0;1389.0;203.0;51.5;40.9375;-0.1710205078125;-0.40020751953125;0.32403564453125;-0.84002685546875;-0.19600000977516174;-0.017000000923871994;-0.4020000100135803;0.7680000066757202;-0.39900001883506775;0.46000000834465027
719124.0;0.5710000395774841;-0.41700002551078796;0.058000002056360245;-36.6875;6.25;-36.0625;-1284.0;-1679.0;1338.0;202.125;51.6875;43.125;-0.16375732421875;-0.404541015625;0.33258056640625;-0.83599853515625;-0.1900000125169754;-0.08100000023841858;-0.44200003147125244;0.7700000405311584;-0.4150000214576721;0.44200003147125244
719128.0;0.5710000395774841;-0.41700002551078796;0.058000002056360245;-36.6875;6.25;-36.0625;-1284.0;-1679.0;1338.0;202.125;51.6875;43.125;-0.16375732421875;-0.404541015625;0.33258056640625;-0.83599853515625;-0.1900000125169754;-0.08100000023841858;-0.44200003147125244;0.7700000405311584;-0.4150000214576721;0.44200003147125244
719138.0;0.5790000557899475;-0.4960000216960907;0.0;-36.6875;6.25;-36.0625;-912.0;-1719.0;1413.0;202.125;51.6875;43.125;-0.15557861328125;-0.40936279296875;0.33935546875;-0.83251953125;-0.16100001335144043;-0.1290000081062317;-0.5710000395774841;0.7710000276565552;-0.42900002002716064;0.42600002884864807
719148.0;0.6100000143051147;-0.5580000281333923;-0.14500001072883606;-36.6875;6.25;-36.0625;-513.0;-1756.0;1399.0;201.125;51.875;45.1875;-0.15557861328125;-0.40936279296875;0.33935546875;-0.83251953125;-0.16100001335144043;-0.1290000081062317;-0.5710000395774841;0.7710000276565552;-0.42900002002716064;0.42600002884864807
719158.0;0.7110000252723694;-0.7750000357627869;-0.3150000274181366;-38.375;11.875;-31.5;-133.0;-1706.0;1377.0;200.0;52.0;46.9375;-0.146728515625;-0.41424560546875;0.34429931640625;-0.82965087890625;-0.06100000441074371;-0.33400002121925354;-0.7270000576972961;0.7730000615119934;-0.4400000274181366;0.41100001335144043
719163.0;0.7220000624656677;-0.8130000233650208;-0.3190000057220459;-38.375;11.875;-31.5;71.0;-1616.0;1368.0;198.875;52.0625;48.5625;-0.12890625;-0.42303466796875;0.351806640625;-0.82501220703125;-0.06000000238418579;-0.30900001525878906;-0.6990000605583191;0.7730000615119934;-0.4620000123977661;0.38600000739097595
719173.0;0.7120000123977661;-0.7710000276565552;-0.31200000643730164;-38.375;11.875;-31.5;86.0;-1494.0;1320.0;197.75;52.0625;50.0625;-0.1207275390625;-0.426513671875;0.35552978515625;-0.8228759765625;-0.05700000375509262;-0.2580000162124634;-0.6460000276565552;0.7720000147819519;-0.47200003266334534;0.3750000298023224
719183.0;0.7150000333786011;-0.7310000061988831;-0.27000001072883606;-38.375;11.875;-31.5;19.0;-1362.0;1292.0;196.6875;51.9375;51.5;-0.1207275390625;-0.426513671875;0.35552978515625;-0.8228759765625;-0.046000003814697266;-0.21300001442432404;-0.5660000443458557;0.7700000405311584;-0.4830000102519989;0.36500000953674316
719193.0;0.7240000367164612;-0.6960000395774841;-0.20100000500679016;-38.375;11.875;-31.5;-133.0;-1190.0;1256.0;195.6875;51.8125;52.875;-0.11334228515625;-0.42926025390625;0.35968017578125;-0.8206787109375;-0.046000003814697266;-0.21300001442432404;-0.5660000443458557;0.7700000405311584;-0.4830000102519989;0.36500000953674316
719197.0;0.7240000367164612;-0.6960000395774841;-0.20100000500679016;-38.375;11.875;-31.5;-133.0;-1190.0;1256.0;195.6875;51.8125;52.875;-0.11334228515625;-0.42926025390625;0.35968017578125;-0.8206787109375;-0.046000003814697266;-0.21300001442432404;-0.5660000443458557;0.7700000405311584;-0.4830000102519989;0.36500000953674316
719207.0;0.7320000529289246;-0.6920000314712524;-0.20400001108646393;-40.1875;15.1875;-27.375;-308.0;-1003.0;1202.0;194.875;51.5625;54.25;-0.10687255859375;-0.43109130859375;0.36431884765625;-0.81854248046875;-0.03500000014901161;-0.19700001180171967;-0.5600000023841858;0.7680000066757202;-0.49400001764297485;0.35500001907348633
719217.0;0.7710000276565552;-0.7120000123977661;-0.2120000123977661;-40.1875;15.1875;-27.375;-416.0;-825.0;1118.0;194.125;51.3125;55.5;-0.1014404296875;-0.4322509765625;0.36907958984375;-0.81646728515625;0.023000001907348633;-0.22100001573562622;-0.5520000457763672;0.7620000243186951;-0.5139999985694885;0.33900001645088196
719227.0;0.7860000133514404;-0.7350000143051147;-0.21300001442432404;-40.1875;15.1875;-27.375;-442.0;-661.0;1002.0;193.5;51.0;56.5625;-0.0968017578125;-0.43292236328125;0.3736572265625;-0.81463623046875;0.023000001907348633;-0.22100001573562622;-0.5520000457763672;0.7590000629425049;-0.5230000019073486;0.3330000042915344
719234.0;0.7780000567436218;-0.8290000557899475;-0.25300002098083496;-40.1875;15.1875;-27.375;-367.0;-475.0;892.0;193.0;50.75;57.4375;-0.0928955078125;-0.43304443359375;0.37750244140625;-0.813232421875;0.01900000125169754;-0.3060000240802765;-0.5860000252723694;0.7560000419616699;-0.5300000309944153;0.3290000259876251
719244.0;0.7480000257492065;-0.862000048160553;-0.25200000405311584;-40.1875;15.1875;-27.375;-188.0;-342.0;805.0;192.5;50.4375;58.125;-0.08917236328125;-0.43280029296875;0.38031005859375;-0.81243896484375;-0.007000000216066837;-0.3320000171661377;-0.581000030040741;0.7560000419616699;-0.5300000309944153;0.3290000259876251
719254.0;0.7150000333786011;-0.8370000123977661;-0.2580000162124634;-41.0;16.6875;-24.875;22.0;-212.0;742.0;192.0;50.125;58.5;-0.08551025390625;-0.43218994140625;0.38201904296875;-0.8123779296875;-0.03700000047683716;-0.30100002884864807;-0.5860000252723694;0.7520000338554382;-0.5360000133514404;0.328000009059906
719264.0;0.6520000100135803;-0.8210000395774841;-0.30000001192092896;-41.0;16.6875;-24.875;226.0;-94.0;694.0;191.4375;49.75;58.6875;-0.08184814453125;-0.43133544921875;0.3826904296875;-0.81292724609375;-0.09600000083446503;-0.2800000011920929;-0.6290000081062317;0.7490000128746033;-0.5400000214576721;0.328000009059906
719268.0;0.6520000100135803;-0.8210000395774841;-0.30000001192092896;-41.0;16.6875;-24.875;226.0;-94.0;694.0;191.4375;49.75;58.6875;-0.08184814453125;-0.43133544921875;0.3826904296875;-0.81292724609375;-0.09600000083446503;-0.2800000011920929;-0.6290000081062317;0.7490000128746033;-0.5400000214576721;0.328000009059906
719278.0;0.6600000262260437;-0.7890000343322754;-0.33000001311302185;-41.0;16.6875;-24.875;359.0;-6.0;556.0;191.0;49.5;58.6875;-0.07861328125;-0.43035888671875;0.38238525390625;-0.81390380859375;-0.08500000089406967;-0.24500000476837158;-0.6600000262260437;0.7450000643730164;-0.5440000295639038;0.33000001311302185
719288.0;0.6630000472068787;-0.784000039100647;-0.32500001788139343;-41.0;16.6875;-24.875;493.0;67.0;443.0;190.5625;49.25;58.5;-0.07574462890625;-0.42938232421875;0.3812255859375;-0.815185546875;-0.07900000363588333;-0.23800000548362732;-0.659000039100647;0.7430000305175781;-0.5450000166893005;0.33400002121925354
719298.0;0.6570000052452087;-0.76500004529953;-0.3150000274181366;-41.0;16.6875;-24.875;596.0;156.0;306.0;190.25;49.0;58.1875;-0.0733642578125;-0.42828369140625;0.37933349609375;-0.81689453125;-0.08300000429153442;-0.21900001168251038;-0.6530000567436218;0.7400000095367432;-0.5460000038146973;0.33800002932548523
719302.0;0.628000020980835;-0.7220000624656677;-0.281000018119812;-41.0;19.25;-24.875;684.0;197.0;193.0;189.9375;48.875;57.6875;-0.07135009765625;-0.42730712890625;0.376708984375;-0.81878662109375;-0.11000000685453415;-0.17600001394748688;-0.6260000467300415;0.7380000352859497;-0.5450000166893005;0.3440000116825104
719312.0;0.6200000047683716;-0.6930000185966492;-0.2670000195503235;-41.0;19.25;-24.875;731.0;248.0;88.0;189.6875;48.75;57.125;-0.06982421875;-0.42633056640625;0.3736572265625;-0.82080078125;-0.11700000613927841;-0.15000000596046448;-0.6170000433921814;0.737000048160553;-0.5430000424385071;0.3500000238418579
719322.0;0.612000048160553;-0.6640000343322754;-0.2510000169277191;-41.0;19.25;-24.875;699.0;312.0;-37.0;189.5625;48.625;56.5625;-0.06903076171875;-0.42529296875;0.37042236328125;-0.8228759765625;-0.12300000339746475;-0.12300000339746475;-0.6080000400543213;0.7360000610351562;-0.5400000214576721;0.35600000619888306
719332.0;0.6160000562667847;-0.6370000243186951;-0.24500000476837158;-41.0;19.25;-24.875;587.0;395.0;-148.0;189.5625;48.625;55.875;-0.06915283203125;-0.42413330078125;0.367431640625;-0.8248291015625;-0.11800000816583633;-0.10000000149011612;-0.6080000400543213;0.7350000143051147;-0.5360000133514404;0.3630000054836273
719336.0;0.6160000562667847;-0.6370000243186951;-0.24500000476837158;-41.0;19.25;-24.875;587.0;395.0;-148.0;189.5625;48.625;55.875;-0.06915283203125;-0.42413330078125;0.367431640625;-0.8248291015625;-0.11800000816583633;-0.10000000149011612;-0.6080000400543213;0.7350000143051147;-0.5360000133514404;0.3630000054836273
719346.0;0.6610000133514404;-0.612000048160553;-0.242000013589859;-41.0;19.25;-24.875;433.0;517.0;-252.0;189.6875;48.5625;55.25;-0.07025146484375;-0.4224853515625;0.36474609375;-0.82672119140625;-0.07400000095367432;-0.07900000363588333;-0.612000048160553;0.7350000143051147;-0.5330000519752502;0.36900001764297485
719356.0;0.6790000200271606;-0.5860000252723694;-0.19600000977516174;-40.5625;18.875;-25.25;250.0;651.0;-319.0;189.9375;48.5;54.625;-0.0723876953125;-0.42034912109375;0.36273193359375;-0.82855224609375;-0.05400000140070915;-0.0560000017285347;-0.5720000267028809;0.734000027179718;-0.5290000438690186;0.3760000169277191
719366.0;0.6790000200271606;-0.5860000252723694;-0.19600000977516174;-40.5625;18.875;-25.25;16.0;810.0;-327.0;190.3125;48.375;54.0;-0.0753173828125;-0.41741943359375;0.361572265625;-0.83026123046875;-0.05900000408291817;-0.024000000208616257;-0.5360000133514404;0.7330000400543213;-0.5270000100135803;0.38200002908706665
719371.0;0.6410000324249268;-0.5090000033378601;-0.11900000274181366;-40.5625;18.875;-25.25;-231.0;983.0;-328.0;190.8125;48.1875;53.5;-0.07916259765625;-0.41363525390625;0.36151123046875;-0.83184814453125;-0.08900000154972076;0.01600000075995922;-0.5070000290870667;0.7300000190734863;-0.5250000357627869;0.3880000114440918
719381.0;0.6410000324249268;-0.5090000033378601;-0.11900000274181366;-40.5625;18.875;-25.25;-417.0;1117.0;-327.0;191.4375;47.9375;53.0;-0.0836181640625;-0.4091796875;0.36212158203125;-0.83331298828125;-0.08400000631809235;0.013000000268220901;-0.5110000371932983;0.7280000448226929;-0.5240000486373901;0.39500001072883606
719391.0;0.6430000066757202;-0.5110000371932983;-0.11600000411272049;-40.5625;18.875;-25.25;-494.0;1234.0;-311.0;192.0625;47.625;52.5;-0.08843994140625;-0.40411376953125;0.36309814453125;-0.83489990234375;-0.07300000637769699;0.0020000000949949026;-0.5380000472068787;0.7240000367164612;-0.5240000486373901;0.4010000228881836
719401.0;0.6510000228881836;-0.5210000276565552;-0.13600000739097595;-40.5625;18.875;-25.25;-494.0;1234.0;-311.0;192.6875;47.25;52.0;-0.0931396484375;-0.39862060546875;0.3638916015625;-0.836669921875;-0.06700000166893005;-0.006000000052154064;-0.5460000038146973;0.7200000286102295;-0.5240000486373901;0.4090000092983246
719405.0;0.6510000228881836;-0.5210000276565552;-0.13600000739097595;-40.5625;18.875;-25.25;-494.0;1234.0;-311.0;192.6875;47.25;52.0;-0.0931396484375;-0.39862060546875;0.3638916015625;-0.836669921875;-0.06700000166893005;-0.006000000052154064;-0.5460000038146973;0.7200000286102295;-0.5240000486373901;0.4090000092983246
719415.0;0.6530000567436218;-0.531000018119812;-0.13600000739097595;-40.5;17.75;-26.5625;-355.0;1407.0;-256.0;193.25;46.875;51.375;-0.09771728515625;-0.3927001953125;0.36419677734375;-0.83880615234375;-0.004000000189989805;-0.07600000500679016;-0.49800002574920654;0.7150000333786011;-0.5230000019073486;0.4180000126361847
719425.0;0.7110000252723694;-0.6000000238418579;-0.08000000566244125;-40.5;17.75;-26.5625;18.0;1524.0;-485.0;193.875;46.5;50.4375;-0.102783203125;-0.38690185546875;0.3623046875;-0.84173583984375;0.03500000014901161;-0.16900001466274261;-0.5300000309944153;0.7110000252723694;-0.5200000405311584;0.42900002002716064
719435.0;0.7470000386238098;-0.6890000104904175;-0.10000000149011612;-40.5;17.75;-26.5625;503.0;1657.0;-1011.0;194.6875;46.3125;48.875;-0.10943603515625;-0.3817138671875;0.35711669921875;-0.845458984375;-0.05400000140070915;-0.08400000631809235;-0.5360000133514404;0.7090000510215759;-0.5100000500679016;0.4440000355243683
719443.0;0.6540000438690186;-0.5940000414848328;-0.09100000560283661;-40.5;17.75;-26.5625;498.0;1725.0;-869.0;195.4375;46.0;47.4375;-0.11553955078125;-0.37591552734375;0.35211181640625;-0.84930419921875;-0.22700001299381256;0.055000003427267075;-0.5680000185966492;0.7050000429153442;-0.5010000467300415;0.46000000834465027
719453.0;0.4780000150203705;-0.445000022649765;-0.1080000028014183;-40.5;17.75;-26.5625;498.0;1725.0;-869.0;195.4375;46.0;47.4375;-0.1181640625;-0.36956787109375;0.35003662109375;-0.85260009765625;-0.05100000277161598;0.1300000101327896;-0.45000001788139343;0.6990000605583191;-0.49900001287460327;0.47200003266334534
719463.0;0.6470000147819519;-0.36900001764297485;0.021000001579523087;-39.375;18.5;-29.0625;176.0;1503.0;-108.0;195.75;45.4375;46.5625;-0.1181640625;-0.36956787109375;0.35003662109375;-0.85260009765625;0.09200000762939453;0.06000000238418579;-0.43300002813339233;0.6930000185966492;-0.49800002574920654;0.4820000231266022
719473.0;0.7850000262260437;-0.43700000643730164;0.049000002443790436;-39.375;18.5;-29.0625;-337.0;1826.0;-661.0;197.1875;44.5;45.0;-0.1300048828125;-0.35601806640625;0.348388671875;-0.8572998046875;0.052000001072883606;-0.06000000238418579;-0.4270000159740448;0.687000036239624;-0.49400001764297485;0.49400001764297485
719483.0;0.7390000224113464;-0.5550000071525574;0.06599999964237213;-39.375;18.5;-29.0625;-115.0;2020.0;-454.0;197.9375;43.8125;44.0625;-0.135986328125;-0.34759521484375;0.34661865234375;-0.86053466796875;-0.0950000062584877;-0.17600001394748688;-0.4280000329017639;0.6790000200271606;-0.492000013589859;0.5080000162124634
719493.0;0.5830000042915344;-0.6680000424385071;0.08000000566244125;-39.375;18.5;-29.0625;-115.0;2020.0;-454.0;198.375;43.0;43.0625;-0.1400146484375;-0.33892822265625;0.3438720703125;-0.86444091796875;-0.2070000171661377;-0.15300001204013824;-0.45100003480911255;0.6690000295639038;-0.48900002241134644;0.5230000019073486
719497.0;0.5830000042915344;-0.6680000424385071;0.08000000566244125;-39.375;18.5;-29.0625;-115.0;2020.0;-454.0;198.375;43.0;43.0625;-0.1400146484375;-0.33892822265625;0.3438720703125;-0.86444091796875;-0.2070000171661377;-0.15300001204013824;-0.45100003480911255;0.6690000295639038;-0.48900002241134644;0.5230000019073486
719507.0;0.4610000252723694;-0.6430000066757202;0.07200000435113907;-39.375;18.5;-29.0625;222.0;1999.0;-167.0;198.375;43.0;43.0625;-0.1400146484375;-0.33892822265625;0.3438720703125;-0.86444091796875;-0.2070000171661377;-0.15300001204013824;-0.45100003480911255;0.6580000519752502;-0.4880000352859497;0.5370000004768372
719517.0;0.503000020980835;-0.48100003600120544;0.16600000858306885;-36.5;17.5;-31.875;292.0;1815.0;32.0;198.625;42.1875;42.25;-0.142578125;-0.330810546875;0.3411865234375;-0.86822509765625;-0.15400001406669617;0.006000000052154064;-0.3700000047683716;0.6580000519752502;-0.4880000352859497;0.5370000004768372
719527.0;0.5390000343322754;-0.46300002932548523;0.19200000166893005;-36.5;17.5;-31.875;318.0;1753.0;52.0;199.0625;40.5;40.6875;-0.1474609375;-0.314453125;0.3360595703125;-0.87548828125;-0.12700000405311584;-0.032999999821186066;-0.3790000081062317;0.6370000243186951;-0.48600003123283386;0.5649999976158142
719531.0;0.5090000033378601;-0.5200000405311584;0.1850000023841858;-36.5;17.5;-31.875;251.0;1844.0;77.0;199.375;39.5625;40.0625;-0.1502685546875;-0.3055419921875;0.33453369140625;-0.87872314453125;-0.11300000548362732;-0.09200000762939453;-0.36000001430511475;0.625;-0.48600003123283386;0.578000009059906
719541.0;0.5120000243186951;-0.5790000557899475;0.21700000762939453;-36.5;17.5;-31.875;44.0;1896.0;99.0;199.375;39.5625;40.0625;-0.15374755859375;-0.2965087890625;0.3328857421875;-0.8818359375;-0.11400000751018524;-0.12400000542402267;-0.3500000238418579;0.6130000352859497;-0.48600003123283386;0.5900000333786011
719551.0;0.49800002574920654;-0.6110000014305115;0.23900000751018524;-36.5;17.5;-31.875;10.0;1947.0;-13.0;199.75;38.6875;39.4375;-0.15374755859375;-0.2965087890625;0.3328857421875;-0.8818359375;-0.11400000751018524;-0.12400000542402267;-0.3500000238418579;0.6130000352859497;-0.48600003123283386;0.5900000333786011
719561.0;0.45000001788139343;-0.6180000305175781;0.24800001084804535;-32.0;15.1875;-36.875;127.0;1981.0;-90.0;200.25;37.75;38.6875;-0.15850830078125;-0.28717041015625;0.33087158203125;-0.88482666015625;-0.15000000596046448;-0.13300000131130219;-0.35500001907348633;0.6010000109672546;-0.484000027179718;0.6040000319480896
719565.0;0.45000001788139343;-0.6180000305175781;0.24800001084804535;-32.0;15.1875;-36.875;127.0;1981.0;-90.0;200.25;37.75;38.6875;-0.15850830078125;-0.28717041015625;0.33087158203125;-0.88482666015625;-0.15000000596046448;-0.13300000131130219;-0.35500001907348633;0.6010000109672546;-0.484000027179718;0.6040000319480896
719575.0;0.36400002241134644;-0.5770000219345093;0.2550000250339508;-32.0;15.1875;-36.875;280.0;1965.0;-107.0;200.625;36.875;37.9375;-0.1619873046875;-0.27838134765625;0.32769775390625;-0.88818359375;-0.23000000417232513;-0.09700000286102295;-0.37800002098083496;0.5770000219345093;-0.4780000150203705;0.6320000290870667
719585.0;0.3460000157356262;-0.5750000476837158;0.25300002098083496;-32.0;15.1875;-36.875;428.0;1933.0;-179.0;201.0;36.0;37.125;-0.16925048828125;-0.26171875;0.31903076171875;-0.89501953125;-0.203000009059906;-0.14100000262260437;-0.39100003242492676;0.5649999976158142;-0.47300001978874207;0.6460000276565552
719595.0;0.36100003123283386;-0.6140000224113464;0.2540000081062317;-32.0;15.1875;-36.875;568.0;1949.0;-257.0;201.375;35.1875;36.1875;-0.16925048828125;-0.26171875;0.31903076171875;-0.89501953125;-0.16600000858306885;-0.12200000882148743;-0.35200002789497375;0.5530000329017639;-0.4660000205039978;0.6610000133514404
719599.0;0.36100003123283386;-0.6140000224113464;0.2540000081062317;-32.0;15.1875;-36.875;568.0;1949.0;-257.0;201.375;35.1875;36.1875;-0.16925048828125;-0.26171875;0.31903076171875;-0.89501953125;-0.16600000858306885;-0.12200000882148743;-0.35200002789497375;0.5530000329017639;-0.4660000205039978;0.6610000133514404
719609.0;0.38600000739097595;-0.5890000462532043;0.30900001525878906;-32.0;15.1875;-36.875;660.0;1963.0;-269.0;201.75;34.3125;35.1875;-0.17291259765625;-0.25347900390625;0.313720703125;-0.8985595703125;-0.16600000858306885;-0.12200000882148743;-0.35200002789497375;0.5530000329017639;-0.4660000205039978;0.6610000133514404
719619.0;0.4050000309944153;-0.4660000205039978;0.4570000171661377;-29.0;14.75;-38.5625;716.0;2015.0;-247.0;202.125;33.375;34.1875;-0.1763916015625;-0.2449951171875;0.30816650390625;-0.90216064453125;-0.1340000033378601;-0.005000000353902578;-0.21800000965595245;0.5400000214576721;-0.46000000834465027;0.6760000586509705
719629.0;0.3790000081062317;-0.4690000116825104;0.5180000066757202;-29.0;14.75;-38.5625;747.0;2121.0;-304.0;202.5;32.4375;33.1875;-0.18035888671875;-0.23602294921875;0.30218505859375;-0.90576171875;-0.14600001275539398;-0.015000000596046448;-0.1730000078678131;0.5260000228881836;-0.453000009059906;0.6920000314712524
719633.0;0.3500000238418579;-0.4970000088214874;0.5360000133514404;-29.0;14.75;-38.5625;782.0;2228.0;-474.0;203.0;31.4375;32.125;-0.1851806640625;-0.22686767578125;0.29571533203125;-0.9093017578125;-0.16100001335144043;-0.052000001072883606;-0.17100000381469727;0.4970000088214874;-0.43400001525878906;0.7240000367164612
719643.0;0.33400002121925354;-0.5540000200271606;0.5610000491142273;-29.0;14.75;-38.5625;899.0;2264.0;-669.0;203.5625;30.5;30.9375;-0.1907958984375;-0.2178955078125;0.288330078125;-0.91265869140625;-0.16300000250339508;-0.12000000476837158;-0.16200000047683716;0.4830000102519989;-0.4220000207424164;0.7410000562667847
719653.0;0.3330000042915344;-0.5740000009536743;0.5610000491142273;-29.0;14.75;-38.5625;1076.0;2283.0;-788.0;204.25;29.5625;29.625;-0.19683837890625;-0.20916748046875;0.27996826171875;-0.91607666015625;-0.15000000596046448;-0.15200001001358032;-0.17900000512599945;0.4830000102519989;-0.4220000207424164;0.7410000562667847
719663.0;0.3160000145435333;-0.5740000009536743;0.5610000491142273;-26.5;14.5;-41.375;1202.0;2277.0;-790.0;204.75;28.5625;28.3125;-0.20208740234375;-0.20074462890625;0.270751953125;-0.9195556640625;-0.15200001001358032;-0.16500000655651093;-0.19600000977516174;0.4690000116825104;-0.40800002217292786;0.7570000290870667
719667.0;0.3160000145435333;-0.5740000009536743;0.5610000491142273;-26.5;14.5;-41.375;1202.0;2277.0;-790.0;204.75;28.5625;28.3125;-0.20208740234375;-0.20074462890625;0.270751953125;-0.9195556640625;-0.15200001001358032;-0.16500000655651093;-0.19600000977516174;0.4690000116825104;-0.40800002217292786;0.7570000290870667
719677.0;0.29100000858306885;-0.5460000038146973;0.5560000538825989;-26.5;14.5;-41.375;1217.0;2252.0;-698.0;205.3125;27.5625;27.0625;-0.2073974609375;-0.19207763671875;0.26165771484375;-0.9228515625;-0.16200000047683716;-0.15000000596046448;-0.21700000762939453;0.4540000259876251;-0.39500001072883606;0.7740000486373901
719687.0;0.2770000100135803;-0.4960000216960907;0.5040000081062317;-26.5;14.5;-41.375;1142.0;2253.0;-608.0;205.8125;26.5;25.875;-0.2122802734375;-0.18316650390625;0.25299072265625;-0.92596435546875;-0.1600000113248825;-0.1120000034570694;-0.2840000092983246;0.43700000643730164;-0.3830000162124634;0.7890000343322754
719697.0;0.25600001215934753;-0.4610000252723694;0.5530000329017639;-26.5;14.5;-41.375;999.0;2272.0;-542.0;206.25;25.375;24.8125;-0.21697998046875;-0.17388916015625;0.2449951171875;-0.92877197265625;-0.164000004529953;-0.08800000697374344;-0.25;0.42100003361701965;-0.3720000088214874;0.8030000329017639
719701.0;0.22500000894069672;-0.4090000092983246;0.593000054359436;-26.5;14.5;-41.375;806.0;2249.0;-481.0;206.75;24.25;23.9375;-0.22149658203125;-0.16436767578125;0.23797607421875;-0.9312744140625;-0.1770000010728836;-0.046000003814697266;-0.22200001776218414;0.40300002694129944;-0.3630000054836273;0.8160000443458557
719711.0;0.20000000298023224;-0.3660000264644623;0.6220000386238098;-22.0;10.0;-44.25;599.0;2203.0;-469.0;206.875;23.1875;23.25;-0.22332763671875;-0.155517578125;0.23162841796875;-0.9339599609375;-0.1850000023841858;-0.010000000707805157;-0.20500001311302185;0.38600000739097595;-0.35600000619888306;0.8280000686645508
719721.0;0.11500000208616257;-0.2580000162124634;0.5960000157356262;-22.0;10.0;-44.25;351.0;2169.0;-473.0;207.375;22.0625;22.6875;-0.22796630859375;-0.14581298828125;0.2269287109375;-0.935546875;-0.25300002098083496;0.09200000762939453;-0.2410000115633011;0.3680000305175781;-0.35100001096725464;0.8370000123977661
719731.0;0.1120000034570694;-0.2240000069141388;0.5800000429153442;-22.0;10.0;-44.25;-7.0;2129.0;-342.0;207.8125;20.9375;22.4375;-0.23223876953125;-0.13568115234375;0.22406005859375;-0.93670654296875;-0.23800000548362732;0.125;-0.26500001549720764;0.35100001096725464;-0.3490000069141388;0.8460000157356262
719735.0;0.1120000034570694;-0.2240000069141388;0.5800000429153442;-22.0;10.0;-44.25;-7.0;2129.0;-342.0;207.8125;20.9375;22.4375;-0.23223876953125;-0.13568115234375;0.22406005859375;-0.93670654296875;-0.23800000548362732;0.125;-0.26500001549720764;0.35100001096725464;-0.3490000069141388;0.8460000157356262
719745.0;0.14100000262260437;-0.2760000228881836;0.593000054359436;-22.0;10.0;-44.25;-220.0;2182.0;-326.0;208.3125;19.8125;22.3125;-0.236572265625;-0.125;0.22222900390625;-0.93756103515625;-0.19100001454353333;0.07300000637769699;-0.2590000033378601;0.3320000171661377;-0.3500000238418579;0.8530000448226929
719755.0;0.12300000339746475;-0.4100000262260437;0.6700000166893005;-22.0;10.0;-44.25;-146.0;2296.0;-358.0;208.8125;18.625;22.125;-0.2410888671875;-0.1138916015625;0.2198486328125;-0.93841552734375;-0.1900000125169754;-0.06000000238418579;-0.18900001049041748;0.31300002336502075;-0.3500000238418579;0.8600000143051147
719765.0;0.08300000429153442;-0.41700002551078796;0.7130000591278076;-15.6875;7.375;-46.6875;160.0;2359.0;-289.0;209.125;17.375;21.8125;-0.244384765625;-0.1029052734375;0.21575927734375;-0.93975830078125;-0.20900000631809235;-0.06800000369548798;-0.1550000011920929;0.2930000126361847;-0.34800001978874207;0.8680000305175781
719769.0;0.08300000429153442;-0.41700002551078796;0.7130000591278076;-15.6875;7.375;-46.6875;160.0;2359.0;-289.0;209.125;17.375;21.8125;-0.244384765625;-0.1029052734375;0.21575927734375;-0.93975830078125;-0.20900000631809235;-0.06800000369548798;-0.1550000011920929;0.2930000126361847;-0.34800001978874207;0.8680000305175781
719779.0;0.08300000429153442;-0.41700002551078796;0.7130000591278076;-15.6875;7.375;-46.6875;581.0;2363.0;-149.0;209.4375;16.0625;21.3125;-0.24749755859375;-0.09210205078125;0.209716796875;-0.94140625;-0.2150000035762787;-0.05900000408291817;-0.11700000613927841;0.2710000276565552;-0.34200000762939453;0.8770000338554382
719789.0;0.04400000348687172;-0.3830000162124634;0.7910000085830688;-15.6875;7.375;-46.6875;993.0;2303.0;-23.0;209.625;14.75;20.5625;-0.2496337890625;-0.08197021484375;0.2017822265625;-0.94354248046875;-0.20500001311302185;-0.05000000074505806;-0.09600000083446503;0.25;-0.3330000042915344;0.8870000243186951
719799.0;0.04400000348687172;-0.3830000162124634;0.7910000085830688;-15.6875;7.375;-46.6875;1379.0;2217.0;-8.0;209.75;13.5;19.625;-0.25140380859375;-0.07269287109375;0.19195556640625;-0.94586181640625;-0.2120000123977661;-0.006000000052154064;-0.16100001335144043;0.2290000170469284;-0.320000022649765;0.8980000615119934
719803.0;0.01600000075995922;-0.32600000500679016;0.7360000610351562;-15.6875;7.375;-46.6875;1816.0;2102.0;-69.0;209.875;12.3125;18.375;-0.25311279296875;-0.064697265625;0.1800537109375;-0.94830322265625;-0.1810000091791153;0.032999999821186066;-0.2550000250339508;0.20900000631809235;-0.3020000159740448;0.9080000519752502
719813.0;0.02800000086426735;-0.26900002360343933;0.6530000567436218;-15.6875;7.375;-46.6875;1816.0;2102.0;-69.0;210.0;11.1875;16.875;-0.25482177734375;-0.0579833984375;0.1656494140625;-0.950927734375;-0.12800000607967377;0.08300000429153442;-0.3400000035762787;0.1900000125169754;-0.27900001406669617;0.9200000166893005
719823.0;0.06200000271201134;-0.19600000977516174;0.5790000557899475;-9.75;7.75;-48.875;2333.0;1987.0;-127.0;210.0625;10.0625;15.0625;-0.25640869140625;-0.052001953125;0.14837646484375;-0.95367431640625;-0.05700000375509262;0.08500000089406967;-0.3630000054836273;0.17100000381469727;-0.2510000169277191;0.9320000410079956
719833.0;0.11400000751018524;-0.16500000655651093;0.5680000185966492;-9.75;7.75;-48.875;3369.0;2098.0;-169.0;210.125;8.875;12.9375;-0.2579345703125;-0.046142578125;0.12847900390625;-0.95648193359375;-0.06700000166893005;0.0650000050663948;-0.3360000252723694;0.1510000079870224;-0.21700000762939453;0.9440000653266907
719839.0;0.11400000751018524;-0.16500000655651093;0.5680000185966492;-9.75;7.75;-48.875;3369.0;2098.0;-169.0;210.125;8.875;12.9375;-0.2579345703125;-0.046142578125;0.12847900390625;-0.95648193359375;-0.06700000166893005;0.0650000050663948;-0.3360000252723694;0.1510000079870224;-0.21700000762939453;0.9440000653266907
719849.0;0.08400000631809235;-0.1510000079870224;0.6070000529289246;-9.75;7.75;-48.875;3639.0;2207.0;-266.0;210.3125;7.5625;10.6875;-0.25982666015625;-0.04010009765625;0.1070556640625;-0.9588623046875;-0.12300000339746475;0.06300000101327896;-0.281000018119812;0.1290000081062317;-0.18000000715255737;0.9550000429153442
719859.0;0.005000000353902578;-0.11700000613927841;0.6730000376701355;-9.75;7.75;-48.875;3724.0;2315.0;-506.0;210.5625;6.25;8.375;-0.2628173828125;-0.03375244140625;0.08489990234375;-0.96051025390625;-0.1730000078678131;0.05100000277161598;-0.24500000476837158;0.10700000822544098;-0.1420000046491623;0.9640000462532043
719869.0;-0.06599999964237213;-0.09000000357627869;0.718000054359436;-9.75;7.75;-48.875;3724.0;2315.0;-506.0;210.5625;6.25;8.375;-0.26702880859375;-0.02703857421875;0.0626220703125;-0.96124267578125;-0.1900000125169754;0.027000000700354576;-0.21900001168251038;0.08300000429153442;-0.10300000756978989;0.971000075340271
719874.0;-0.10600000619888306;-0.07600000500679016;0.7510000467300415;-5.25;1.5;-48.75;3705.0;2409.0;-760.0;211.0;4.875;6.0625;-0.26702880859375;-0.02703857421875;0.0626220703125;-0.96124267578125;-0.203000009059906;0.003000000026077032;-0.22200001776218414;0.05900000408291817;-0.0650000050663948;0.9760000705718994
719884.0;-0.14400000870227814;-0.06100000441074371;0.7540000081062317;-5.25;1.5;-48.75;3743.0;2478.0;-993.0;212.125;1.9375;1.5;-0.2769775390625;-0.0130615234375;0.017578125;-0.96063232421875;-0.1550000011920929;0.013000000268220901;-0.24800001084804535;0.03400000184774399;-0.026000000536441803;0.9790000319480896
719894.0;-0.1210000067949295;-0.012000000104308128;0.7300000190734863;-5.25;1.5;-48.75;3870.0;2513.0;-1048.0;212.75;0.4375;-0.8125;-0.28216552734375;-0.00604248046875;-0.00579833984375;-0.9593505859375;-0.09700000286102295;0.03800000250339508;-0.21300001442432404;0.00800000037997961;0.014000000432133675;0.9800000190734863
719904.0;-0.08900000154972076;0.05300000309944153;0.7670000195503235;-5.25;1.5;-48.75;3870.0;2513.0;-1048.0;213.375;-1.0625;-3.1875;-0.28753662109375;0.0009765625;-0.02984619140625;-0.95733642578125;-0.1600000113248825;0.08800000697374344;-0.18400001525878906;-0.018000001087784767;0.055000003427267075;0.9780000448226929
719911.0;-0.17800000309944153;0.14300000667572021;0.7930000424385071;-5.25;1.5;-48.75;3996.0;2556.0;-1114.0;213.375;-1.0625;-3.1875;-0.28753662109375;0.0009765625;-0.02984619140625;-0.95733642578125;-0.1600000113248825;0.08800000697374344;-0.18400001525878906;-0.046000003814697266;0.09600000083446503;0.9740000367164612
719921.0;-0.24700000882148743;0.16100001335144043;0.7800000309944153;1.0;-6.6875;-47.5625;4056.0;2616.0;-1285.0;214.1875;-2.6875;-5.625;-0.29351806640625;0.00823974609375;-0.0543212890625;-0.954345703125;-0.20100000500679016;0.06400000303983688;-0.1940000057220459;-0.046000003814697266;0.09600000083446503;0.9740000367164612
719931.0;-0.3100000023841858;0.17100000381469727;0.7630000114440918;1.0;-6.6875;-47.5625;4049.0;2645.0;-1538.0;216.125;-6.125;-10.375;-0.3087158203125;0.023193359375;-0.10284423828125;-0.9453125;-0.26900002360343933;0.012000000104308128;-0.23200000822544098;-0.10500000417232513;0.17600001394748688;0.9580000638961792
719941.0;-0.37400001287460327;0.18800000846385956;0.7250000238418579;1.0;-6.6875;-47.5625;4023.0;2613.0;-1800.0;217.375;-7.875;-12.6875;-0.31787109375;0.0306396484375;-0.126708984375;-0.93914794921875;-0.2880000174045563;0.07100000232458115;-0.20200000703334808;-0.13500000536441803;0.21400001645088196;0.9470000267028809
719945.0;-0.37400001287460327;0.18800000846385956;0.7250000238418579;1.0;-6.6875;-47.5625;4023.0;2613.0;-1800.0;217.375;-7.875;-12.6875;-0.31787109375;0.0306396484375;-0.126708984375;-0.93914794921875;-0.2880000174045563;0.07100000232458115;-0.20200000703334808;-0.13500000536441803;0.21400001645088196;0.9470000267028809
719955.0;-0.4230000078678131;0.2850000262260437;0.7450000643730164;1.0;-6.6875;-47.5625;4001.0;2573.0;-2030.0;217.375;-7.875;-12.6875;-0.3272705078125;0.03814697265625;-0.1502685546875;-0.93212890625;-0.25600001215934753;0.0860000029206276;-0.09600000083446503;-0.16600000858306885;0.25;0.9330000281333923
719965.0;-0.4220000207424164;0.3370000123977661;0.8370000123977661;1.0;-6.6875;-47.5625;3961.0;2570.0;-2147.0;218.6875;-9.75;-15.0;-0.3272705078125;0.03814697265625;-0.1502685546875;-0.93212890625;-0.25600001215934753;0.0860000029206276;-0.09600000083446503;-0.16600000858306885;0.25;0.9330000281333923
719975.0;-0.45000001788139343;0.39900001883506775;0.8770000338554382;8.5;-15.875;-44.6875;3841.0;2547.0;-2183.0;220.0;-11.5625;-17.125;-0.336669921875;0.0457763671875;-0.173095703125;-0.9244384765625;-0.25300002098083496;0.11600000411272049;-0.04000000283122063;-0.19700001180171967;0.28300002217292786;0.9170000553131104
719981.0;-0.492000013589859;0.4540000259876251;0.8950000405311584;8.5;-15.875;-44.6875;3622.0;2510.0;-2236.0;221.375;-13.4375;-19.125;-0.355712890625;0.06182861328125;-0.21466064453125;-0.90753173828125;-0.3290000259876251;0.11000000685453415;-0.003000000026077032;-0.2590000033378601;0.33800002932548523;0.8820000290870667
719991.0;-0.5890000462532043;0.4490000307559967;0.8790000677108765;8.5;-15.875;-44.6875;3362.0;2477.0;-2353.0;222.75;-15.3125;-21.0;-0.36553955078125;0.07025146484375;-0.23394775390625;-0.898193359375;-0.34700000286102295;0.032999999821186066;-0.0010000000474974513;-0.29100000858306885;0.36100003123283386;0.8630000352859497
720001.0;-0.6380000114440918;0.39500001072883606;0.862000048160553;8.5;-15.875;-44.6875;3244.0;2464.0;-2431.0;224.25;-17.25;-22.6875;-0.36553955078125;0.07025146484375;-0.23394775390625;-0.898193359375;-0.36400002241134644;-0.04200000315904617;-0.03800000250339508;-0.32200002670288086;0.3840000033378601;0.8420000672340393
720011.0;-0.687000036239624;0.3410000205039978;0.8030000329017639;8.5;-15.875;-44.6875;3379.0;2394.0;-2446.0;225.8125;-19.1875;-24.5;-0.37530517578125;0.078125;-0.25360107421875;-0.88812255859375;-0.36400002241134644;-0.04200000315904617;-0.03800000250339508;-0.32200002670288086;0.3840000033378601;0.8420000672340393
720017.0;-0.687000036239624;0.3410000205039978;0.8030000329017639;8.5;-15.875;-44.6875;3379.0;2394.0;-2446.0;225.8125;-19.1875;-24.5;-0.37530517578125;0.078125;-0.25360107421875;-0.88812255859375;-0.36400002241134644;-0.04200000315904617;-0.03800000250339508;-0.32200002670288086;0.3840000033378601;0.8420000672340393
720027.0;-0.7630000114440918;0.30100002884864807;0.6080000400543213;17.0;-22.5625;-38.875;3863.0;2331.0;-2351.0;227.3125;-21.0625;-26.5625;-0.3846435546875;0.08447265625;-0.2752685546875;-0.87701416015625;-0.4100000262260437;-0.1080000028014183;-0.20900000631809235;-0.3530000150203705;0.4090000092983246;0.8180000185966492
720037.0;-0.7170000076293945;0.40700000524520874;0.5910000205039978;17.0;-22.5625;-38.875;4522.0;2242.0;-2065.0;228.8125;-22.875;-29.125;-0.392822265625;0.08868408203125;-0.29974365234375;-0.8648681640625;-0.2160000056028366;0.10100000351667404;-0.09800000488758087;-0.40700000524520874;0.47200003266334534;0.7560000419616699
720047.0;-0.6240000128746033;0.5740000009536743;0.6570000052452087;17.0;-22.5625;-38.875;4977.0;2119.0;-1894.0;230.3125;-24.5625;-32.0;-0.4002685546875;0.0909423828125;-0.3258056640625;-0.8516845703125;-0.2160000056028366;0.10100000351667404;-0.09800000488758087;-0.43300002813339233;0.503000020980835;0.7200000286102295
720052.0;-0.5520000457763672;0.6910000443458557;0.675000011920929;17.0;-22.5625;-38.875;5073.0;2051.0;-1987.0;231.9375;-26.25;-34.875;-0.40789794921875;0.09283447265625;-0.351806640625;-0.83740234375;-0.11800000816583633;0.18700000643730164;-0.04500000178813934;-0.46300002932548523;0.5270000100135803;0.6840000152587891
720062.0;-0.6940000057220459;0.6740000247955322;0.7020000219345093;17.0;-22.5625;-38.875;4866.0;2132.0;-2510.0;233.8125;-28.1875;-37.625;-0.417236328125;0.096435546875;-0.37652587890625;-0.82147216796875;-0.23000000417232513;0.14600001275539398;0.018000001087784767;-0.46300002932548523;0.5270000100135803;0.6840000152587891
720072.0;-0.7980000376701355;0.5910000205039978;0.6950000524520874;24.0625;-28.5625;-31.0625;4493.0;2163.0;-3408.0;236.25;-30.5;-39.875;-0.42974853515625;0.10260009765625;-0.3988037109375;-0.80352783203125;-0.30100002884864807;0.049000002443790436;0.04700000211596489;-0.4970000088214874;0.5420000553131104;0.6480000019073486
720082.0;-0.8770000338554382;0.5350000262260437;0.7020000219345093;24.0625;-28.5625;-31.0625;4195.0;2273.0;-3384.0;238.625;-32.875;-42.0;-0.44140625;0.10980224609375;-0.41973876953125;-0.78546142578125;-0.3440000116825104;-0.015000000596046448;0.09000000357627869;-0.5320000052452087;0.5509999990463257;0.6110000014305115
720092.0;-0.9170000553131104;0.5139999985694885;0.6640000343322754;24.0625;-28.5625;-31.0625;3919.0;2185.0;-3034.0;240.8125;-35.0625;-44.125;-0.45123291015625;0.11639404296875;-0.43914794921875;-0.76812744140625;-0.3530000150203705;-0.04400000348687172;0.08800000697374344;-0.5640000104904175;0.5580000281333923;0.5750000476837158
720102.0;-0.9010000228881836;0.5990000367164612;0.5260000228881836;24.0625;-28.5625;-31.0625;3800.0;2032.0;-2866.0;243.0;-37.1875;-46.125;-0.4603271484375;0.1221923828125;-0.45745849609375;-0.75091552734375;-0.30800002813339233;0.036000002175569534;-0.014000000432133675;-0.593000054359436;0.5630000233650208;0.5400000214576721
720103.0;-0.9010000228881836;0.5990000367164612;0.5260000228881836;24.0625;-28.5625;-31.0625;3800.0;2032.0;-2866.0;243.0;-37.1875;-46.125;-0.4603271484375;0.1221923828125;-0.45745849609375;-0.75091552734375;-0.30800002813339233;0.036000002175569534;-0.014000000432133675;-0.593000054359436;0.5630000233650208;0.5400000214576721
720113.0;-0.8670000433921814;0.6790000200271606;0.5;24.0625;-28.5625;-31.0625;3585.0;1895.0;-2879.0;245.1875;-39.25;-48.0625;-0.46929931640625;0.1279296875;-0.4742431640625;-0.73382568359375;-0.2460000067949295;0.11400000751018524;-0.006000000052154064;-0.6200000047683716;0.5640000104904175;0.5070000290870667
720123.0;-0.8440000414848328;0.7490000128746033;0.5100000500679016;31.75;-30.75;-20.0;3235.0;1735.0;-3022.0;247.4375;-41.3125;-49.625;-0.47869873046875;0.1341552734375;-0.4888916015625;-0.716796875;-0.19700001180171967;0.18700000643730164;0.03400000184774399;-0.6470000147819519;0.5610000491142273;0.47600001096725464
720133.0;-0.8480000495910645;0.8130000233650208;0.5290000438690186;31.75;-30.75;-20.0;2711.0;1638.0;-3256.0;249.75;-43.4375;-50.8125;-0.48858642578125;0.141845703125;-0.5008544921875;-0.7001953125;-0.1730000078678131;0.26100000739097595;0.08000000566244125;-0.6740000247955322;0.5509999990463257;0.4490000307559967
720143.0;-0.9510000348091125;0.8290000557899475;0.5670000314712524;31.75;-30.75;-20.0;2011.0;1602.0;-3515.0;252.125;-45.6875;-51.5;-0.49871826171875;0.15185546875;-0.5096435546875;-0.6844482421875;-0.24800001084804535;0.2939999997615814;0.14100000262260437;-0.7020000219345093;0.5350000262260437;0.42500001192092896
720153.0;-1.002000093460083;0.7600000500679016;0.6030000448226929;31.75;-30.75;-20.0;1347.0;1618.0;-3694.0;254.4375;-48.0625;-51.625;-0.5086669921875;0.1640625;-0.51568603515625;-0.66961669921875;-0.2720000147819519;0.2460000067949295;0.19700001180171967;-0.7290000319480896;0.5130000114440918;0.406000018119812
720161.0;-1.027000069618225;0.675000011920929;0.612000048160553;31.75;-30.75;-20.0;826.0;1601.0;-3742.0;256.5625;-50.4375;-51.375;-0.51812744140625;0.1776123046875;-0.51953125;-0.65582275390625;-0.27000001072883606;0.18700000643730164;0.22300000488758087;-0.7560000419616699;0.4870000183582306;0.3890000283718109
720171.0;-1.0670000314712524;0.5520000457763672;0.6110000014305115;39.6875;-28.5625;-10.5;438.0;1595.0;-3656.0;258.625;-52.75;-50.8125;-0.52667236328125;0.19195556640625;-0.52191162109375;-0.6429443359375;-0.28600001335144043;0.09200000762939453;0.2370000183582306;-0.781000018119812;0.45900002121925354;0.37400001287460327
720181.0;-1.0870000123977661;0.5100000500679016;0.5630000233650208;39.6875;-28.5625;-10.5;194.0;1589.0;-3548.0;260.5;-55.0625;-50.0625;-0.534423828125;0.20654296875;-0.52325439453125;-0.63079833984375;-0.28300002217292786;0.07900000363588333;0.203000009059906;-0.8040000200271606;0.4300000071525574;0.359000027179718
720191.0;-1.1019999980926514;0.4660000205039978;0.5100000500679016;39.6875;-28.5625;-10.5;178.0;1590.0;-3404.0;262.3125;-57.25;-49.3125;-0.54144287109375;0.220703125;-0.5245361328125;-0.61883544921875;-0.2770000100135803;0.06400000303983688;0.16500000655651093;-0.8240000605583191;0.4020000100135803;0.3450000286102295
720201.0;-1.1019999980926514;0.4660000205039978;0.5100000500679016;39.6875;-28.5625;-10.5;408.0;1573.0;-3175.0;264.125;-59.3125;-48.6875;-0.5478515625;0.2333984375;-0.52655029296875;-0.606689453125;-0.28200000524520874;0.03800000250339508;0.14500001072883606;-0.843000054359436;0.3750000298023224;0.3290000259876251
720203.0;-1.1019999980926514;0.4660000205039978;0.5100000500679016;39.6875;-28.5625;-10.5;408.0;1573.0;-3175.0;264.125;-59.3125;-48.6875;-0.5478515625;0.2333984375;-0.52655029296875;-0.606689453125;-0.28200000524520874;0.03800000250339508;0.14500001072883606;-0.843000054359436;0.3750000298023224;0.3290000259876251
720213.0;-1.1260000467300415;0.4140000343322754;0.4750000238418579;39.6875;-28.5625;-10.5;828.0;1599.0;-2947.0;266.0;-61.3125;-48.375;-0.55377197265625;0.2442626953125;-0.5301513671875;-0.59381103515625;-0.33400002121925354;-0.029000001028180122;0.06100000441074371;-0.8600000143051147;0.35200002789497375;0.31200000643730164
720223.0;-1.194000005722046;0.32200002670288086;0.37300002574920654;39.6875;-28.5625;-10.5;1331.0;1642.0;-2729.0;267.875;-63.1875;-48.5;-0.55938720703125;0.25311279296875;-0.5355224609375;-0.57989501953125;-0.3490000069141388;-0.01100000087171793;0.08800000697374344;-0.8750000596046448;0.33100003004074097;0.29200002551078796
720233.0;-1.225000023841858;0.320000022649765;0.3800000250339508;44.5;-21.1875;-7.1875;1331.0;1642.0;-2729.0;269.875;-64.9375;-49.125;-0.5645751953125;0.25982666015625;-0.54248046875;-0.56524658203125;-0.30400002002716064;0.01600000075995922;0.12400000542402267;-0.8880000710487366;0.31300002336502075;0.2710000276565552
720243.0;-1.193000078201294;0.3290000259876251;0.3960000276565552;44.5;-21.1875;-7.1875;2073.0;1636.0;-2280.0;271.9375;-66.625;-50.0625;-0.5694580078125;0.2650146484375;-0.55029296875;-0.5501708984375;-0.29200002551078796;0.1120000034570694;0.18000000715255737;-0.9000000357627869;0.2970000207424164;0.24800001084804535
720253.0;-1.193000078201294;0.4090000092983246;0.42900002002716064;44.5;-21.1875;-7.1875;2097.0;1643.0;-2376.0;274.0625;-68.375;-51.0;-0.57440185546875;0.27032470703125;-0.55792236328125;-0.53448486328125;-0.3320000171661377;0.13600000739097595;0.2110000103712082;-0.9110000729560852;0.2800000011920929;0.22600001096725464
720259.0;-1.193000078201294;0.4090000092983246;0.42900002002716064;44.5;-21.1875;-7.1875;2097.0;1643.0;-2376.0;274.0625;-68.375;-51.0;-0.57440185546875;0.27032470703125;-0.55792236328125;-0.53448486328125;-0.3320000171661377;0.13600000739097595;0.2110000103712082;-0.9110000729560852;0.2800000011920929;0.22600001096725464
720269.0;-1.2440000772476196;0.41700002551078796;0.43800002336502075;44.5;-21.1875;-7.1875;1919.0;1518.0;-2160.0;276.0625;-70.0;-51.875;-0.57867431640625;0.275146484375;-0.56475830078125;-0.52008056640625;-0.33100003004074097;0.15400001406669617;0.28200000524520874;-0.921000063419342;0.2630000114440918;0.20600001513957977
720279.0;-1.253000020980835;0.4180000126361847;0.4880000352859497;44.5;-21.1875;-7.1875;1919.0;1518.0;-2160.0;276.0625;-70.0;-51.875;-0.58294677734375;0.279296875;-0.5703125;-0.5068359375;-0.26100000739097595;0.17000000178813934;0.2680000066757202;-0.9290000200271606;0.24700000882148743;0.18900001049041748
720289.0;-1.1910001039505005;0.4180000126361847;0.4580000340938568;48.875;-14.0625;-2.25;1738.0;1248.0;-2032.0;277.9375;-71.4375;-52.5;-0.58837890625;0.28436279296875;-0.5750732421875;-0.4921875;-0.22500000894069672;0.25200000405311584;0.2240000069141388;-0.9380000233650208;0.22600001096725464;0.1730000078678131
720299.0;-1.1630001068115234;0.4790000319480896;0.3970000147819519;48.875;-14.0625;-2.25;1542.0;1314.0;-2877.0;282.5;-74.875;-52.0;-0.59405517578125;0.29168701171875;-0.5787353515625;-0.47650146484375;-0.22200001776218414;0.23800000548362732;0.14900000393390656;-0.9460000395774841;0.20100000500679016;0.15600000321865082
720307.0;-1.1690000295639038;0.4390000104904175;0.3060000240802765;48.875;-14.0625;-2.25;1542.0;1314.0;-2877.0;284.75;-76.75;-50.8125;-0.5992431640625;0.2996826171875;-0.581298828125;-0.46173095703125;-0.25200000405311584;0.17500001192092896;0.14800000190734863;-0.9540000557899475;0.17400000989437103;0.14100000262260437
720317.0;-1.2060000896453857;0.3490000069141388;0.2900000214576721;48.875;-14.0625;-2.25;1233.0;1255.0;-2865.0;286.9375;-78.5;-49.25;-0.60400390625;0.30743408203125;-0.58355712890625;-0.4473876953125;-0.28200000524520874;0.16100001335144043;0.15700000524520874;-0.9610000252723694;0.1469999998807907;0.12700000405311584
720327.0;-1.2430000305175781;0.30900001525878906;0.2840000092983246;48.875;-14.0625;-2.25;1166.0;1228.0;-2771.0;286.9375;-78.5;-49.25;-0.60400390625;0.30743408203125;-0.58355712890625;-0.4473876953125;-0.28200000524520874;0.16100001335144043;0.15700000524520874;-0.9660000205039978;0.12400000542402267;0.11300000548362732
720337.0;-1.2940000295639038;0.2540000081062317;0.29100000858306885;51.75;-8.25;2.25;1453.0;1136.0;-2437.0;289.0625;-80.0625;-47.625;-0.6085205078125;0.31298828125;-0.5865478515625;-0.4332275390625;-0.328000009059906;0.1290000081062317;0.1770000010728836;-0.9690000414848328;0.1080000028014183;0.10100000351667404
720347.0;-1.3010001182556152;0.23200000822544098;0.27900001406669617;51.75;-8.25;2.25;1957.0;953.0;-1863.0;293.3125;-82.0625;-46.75;-0.61798095703125;0.31121826171875;-0.5966796875;-0.406494140625;-0.29200002551078796;0.1810000091791153;0.17800000309944153;-0.971000075340271;0.09800000488758087;0.09200000762939453
720355.0;-1.2630000114440918;0.27900001406669617;0.27000001072883606;51.75;-8.25;2.25;2603.0;613.0;-1196.0;293.3125;-82.0625;-46.75;-0.623779296875;0.30474853515625;-0.60321044921875;-0.39263916015625;-0.24400001764297485;0.2990000247955322;0.16500000655651093;-0.9720000624656677;0.09100000560283661;0.08400000631809235
720365.0;-1.2170000076293945;0.39100003242492676;0.25;51.75;-8.25;2.25;3172.0;425.0;-948.0;295.5625;-82.625;-47.1875;-0.6297607421875;0.29766845703125;-0.61016845703125;-0.37744140625;-0.19700001180171967;0.41200003027915955;0.10600000619888306;-0.9740000367164612;0.08400000631809235;0.07600000500679016
720375.0;-1.1710000038146973;0.4960000216960907;0.18200001120567322;51.75;-8.25;2.25;3436.0;491.0;-1031.0;298.125;-83.3125;-4.875;-0.6297607421875;0.29766845703125;-0.61016845703125;-0.37744140625;-0.19700001180171967;0.41200003027915955;0.10600000619888306;-0.9740000367164612;0.08400000631809235;0.07600000500679016
720385.0;-1.1400001049041748;0.46300002932548523;0.14800000190734863;51.0;-2.0625;3.75;3506.0;522.0;-1074.0;300.6875;-84.0;-4.375;-0.6356201171875;0.29046630859375;-0.6170654296875;-0.3616943359375;-0.164000004529953;0.3880000114440918;0.08000000566244125;-0.9750000238418579;0.07500000298023224;0.06800000369548798
720395.0;-1.093000054359436;0.4660000205039978;0.13500000536441803;51.0;-2.0625;3.75;3330.0;458.0;-1067.0;303.1875;-84.6875;-3.875;-0.64630126953125;0.2786865234375;-0.62786865234375;-0.33233642578125;-0.07900000363588333;0.44200003147125244;0.06100000441074371;-0.9770000576972961;0.0560000017285347;0.055000003427267075
720398.0;-1.093000054359436;0.4660000205039978;0.13500000536441803;51.0;-2.0625;3.75;3330.0;458.0;-1067.0;303.1875;-84.6875;-3.875;-0.64630126953125;0.2786865234375;-0.62786865234375;-0.33233642578125;-0.07900000363588333;0.44200003147125244;0.06100000441074371;-0.9770000576972961;0.0560000017285347;0.055000003427267075
720408.0;-1.0570000410079956;0.49800002574920654;0.11600000411272049;51.0;-2.0625;3.75;2849.0;392.0;-1226.0;305.5625;-85.375;-3.25;-0.65118408203125;0.2764892578125;-0.6307373046875;-0.31890869140625;-0.09700000286102295;0.4570000171661377;0.049000002443790436;-0.9780000448226929;0.04100000113248825;0.05000000074505806
720418.0;-1.0760000944137573;0.49800002574920654;0.10000000149011612;51.0;-2.0625;3.75;2306.0;341.0;-1544.0;307.8125;-86.125;-2.375;-0.65118408203125;0.2764892578125;-0.6307373046875;-0.31890869140625;-0.1300000101327896;0.4150000214576721;0.05300000309944153;-0.9790000319480896;0.023000001907348633;0.04500000178813934
720428.0;-1.1090000867843628;0.4390000104904175;0.0990000069141388;51.0;-2.0625;3.75;1890.0;400.0;-1807.0;309.9375;-86.9375;-1.375;-0.65557861328125;0.27667236328125;-0.632568359375;-0.3057861328125;-0.1300000101327896;0.4150000214576721;0.05300000309944153;-0.9790000319480896;0.023000001907348633;0.04500000178813934
720438.0;-1.1570000648498535;0.37800002098083496;0.08700000494718552;52.0625;2.5;5.875;1674.0;523.0;-1944.0;312.125;-87.625;-0.25;-0.65936279296875;0.27813720703125;-0.63421630859375;-0.29266357421875;-0.1770000010728836;0.37400001287460327;0.04700000211596489;-0.9790000319480896;0.004000000189989805;0.04000000283122063
720448.0;-1.2310000658035278;0.3140000104904175;0.04800000041723251;52.0625;2.5;5.875;1581.0;596.0;-2021.0;314.25;-87.75;0.875;-0.6627197265625;0.28033447265625;-0.63568115234375;-0.2794189453125;-0.2510000169277191;0.30800002813339233;0.0010000000474974513;-0.9790000319480896;-0.036000002175569534;0.027000000700354576
720451.0;-1.2310000658035278;0.2710000276565552;0.029000001028180122;52.0625;2.5;5.875;1624.0;637.0;-2037.0;316.4375;-87.3125;2.125;-0.66595458984375;0.28240966796875;-0.63726806640625;-0.265869140625;-0.2510000169277191;0.30800002813339233;0.0010000000474974513;-0.9780000448226929;-0.0560000017285347;0.02200000174343586
720461.0;-1.2110000848770142;0.2370000183582306;0.018000001087784767;52.0625;2.5;5.875;1782.0;627.0;-1943.0;318.6875;-86.4375;3.25;-0.66912841796875;0.28350830078125;-0.63897705078125;-0.2520751953125;-0.23200000822544098;0.2930000126361847;-0.003000000026077032;-0.9770000576972961;-0.07300000637769699;0.017000000923871994
720471.0;-1.1740000247955322;0.2370000183582306;0.023000001907348633;52.0625;2.5;5.875;1917.0;560.0;-1731.0;320.875;-85.5625;4.25;-0.67236328125;0.28326416015625;-0.640869140625;-0.2386474609375;-0.19600000977516174;0.3110000193119049;0.005000000353902578;-0.9770000576972961;-0.07300000637769699;0.017000000923871994
720481.0;-1.100000023841858;0.2110000103712082;-0.0010000000474974513;51.375;8.0625;6.1875;1979.0;465.0;-1467.0;323.0;-84.75;5.125;-0.675537109375;0.28179931640625;-0.64276123046875;-0.22601318359375;-0.12400000542402267;0.30000001192092896;-0.01600000075995922;-0.9760000705718994;-0.08800000697374344;0.014000000432133675
720482.0;-1.100000023841858;0.2110000103712082;-0.0010000000474974513;51.375;8.0625;6.1875;1979.0;465.0;-1467.0;323.0;-84.75;5.125;-0.675537109375;0.28179931640625;-0.64276123046875;-0.22601318359375;-0.12400000542402267;0.30000001192092896;-0.01600000075995922;-0.9760000705718994;-0.08800000697374344;0.014000000432133675
720492.0;-1.071000099182129;0.1980000138282776;-0.009000000543892384;51.375;8.0625;6.1875;1984.0;381.0;-1242.0;324.9375;-84.0;5.875;-0.67864990234375;0.27935791015625;-0.64459228515625;-0.2142333984375;-0.09600000083446503;0.2990000247955322;-0.02200000174343586;-0.9750000238418579;-0.10000000149011612;0.012000000104308128
720502.0;-1.0420000553131104;0.20500001311302185;0.006000000052154064;51.375;8.0625;6.1875;1827.0;319.0;-1095.0;326.6875;-83.375;6.5;-0.68145751953125;0.27691650390625;-0.64617919921875;-0.20361328125;-0.06800000369548798;0.31700000166893005;-0.004000000189989805;-0.9740000367164612;-0.1120000034570694;0.01100000087171793
720512.0;-1.0290000438690186;0.2110000103712082;0.01600000075995922;51.375;8.0625;6.1875;1461.0;348.0;-1012.0;328.1875;-82.8125;85.4375;-0.6834716796875;0.27545166015625;-0.6474609375;-0.19451904296875;-0.0560000017285347;0.3330000042915344;0.007000000216066837;-0.9720000624656677;-0.12200000882148743;0.009000000543892384
720517.0;-1.0290000438690186;0.2110000103712082;0.01600000075995922;51.375;8.0625;6.1875;1461.0;348.0;-1012.0;328.1875;-82.8125;85.4375;-0.6834716796875;0.27545166015625;-0.6474609375;-0.19451904296875;-0.0560000017285347;0.3330000042915344;0.007000000216066837;-0.9720000624656677;-0.12200000882148743;0.009000000543892384
720527.0;-1.0329999923706055;0.20500001311302185;-0.004000000189989805;51.375;8.0625;6.1875;959.0;396.0;-1003.0;329.4375;-82.1875;87.0;-0.68450927734375;0.27581787109375;-0.64837646484375;-0.18701171875;-0.06100000441074371;0.3370000123977661;-0.01100000087171793;-0.971000075340271;-0.13199999928474426;0.006000000052154064
720537.0;-1.0450000762939453;0.15800000727176666;-0.009000000543892384;50.25;11.75;5.875;438.0;357.0;-1055.0;330.3125;-81.5625;88.4375;-0.6849365234375;0.2781982421875;-0.6485595703125;-0.18115234375;-0.07400000095367432;0.30100002884864807;-0.013000000268220901;-0.9700000286102295;-0.14300000667572021;0.003000000026077032
720547.0;-1.0490000247955322;0.08300000429153442;-0.00800000037997961;50.25;11.75;5.875;18.0;307.0;-1127.0;331.0625;-80.875;89.6875;-0.68499755859375;0.28228759765625;-0.64801025390625;-0.17657470703125;-0.08000000566244125;0.23800000548362732;-0.00800000037997961;-0.968000054359436;-0.15400001406669617;0.0
720553.0;-1.0660001039505005;-0.021000001579523087;-0.06800000369548798;50.25;11.75;5.875;-237.0;301.0;-1190.0;331.6875;-80.1875;90.9375;-0.6846923828125;0.2874755859375;-0.6470947265625;-0.172607421875;-0.10000000149011612;0.14500001072883606;-0.06599999964237213;-0.9660000205039978;-0.16600000858306885;-0.0020000000949949026
720563.0;-1.0700000524520874;-0.055000003427267075;-0.07100000232458115;50.25;11.75;5.875;-317.0;347.0;-1222.0;332.25;-79.4375;92.1875;-0.68414306640625;0.2930908203125;-0.646240234375;-0.16876220703125;-0.10600000619888306;0.12300000339746475;-0.06400000303983688;-0.9640000462532043;-0.17900000512599945;-0.006000000052154064
720573.0;-1.055999994277954;-0.10100000351667404;-0.04400000348687172;50.25;11.75;5.875;-230.0;406.0;-1204.0;332.875;-78.6875;93.375;-0.68341064453125;0.29840087890625;-0.64556884765625;-0.16455078125;-0.09400000423192978;0.09000000357627869;-0.032999999821186066;-0.9610000252723694;-0.19100001454353333;-0.01100000087171793
720583.0;-1.037000060081482;-0.15800000727176666;-0.04000000283122063;49.0625;14.375;6.6875;-3.0;478.0;-1149.0;333.625;-77.9375;94.5625;-0.68280029296875;0.302734375;-0.6455078125;-0.15966796875;-0.07800000160932541;0.04400000348687172;-0.023000001907348633;-0.9590000510215759;-0.203000009059906;-0.01600000075995922
720593.0;-1.2390000820159912;0.31300002336502075;0.8480000495910645;49.0625;14.375;6.6875;211.0;540.0;-1066.0;334.5;-77.3125;95.625;-0.68218994140625;0.3060302734375;-0.64593505859375;-0.15423583984375;-0.28200000524520874;0.5270000100135803;0.8690000176429749;-0.956000030040741;-0.21400001645088196;-0.021000001579523087
720603.0;-1.2390000820159912;0.31300002336502075;0.8480000495910645;49.0625;14.375;6.6875;306.0;492.0;-935.0;335.3125;-76.6875;96.5;-0.68170166015625;0.30853271484375;-0.64642333984375;-0.14898681640625;-0.7440000176429749;2.18500018119812;1.8550001382827759;-0.9540000557899475;-0.22300000488758087;-0.02500000037252903
720605.0;-1.2390000820159912;0.31300002336502075;0.8480000495910645;49.0625;14.375;6.6875;306.0;492.0;-935.0;335.3125;-76.6875;96.5;-0.68170166015625;0.30853271484375;-0.64642333984375;-0.14898681640625;-0.7440000176429749;2.18500018119812;1.8550001382827759;-0.9540000557899475;-0.22300000488758087;-0.02500000037252903
720615.0;-1.6980000734329224;1.9620001316070557;1.8300000429153442;49.0625;14.375;6.6875;-2.0;-130.0;-540.0;335.625;-76.375;96.0;-0.6826171875;0.310302734375;-0.64508056640625;-0.14727783203125;-0.3570000231266022;2.9280002117156982;0.5700000524520874;-0.9530000686645508;-0.2290000170469284;-0.024000000208616257
720625.0;-1.3100000619888306;2.699000120162964;0.5450000166893005;49.0625;14.375;6.6875;1098.0;-32.0;231.0;336.125;-76.5;95.3125;-0.684326171875;0.30548095703125;-0.64617919921875;-0.1444091796875;0.20800000429153442;1.6070001125335693;-0.15400001406669617;-0.9530000686645508;-0.22700001299381256;-0.021000001579523087
720635.0;-0.7450000643730164;1.380000114440918;-0.17600001394748688;49.0625;14.375;6.6875;515.0;-334.0;845.0;335.875;-77.0625;94.3125;-0.68560791015625;0.30047607421875;-0.646728515625;-0.146240234375;0.12000000476837158;0.010000000707805157;0.08100000023841858;-0.9550000429153442;-0.21800000965595245;-0.01600000075995922
720641.0;-0.8350000381469727;-0.2070000171661377;0.06400000303983688;48.6875;17.6875;6.25;515.0;-334.0;845.0;335.625;-77.5625;93.25;-0.68695068359375;0.29547119140625;-0.647216796875;-0.1480712890625;0.05400000140070915;-0.11400000751018524;0.06000000238418579;-0.9570000171661377;-0.21000000834465027;-0.012000000104308128
720651.0;-0.9030000567436218;-0.3240000009536743;0.04700000211596489;48.6875;17.6875;6.25;-1129.0;-7.0;681.0;334.5625;-78.0;94.0625;-0.68463134765625;0.2972412109375;-0.64739990234375;-0.1544189453125;-0.055000003427267075;-0.0650000050663948;0.07200000435113907;-0.9590000510215759;-0.203000009059906;-0.014000000432133675
720661.0;-1.0140000581741333;-0.2680000066757202;0.05700000375509262;48.6875;17.6875;6.25;-935.0;570.0;-1068.0;334.6875;-77.3125;95.9375;-0.68206787109375;0.30474853515625;-0.64697265625;-0.15283203125;-0.12300000339746475;0.0020000000949949026;-0.01900000125169754;-0.956000030040741;-0.21300001442432404;-0.02200000174343586
720671.0;-1.0800000429153442;-0.2110000103712082;-0.04100000113248825;48.6875;17.6875;6.25;-423.0;728.0;-1315.0;335.375;-76.5;97.6875;-0.679931640625;0.31134033203125;-0.6470947265625;-0.14837646484375;-0.18200001120567322;-0.2120000123977661;-0.15600000321865082;-0.9530000686645508;-0.22600001096725464;-0.030000001192092896
720676.0;-1.0800000429153442;-0.2110000103712082;-0.04100000113248825;48.6875;17.6875;6.25;-423.0;728.0;-1315.0;335.375;-76.5;97.6875;-0.679931640625;0.31134033203125;-0.6470947265625;-0.14837646484375;-0.18200001120567322;-0.2120000123977661;-0.15600000321865082;-0.9530000686645508;-0.22600001096725464;-0.030000001192092896
720686.0;-1.1360000371932983;-0.4390000104904175;-0.18700000643730164;48.6875;17.6875;6.25;-423.0;728.0;-1315.0;335.375;-76.5;97.6875;-0.67816162109375;0.31634521484375;-0.64678955078125;-0.14715576171875;-0.21300001442432404;-0.26100000739097595;-0.15800000727176666;-0.9510000348091125;-0.23400001227855682;-0.036000002175569534
720696.0;-1.165000081062317;-0.4960000216960907;-0.1940000057220459;48.25;17.75;5.375;-613.0;393.0;-745.0;335.5;-76.0;98.75;-0.67816162109375;0.31634521484375;-0.64678955078125;-0.14715576171875;-0.1469999998807907;-0.21800000965595245;-0.16900001466274261;-0.9510000348091125;-0.2330000102519989;-0.03700000047683716
720706.0;-1.099000096321106;-0.4520000219345093;-0.2070000171661377;48.25;17.75;5.375;-1098.0;-432.0;650.0;333.6875;-76.4375;99.0625;-0.67572021484375;0.321044921875;-0.64453125;-0.15777587890625;0.1720000058412552;-0.2540000081062317;-0.16500000655651093;-0.9530000686645508;-0.22600001096725464;-0.036000002175569534
720709.0;-1.099000096321106;-0.4520000219345093;-0.2070000171661377;48.25;17.75;5.375;-1098.0;-432.0;650.0;333.6875;-76.4375;99.0625;-0.67572021484375;0.321044921875;-0.64453125;-0.15777587890625;0.1720000058412552;-0.2540000081062317;-0.16500000655651093;-0.9530000686645508;-0.22600001096725464;-0.036000002175569534
720719.0;-0.7800000309944153;-0.48000001907348633;-0.20100000500679016;48.25;17.75;5.375;-1098.0;-432.0;650.0;332.625;-77.0625;98.875;-0.67510986328125;0.32012939453125;-0.64404296875;-0.16424560546875;0.26200002431869507;-0.22600001096725464;0.02500000037252903;-0.9550000429153442;-0.2160000056028366;-0.032999999821186066
720729.0;-0.6930000185966492;-0.44200003147125244;-0.00800000037997961;48.25;17.75;5.375;-728.0;-405.0;933.0;332.0625;-77.5625;98.9375;-0.67462158203125;0.3175048828125;-0.6448974609375;-0.16778564453125;0.26500001549720764;-0.06400000303983688;0.27900001406669617;-0.9570000171661377;-0.2070000171661377;-0.03200000151991844
720739.0;-0.6920000314712524;-0.2720000147819519;0.2460000067949295;48.25;17.75;5.375;-98.0;-123.0;842.0;332.0625;-77.5625;98.9375;-0.67462158203125;0.3175048828125;-0.6448974609375;-0.16778564453125;0.26500001549720764;-0.06400000303983688;0.27900001406669617;-0.9580000638961792;-0.203000009059906;-0.03200000151991844
720742.0;-0.7780000567436218;-0.003000000026077032;0.44700002670288086;48.6875;19.25;8.6875;493.0;117.0;473.0;332.0625;-77.875;99.1875;-0.67462158203125;0.31427001953125;-0.64654541015625;-0.1676025390625;0.18000000715255737;0.1990000158548355;0.48000001907348633;-0.9580000638961792;-0.203000009059906;-0.03200000151991844
720752.0;-0.9440000653266907;0.36500000953674316;0.25699999928474426;48.6875;19.25;8.6875;969.0;253.0;61.0;333.625;-77.6875;99.125;-0.67681884765625;0.30712890625;-0.6500244140625;-0.15826416015625;-0.010000000707805157;0.5460000038146973;0.12600000202655792;-0.9580000638961792;-0.20500001311302185;-0.032999999821186066
720762.0;-0.968000054359436;0.3400000035762787;0.09300000220537186;48.6875;19.25;8.6875;1325.0;247.0;-245.0;333.625;-77.6875;99.125;-0.6788330078125;0.30377197265625;-0.6510009765625;-0.15203857421875;-0.02500000037252903;0.40700000524520874;0.010000000707805157;-0.9570000171661377;-0.21000000834465027;-0.03100000135600567
720772.0;-0.9830000400543213;0.19600000977516174;-0.021000001579523087;48.6875;19.25;8.6875;1336.0;141.0;-386.0;334.6875;-77.4375;98.5;-0.6807861328125;0.30126953125;-0.6512451171875;-0.14715576171875;-0.04500000178813934;0.24900001287460327;-0.018000001087784767;-0.956000030040741;-0.21400001645088196;-0.029000001028180122
720774.0;-0.9830000400543213;0.19600000977516174;-0.021000001579523087;48.6875;19.25;8.6875;1336.0;141.0;-386.0;334.6875;-77.4375;98.5;-0.6807861328125;0.30126953125;-0.6512451171875;-0.14715576171875;-0.04500000178813934;0.24900001287460327;-0.018000001087784767;-0.956000030040741;-0.21400001645088196;-0.029000001028180122
720784.0;-1.0010000467300415;0.03400000184774399;-0.04700000211596489;48.6875;19.25;8.6875;1050.0;8.0;-357.0;335.5625;-77.25;97.75;-0.6807861328125;0.30126953125;-0.6512451171875;-0.14715576171875;-0.04500000178813934;0.24900001287460327;-0.018000001087784767;-0.956000030040741;-0.21400001645088196;-0.029000001028180122
720794.0;-1.0250000953674316;-0.164000004529953;-0.10200000554323196;47.5625;17.0625;7.875;841.0;-63.0;-290.0;336.25;-77.0625;96.9375;-0.68255615234375;0.2991943359375;-0.6512451171875;-0.143310546875;-0.0690000057220459;0.052000001072883606;-0.07600000500679016;-0.9550000429153442;-0.21700000762939453;-0.026000000536441803
720804.0;-1.0210000276565552;-0.21400001645088196;-0.11900000274181366;47.5625;17.0625;7.875;707.0;-104.0;-203.0;336.8125;-76.9375;96.1875;-0.68548583984375;0.29541015625;-0.65093994140625;-0.13824462890625;-0.04700000211596489;-0.015000000596046448;-0.1080000028014183;-0.9550000429153442;-0.2200000137090683;-0.021000001579523087
720808.0;-1.0210000276565552;-0.21400001645088196;-0.11900000274181366;47.5625;17.0625;7.875;707.0;-104.0;-203.0;336.8125;-76.9375;96.1875;-0.68548583984375;0.29541015625;-0.65093994140625;-0.13824462890625;-0.04700000211596489;-0.015000000596046448;-0.1080000028014183;-0.9550000429153442;-0.2200000137090683;-0.021000001579523087
720818.0;-1.002000093460083;-0.23600001633167267;-0.1290000081062317;47.5625;17.0625;7.875;568.0;-113.0;-81.0;337.1875;-76.875;95.5625;-0.68548583984375;0.29541015625;-0.65093994140625;-0.13824462890625;0.02200000174343586;0.04200000315904617;-0.06599999964237213;-0.9550000429153442;-0.2200000137090683;-0.01900000125169754
720828.0;-0.9330000281333923;-0.1770000010728836;-0.0860000029206276;47.5625;17.0625;7.875;373.0;-117.0;64.0;337.3125;-76.9375;95.0;-0.68646240234375;0.293701171875;-0.65087890625;-0.13739013671875;0.04500000178813934;0.11100000888109207;-0.03700000047683716;-0.9550000429153442;-0.21800000965595245;-0.018000001087784767
720838.0;-0.9100000262260437;-0.10600000619888306;-0.055000003427267075;47.5625;17.0625;7.875;145.0;-103.0;164.0;337.3125;-77.0625;94.6875;-0.6868896484375;0.29254150390625;-0.65087890625;-0.13763427734375;0.04500000178813934;0.11100000888109207;-0.03700000047683716;-0.9550000429153442;-0.21800000965595245;-0.018000001087784767
720848.0;-0.9020000696182251;-0.013000000268220901;-0.026000000536441803;49.0625;18.5;7.0625;-97.0;-32.0;205.0;337.125;-77.1875;94.6875;-0.68670654296875;0.29217529296875;-0.6510009765625;-0.1387939453125;0.05300000309944153;0.20200000703334808;-0.00800000037997961;-0.956000030040741;-0.2160000056028366;-0.017000000923871994
720858.0;-0.9140000343322754;0.07700000703334808;0.00800000037997961;49.0625;18.5;7.0625;-268.0;48.0;187.0;336.875;-77.3125;95.0625;-0.68597412109375;0.29254150390625;-0.6512451171875;-0.14031982421875;0.04200000315904617;0.29100000858306885;0.027000000700354576;-0.9570000171661377;-0.2120000123977661;-0.020000001415610313
720863.0;-0.9470000267028809;0.14900000393390656;0.024000000208616257;49.0625;18.5;7.0625;-383.0;103.0;154.0;336.5625;-77.375;95.625;-0.6849365234375;0.29345703125;-0.651611328125;-0.14202880859375;0.009000000543892384;0.3620000183582306;0.04500000178813934;-0.9570000171661377;-0.2110000103712082;-0.023000001907348633
720873.0;-0.9590000510215759;0.1080000028014183;0.01900000125169754;49.0625;18.5;7.0625;-507.0;124.0;133.0;336.1875;-77.4375;96.3125;-0.68359375;0.294921875;-0.65185546875;-0.14404296875;-0.0020000000949949026;0.3190000057220459;0.04200000315904617;-0.9570000171661377;-0.2110000103712082;-0.023000001907348633
720883.0;-0.9670000672340393;0.03700000047683716;0.017000000923871994;49.0625;18.5;7.0625;-588.0;108.0;104.0;335.75;-77.5;96.9375;-0.6822509765625;0.29681396484375;-0.6519775390625;-0.14630126953125;-0.009000000543892384;0.24700000882148743;0.0430000014603138;-0.9570000171661377;-0.21000000834465027;-0.02500000037252903
720893.0;-0.9730000495910645;-0.023000001907348633;0.018000001087784767;48.6875;17.75;6.1875;-606.0;101.0;69.0;335.3125;-77.5625;97.625;-0.68084716796875;0.299072265625;-0.65185546875;-0.14874267578125;-0.015000000596046448;0.1850000023841858;0.046000003814697266;-0.9570000171661377;-0.20900000631809235;-0.02800000086426735
720903.0;-0.968000054359436;-0.1290000081062317;0.017000000923871994;48.6875;17.75;6.1875;-557.0;103.0;60.0;334.9375;-77.5625;98.25;-0.67950439453125;0.30096435546875;-0.65185546875;-0.1507568359375;-0.01100000087171793;0.07900000363588333;0.04700000211596489;-0.9570000171661377;-0.20800000429153442;-0.030000001192092896
720905.0;-0.968000054359436;-0.1290000081062317;0.017000000923871994;48.6875;17.75;6.1875;-557.0;103.0;60.0;334.9375;-77.5625;98.25;-0.67950439453125;0.30096435546875;-0.65185546875;-0.1507568359375;-0.01100000087171793;0.07900000363588333;0.04700000211596489;-0.9570000171661377;-0.20800000429153442;-0.030000001192092896
720915.0;-0.968000054359436;-0.16100001335144043;0.01900000125169754;48.6875;17.75;6.1875;-456.0;116.0;62.0;334.625;-77.625;98.875;-0.6783447265625;0.302490234375;-0.65203857421875;-0.15234375;-0.010000000707805157;0.046000003814697266;0.05100000277161598;-0.9570000171661377;-0.2070000171661377;-0.03200000151991844
720925.0;-0.9730000495910645;-0.17500001192092896;0.0430000014603138;48.6875;17.75;6.1875;-328.0;125.0;70.0;334.4375;-77.625;99.4375;-0.6773681640625;0.30352783203125;-0.65234375;-0.15350341796875;-0.015000000596046448;0.03100000135600567;0.07800000160932541;-0.9570000171661377;-0.20600001513957977;-0.03400000184774399
720935.0;-0.9780000448226929;-0.19700001180171967;0.05300000309944153;48.6875;17.75;6.1875;-196.0;112.0;84.0;334.25;-77.6875;99.9375;-0.67657470703125;0.30401611328125;-0.6527099609375;-0.154296875;-0.020000001415610313;0.00800000037997961;0.08900000154972076;-0.9580000638961792;-0.20500001311302185;-0.036000002175569534
720945.0;-0.971000075340271;-0.1990000158548355;0.1210000067949295;49.0625;18.1875;7.5;-110.0;58.0;91.0;334.125;-77.6875;100.1875;-0.67608642578125;0.30438232421875;-0.65283203125;-0.15521240234375;-0.013000000268220901;0.005000000353902578;0.15800000727176666;-0.9580000638961792;-0.20400001108646393;-0.036000002175569534
720949.0;-0.971000075340271;-0.1990000158548355;0.1210000067949295;49.0625;18.1875;7.5;-110.0;58.0;91.0;334.125;-77.6875;100.1875;-0.67608642578125;0.30438232421875;-0.65283203125;-0.15521240234375;-0.013000000268220901;0.005000000353902578;0.15800000727176666;-0.9580000638961792;-0.20400001108646393;-0.036000002175569534
720959.0;-0.9670000672340393;-0.164000004529953;0.13100001215934753;49.0625;18.1875;7.5;-52.0;41.0;87.0;334.0625;-77.75;100.375;-0.67578125;0.30426025390625;-0.653076171875;-0.1556396484375;-0.009000000543892384;0.039000000804662704;0.16900001466274261;-0.9580000638961792;-0.203000009059906;-0.03700000047683716
720969.0;-0.9720000624656677;-0.14400000870227814;0.11700000613927841;49.0625;18.1875;7.5;30.0;63.0;67.0;334.0;-77.8125;100.5625;-0.675537109375;0.30401611328125;-0.6534423828125;-0.1556396484375;-0.014000000432133675;0.058000002056360245;0.1550000011920929;-0.9580000638961792;-0.203000009059906;-0.03800000250339508
720979.0;-0.984000027179718;-0.17000000178813934;0.10700000822544098;49.0625;18.1875;7.5;83.0;56.0;42.0;334.0625;-77.8125;100.6875;-0.6754150390625;0.3035888671875;-0.65380859375;-0.1553955078125;-0.02500000037252903;0.03200000151991844;0.14500001072883606;-0.9580000638961792;-0.20200000703334808;-0.03800000250339508
720989.0;-0.9810000658035278;-0.18200001120567322;0.09000000357627869;49.0625;18.1875;7.5;71.0;11.0;28.0;334.0625;-77.8125;100.6875;-0.67547607421875;0.30328369140625;-0.6539306640625;-0.1552734375;-0.02200000174343586;0.01900000125169754;0.12800000607967377;-0.9580000638961792;-0.20200000703334808;-0.03800000250339508
720999.0;-0.9700000286102295;-0.18800000846385956;0.07200000435113907;49.5;18.5;8.375;50.0;-22.0;27.0;334.0625;-77.875;100.625;-0.67559814453125;0.3031005859375;-0.65386962890625;-0.15533447265625;-0.01100000087171793;0.014000000432133675;0.11000000685453415;-0.9580000638961792;-0.20200000703334808;-0.03800000250339508
721003.0;-0.9700000286102295;-0.18800000846385956;0.07200000435113907;49.5;18.5;8.375;102.0;-29.0;24.0;334.125;-77.875;100.5;-0.67584228515625;0.3026123046875;-0.6539306640625;-0.15509033203125;0.0;0.02800000086426735;0.09300000220537186;-0.9580000638961792;-0.20200000703334808;-0.03700000047683716
721013.0;-0.9580000638961792;-0.1730000078678131;0.0560000017285347;49.5;18.5;8.375;213.0;-33.0;22.0;334.25;-77.875;100.3125;-0.67626953125;0.3017578125;-0.65399169921875;-0.154541015625;0.010000000707805157;0.05100000277161598;0.058000002056360245;-0.9580000638961792;-0.20200000703334808;-0.036000002175569534
721023.0;-0.9480000734329224;-0.15000000596046448;0.02200000174343586;49.5;18.5;8.375;288.0;-42.0;22.0;334.375;-77.875;100.0;-0.6768798828125;0.30059814453125;-0.65411376953125;-0.1536865234375;0.005000000353902578;0.07800000160932541;0.07700000703334808;-0.9580000638961792;-0.20100000500679016;-0.03500000014901161
721033.0;-0.9530000686645508;-0.12300000339746475;0.04200000315904617;49.5;18.5;8.375;323.0;-33.0;12.0;334.5625;-77.9375;99.75;-0.677490234375;0.29937744140625;-0.654296875;-0.15264892578125;0.005000000353902578;0.11300000548362732;0.07400000095367432;-0.9590000510215759;-0.20100000500679016;-0.03400000184774399
721043.0;-0.9530000686645508;-0.08800000697374344;0.039000000804662704;49.5;18.5;8.375;323.0;-33.0;12.0;334.5625;-77.875;99.4375;-0.6778564453125;0.29949951171875;-0.65380859375;-0.15277099609375;0.003000000026077032;0.15000000596046448;0.07400000095367432;-0.9580000638961792;-0.20200000703334808;-0.032999999821186066
721051.0;-0.9550000429153442;-0.052000001072883606;0.04000000283122063;49.5;17.0625;9.1875;401.0;-21.0;-28.0;334.5625;-77.875;99.4375;-0.6787109375;0.29791259765625;-0.654052734375;-0.15093994140625;0.0;0.1850000023841858;0.06800000369548798;-0.9580000638961792;-0.203000009059906;-0.03200000151991844
721061.0;-0.9570000171661377;-0.017000000923871994;0.036000002175569534;49.5;17.0625;9.1875;504.0;-15.0;-29.0;335.1875;-77.875;98.6875;-0.6795654296875;0.29620361328125;-0.65435791015625;-0.14910888671875;0.0;0.19600000977516174;0.05700000375509262;-0.9580000638961792;-0.203000009059906;-0.03100000135600567
721071.0;-0.9580000638961792;-0.007000000216066837;0.026000000536441803;49.5;17.0625;9.1875;494.0;-1.0;-34.0;335.5625;-77.8125;98.375;-0.68035888671875;0.2945556640625;-0.65472412109375;-0.14727783203125;-0.005000000353902578;0.1980000138282776;0.049000002443790436;-0.9580000638961792;-0.203000009059906;-0.030000001192092896
721081.0;-0.9640000462532043;-0.005000000353902578;0.01900000125169754;49.5;17.0625;9.1875;380.0;-5.0;-24.0;335.8125;-77.8125;98.125;-0.68096923828125;0.29327392578125;-0.65496826171875;-0.1458740234375;-0.024000000208616257;0.20800000429153442;0.07100000232458115;-0.9580000638961792;-0.20400001108646393;-0.029000001028180122
721091.0;-0.9830000400543213;0.003000000026077032;0.04200000315904617;49.5;17.0625;9.1875;380.0;-5.0;-24.0;335.8125;-77.8125;98.125;-0.68096923828125;0.29327392578125;-0.65496826171875;-0.1458740234375;-0.017000000923871994;0.19200000166893005;0.058000002056360245;-0.9580000638961792;-0.20500001311302185;-0.02800000086426735
721098.0;-0.9830000400543213;0.003000000026077032;0.04200000315904617;49.5;17.0625;9.1875;380.0;-5.0;-24.0;335.8125;-77.8125;98.125;-0.68096923828125;0.29327392578125;-0.65496826171875;-0.1458740234375;-0.017000000923871994;0.19200000166893005;0.058000002056360245;-0.9580000638961792;-0.20500001311302185;-0.02800000086426735
721108.0;-0.9750000238418579;-0.012000000104308128;0.030000001192092896;48.25;16.6875;7.0625;435.0;0.0;-85.0;336.0625;-77.75;97.875;-0.68170166015625;0.292236328125;-0.655029296875;-0.144287109375;-0.018000001087784767;0.20200000703334808;0.058000002056360245;-0.9580000638961792;-0.20600001513957977;-0.027000000700354576
721118.0;-0.9760000705718994;-0.004000000189989805;0.030000001192092896;48.25;16.6875;7.0625;476.0;49.0;-86.0;336.6875;-77.6875;97.5;-0.682861328125;0.28924560546875;-0.65594482421875;-0.140625;-0.030000001192092896;0.2110000103712082;0.05100000277161598;-0.9580000638961792;-0.20600001513957977;-0.027000000700354576
721128.0;-0.9880000352859497;0.004000000189989805;0.024000000208616257;48.25;16.6875;7.0625;464.0;42.0;-1.0;336.9375;-77.75;97.3125;-0.68341064453125;0.2874755859375;-0.656494140625;-0.1392822265625;-0.026000000536441803;0.24700000882148743;0.058000002056360245;-0.9580000638961792;-0.20500001311302185;-0.026000000536441803
721138.0;-0.9850000739097595;0.04100000113248825;0.03200000151991844;48.25;16.6875;7.0625;439.0;27.0;63.0;337.0625;-77.8125;97.1875;-0.683837890625;0.28582763671875;-0.65692138671875;-0.13836669921875;-0.01600000075995922;0.26900002360343933;0.05700000375509262;-0.9580000638961792;-0.20500001311302185;-0.02500000037252903
721148.0;-0.9750000238418579;0.06400000303983688;0.03100000135600567;48.25;16.6875;7.0625;361.0;12.0;96.0;337.0625;-77.8125;97.1875;-0.683837890625;0.28582763671875;-0.65692138671875;-0.13836669921875;-0.01600000075995922;0.26900002360343933;0.05700000375509262;-0.9580000638961792;-0.20500001311302185;-0.02500000037252903
721157.0;-0.9780000448226929;0.07000000029802322;0.032999999821186066;48.6875;17.75;7.875;241.0;14.0;112.0;337.0;-77.875;97.125;-0.68389892578125;0.28546142578125;-0.65692138671875;-0.1387939453125;-0.020000001415610313;0.27400001883506775;0.05900000408291817;-0.9580000638961792;-0.20400001108646393;-0.02500000037252903
721167.0;-0.9880000352859497;0.07800000160932541;0.027000000700354576;48.6875;17.75;7.875;94.0;38.0;100.0;337.0;-77.9375;97.1875;-0.68359375;0.28472900390625;-0.657470703125;-0.13922119140625;-0.07200000435113907;0.3140000104904175;0.07600000500679016;-0.9590000510215759;-0.20200000703334808;-0.026000000536441803
721177.0;-1.0320000648498535;0.1120000034570694;0.05000000074505806;48.6875;17.75;7.875;-60.0;25.0;73.0;336.9375;-77.9375;97.3125;-0.6832275390625;0.2852783203125;-0.65740966796875;-0.14013671875;-0.10400000214576721;0.35100001096725464;0.11000000685453415;-0.9590000510215759;-0.20100000500679016;-0.026000000536441803
721187.0;-1.0640000104904175;0.14900000393390656;0.08400000631809235;48.6875;17.75;7.875;-202.0;0.0;59.0;336.8125;-78.0;97.5;-0.682861328125;0.28607177734375;-0.6571044921875;-0.14141845703125;-0.12400000542402267;0.3840000033378601;0.12700000405311584;-0.9590000510215759;-0.20000000298023224;-0.026000000536441803
721197.0;-1.0840001106262207;0.18300001323223114;0.10100000351667404;48.6875;17.75;7.875;-294.0;-41.0;61.0;336.5625;-78.0625;97.5625;-0.682861328125;0.28607177734375;-0.6571044921875;-0.14141845703125;-0.12400000542402267;0.3840000033378601;0.12700000405311584;-0.9590000510215759;-0.20000000298023224;-0.026000000536441803
721201.0;-1.1019999980926514;0.23200000822544098;0.15600000321865082;47.5625;17.5;6.6875;-355.0;-124.0;116.0;336.25;-78.125;97.5;-0.68267822265625;0.2869873046875;-0.65655517578125;-0.14337158203125;-0.1420000046491623;0.4320000112056732;0.18200001120567322;-0.9590000510215759;-0.1990000158548355;-0.026000000536441803
721211.0;-1.093000054359436;0.24800001084804535;0.164000004529953;47.5625;17.5;6.6875;-414.0;-218.0;215.0;335.8125;-78.25;97.1875;-0.6826171875;0.28759765625;-0.65576171875;-0.14593505859375;-0.13300000131130219;0.44600000977516174;0.18900001049041748;-0.9610000252723694;-0.19300000369548798;-0.02200000174343586
721221.0;-1.0750000476837158;0.2590000033378601;0.15700000524520874;47.5625;17.5;6.6875;-432.0;-283.0;317.0;335.3125;-78.5;96.75;-0.68267822265625;0.287841796875;-0.6549072265625;-0.14898681640625;-0.10400000214576721;0.45500001311302185;0.19100001454353333;-0.9610000252723694;-0.18900001049041748;-0.020000001415610313
721231.0;-1.0660001039505005;0.26500001549720764;0.17000000178813934;47.5625;17.5;6.6875;-396.0;-309.0;396.0;334.8125;-78.75;96.1875;-0.682861328125;0.28765869140625;-0.654052734375;-0.15228271484375;-0.10400000214576721;0.5070000290870667;0.21000000834465027;-0.9620000720024109;-0.1850000023841858;-0.018000001087784767
721241.0;-1.0670000314712524;0.32200002670288086;0.19200000166893005;47.5625;17.5;6.6875;-358.0;-306.0;458.0;334.3125;-79.0625;95.5625;-0.6829833984375;0.287109375;-0.6533203125;-0.1556396484375;-0.10400000214576721;0.5070000290870667;0.21000000834465027;-0.9620000720024109;-0.1850000023841858;-0.018000001087784767
721251.0;-1.0789999961853027;0.3620000183582306;0.1770000010728836;49.75;17.5;6.6875;-307.0;-297.0;504.0;333.75;-79.375;95.0;-0.68310546875;0.28631591796875;-0.65277099609375;-0.1590576171875;-0.11500000208616257;0.5420000553131104;0.19300000369548798;-0.9630000591278076;-0.17900000512599945;-0.015000000596046448
721256.0;-1.0789999961853027;0.3620000183582306;0.1770000010728836;49.75;17.5;6.6875;-307.0;-297.0;504.0;333.75;-79.375;95.0;-0.68310546875;0.28631591796875;-0.65277099609375;-0.1590576171875;-0.11500000208616257;0.5420000553131104;0.19300000369548798;-0.9630000591278076;-0.17900000512599945;-0.015000000596046448
721266.0;-1.1030000448226929;0.39400002360343933;0.1680000126361847;49.75;17.5;6.6875;-270.0;-323.0;534.0;333.25;-79.6875;94.25;-0.683349609375;0.28515625;-0.65216064453125;-0.16241455078125;-0.13900001347064972;0.5680000185966492;0.1810000091791153;-0.9640000462532043;-0.17400000989437103;-0.012000000104308128
721276.0;-1.1260000467300415;0.4280000329017639;0.15700000524520874;49.75;17.5;6.6875;-311.0;-380.0;597.0;332.625;-80.0625;93.25;-0.6837158203125;0.283935546875;-0.65142822265625;-0.16619873046875;-0.1600000113248825;0.5960000157356262;0.16700001060962677;-0.9670000672340393;-0.16100001335144043;-0.005000000353902578
721286.0;-1.1390000581741333;0.4710000157356262;0.14500001072883606;49.75;17.5;6.6875;-421.0;-458.0;688.0;331.9375;-80.5;92.0;-0.68402099609375;0.28265380859375;-0.650390625;-0.17083740234375;-0.1720000058412552;0.6320000290870667;0.1510000079870224;-0.9670000672340393;-0.16100001335144043;-0.005000000353902578
721296.0;-1.1410000324249268;0.4740000367164612;0.14500001072883606;49.75;17.5;6.6875;-552.0;-529.0;798.0;331.0625;-81.0;90.4375;-0.68426513671875;0.28143310546875;-0.649169921875;-0.1763916015625;-0.1720000058412552;0.6270000338554382;0.14600001275539398;-0.968000054359436;-0.15300001204013824;-0.0010000000474974513
721306.0;-1.1400001049041748;0.47300001978874207;0.15000000596046448;48.25;16.25;6.6875;-672.0;-569.0;932.0;330.0;-81.5625;88.5625;-0.684326171875;0.28033447265625;-0.64776611328125;-0.18316650390625;-0.17000000178813934;0.6160000562667847;0.14600001275539398;-0.9700000286102295;-0.14300000667572021;0.003000000026077032
721311.0;-1.1380000114440918;0.46400001645088196;0.15900000929832458;48.25;16.25;6.6875;-796.0;-589.0;1083.0;328.8125;-82.1875;86.3125;-0.68408203125;0.2789306640625;-0.64642333984375;-0.190673828125;-0.16700001060962677;0.597000002861023;0.15000000596046448;-0.971000075340271;-0.13199999928474426;0.00800000037997961
721321.0;-1.1680001020431519;0.45600003004074097;0.20600001513957977;48.25;16.25;6.6875;-961.0;-610.0;1240.0;327.4375;-82.875;83.5625;-0.6834716796875;0.27752685546875;-0.64508056640625;-0.19927978515625;-0.1940000057220459;0.5760000348091125;0.19300000369548798;-0.9730000495910645;-0.11900000274181366;0.013000000268220901
721331.0;-1.193000078201294;0.44600000977516174;0.24300001561641693;48.25;16.25;6.6875;-1163.0;-631.0;1361.0;325.875;-83.6875;6.1875;-0.68243408203125;0.27642822265625;-0.6435546875;-0.2091064453125;-0.21900001168251038;0.5520000457763672;0.22500000894069672;-0.9740000367164612;-0.10600000619888306;0.018000001087784767
721341.0;-1.2230000495910645;0.42000001668930054;0.23400001227855682;48.25;16.25;6.6875;-1340.0;-662.0;1427.0;324.1875;-84.4375;5.3125;-0.68109130859375;0.27569580078125;-0.6417236328125;-0.2197265625;-0.24700000882148743;0.5120000243186951;0.21000000834465027;-0.9760000705718994;-0.09100000560283661;0.023000001907348633
721351.0;-1.2740000486373901;0.37300002574920654;0.2160000056028366;50.5;14.0625;6.6875;-1445.0;-708.0;1446.0;322.25;-85.125;4.5;-0.67926025390625;0.27630615234375;-0.6390380859375;-0.23211669921875;-0.2970000207424164;0.45000001788139343;0.1860000044107437;-0.9770000576972961;-0.07700000703334808;0.029000001028180122
721361.0;-1.283000111579895;0.35100001096725464;0.20500001311302185;50.5;14.0625;6.6875;-1463.0;-762.0;1464.0;320.5;-85.75;3.625;-0.6778564453125;0.275634765625;-0.6365966796875;-0.24334716796875;-0.3060000240802765;0.4140000343322754;0.16900001466274261;-0.9770000576972961;-0.06200000271201134;0.036000002175569534
721367.0;-1.283000111579895;0.35100001096725464;0.20500001311302185;50.5;14.0625;6.6875;-1463.0;-762.0;1464.0;320.5;-85.75;3.625;-0.6778564453125;0.275634765625;-0.6365966796875;-0.24334716796875;-0.3060000240802765;0.4140000343322754;0.16900001466274261;-0.9770000576972961;-0.06200000271201134;0.036000002175569534
721377.0;-1.2930001020431519;0.33900001645088196;0.19500000774860382;50.5;14.0625;6.6875;-1396.0;-805.0;1499.0;318.75;-86.1875;2.75;-0.67657470703125;0.2745361328125;-0.63409423828125;-0.25457763671875;-0.3140000104904175;0.38600000739097595;0.1510000079870224;-0.9780000448226929;-0.04700000211596489;0.04400000348687172
721387.0;-1.2970000505447388;0.3400000035762787;0.1980000138282776;50.5;14.0625;6.6875;-1266.0;-799.0;1568.0;317.0;-86.375;1.875;-0.67523193359375;0.272705078125;-0.63177490234375;-0.26556396484375;-0.31800001859664917;0.3720000088214874;0.14600001275539398;-0.9780000448226929;-0.03200000151991844;0.05100000277161598
721397.0;-1.3290001153945923;0.33500000834465027;0.22800001502037048;50.5;14.0625;6.6875;-1085.0;-807.0;1650.0;315.375;-86.3125;0.875;-0.67401123046875;0.26995849609375;-0.62969970703125;-0.27618408203125;-0.35100001096725464;0.35100001096725464;0.1680000126361847;-0.9780000448226929;-0.015000000596046448;0.06000000238418579
721407.0;-1.3440001010894775;0.3240000009536743;0.22800001502037048;50.1875;10.375;5.875;-908.0;-787.0;1756.0;313.625;-86.0;-0.0625;-0.67230224609375;0.2672119140625;-0.62762451171875;-0.2877197265625;-0.3660000264644623;0.32200002670288086;0.1600000113248825;-0.9780000448226929;0.0010000000474974513;0.06800000369548798
721416.0;-1.3440001010894775;0.3240000009536743;0.22800001502037048;50.1875;10.375;5.875;-769.0;-787.0;1849.0;312.0625;-85.375;-1.125;-0.67095947265625;0.2625732421875;-0.626220703125;-0.29791259765625;-0.3830000162124634;0.29600000381469727;0.17100000381469727;-0.9770000576972961;0.020000001415610313;0.07600000500679016
721426.0;-1.3600000143051147;0.3160000145435333;0.24700000882148743;50.1875;10.375;5.875;-707.0;-826.0;1904.0;310.5625;-84.5;-2.25;-0.669677734375;0.25750732421875;-0.624755859375;-0.30810546875;-0.3880000114440918;0.2900000214576721;0.18300001323223114;-0.9760000705718994;0.039000000804662704;0.08500000089406967
721436.0;-1.3640000820159912;0.3290000259876251;0.2680000066757202;50.1875;10.375;5.875;-714.0;-828.0;1926.0;309.0;-83.5;-3.375;-0.668212890625;0.2523193359375;-0.62322998046875;-0.318359375;-0.3830000162124634;0.328000009059906;0.17100000381469727;-0.9740000367164612;0.058000002056360245;0.09300000220537186
721446.0;-1.3570001125335693;0.38700002431869507;0.26500001549720764;50.1875;10.375;5.875;-780.0;-836.0;1960.0;307.4375;-82.375;-37.0;-0.6666259765625;0.2471923828125;-0.62152099609375;-0.32891845703125;-0.3960000276565552;0.328000009059906;0.15400001406669617;-0.9720000624656677;0.07700000703334808;0.10300000756978989
721456.0;-1.3680000305175781;0.406000018119812;0.25699999928474426;50.1875;10.375;5.875;-780.0;-836.0;1960.0;305.6875;-81.1875;-40.8125;-0.66455078125;0.242431640625;-0.61932373046875;-0.340576171875;-0.41100001335144043;0.2900000214576721;0.13600000739097595;-0.9690000414848328;0.09700000286102295;0.11300000548362732
721461.0;-1.38100004196167;0.38700002431869507;0.25;51.25;6.0;3.75;-917.0;-888.0;2037.0;305.6875;-81.1875;-40.8125;-0.6624755859375;0.237548828125;-0.61651611328125;-0.35296630859375;-0.4270000159740448;0.2240000069141388;0.14400000870227814;-0.9650000333786011;0.11800000816583633;0.12400000542402267
721471.0;-1.3920000791549683;0.34200000762939453;0.2680000066757202;51.25;6.0;3.75;-1347.0;-1133.0;2278.0;301.875;-78.4375;-45.3125;-0.66015625;0.23272705078125;-0.61285400390625;-0.36669921875;-0.44300001859664917;0.14300000667572021;0.17600001394748688;-0.9600000381469727;0.13900001347064972;0.13700000941753387
721481.0;-1.4040000438690186;0.28200000524520874;0.3140000104904175;51.25;6.0;3.75;-1496.0;-1302.0;2425.0;299.75;-76.8125;-46.5;-0.65771484375;0.2275390625;-0.6082763671875;-0.38153076171875;-0.445000022649765;0.11400000751018524;0.20200000703334808;-0.9550000429153442;0.16100001335144043;0.15300001204013824
721491.0;-1.4000000953674316;0.2760000228881836;0.35500001907348633;51.25;6.0;3.75;-1565.0;-1431.0;2539.0;297.5625;-75.125;-47.1875;-0.6552734375;0.221923828125;-0.6031494140625;-0.39703369140625;-0.42900002002716064;0.10600000619888306;0.19600000977516174;-0.9470000267028809;0.18400001525878906;0.17000000178813934
721494.0;-1.4000000953674316;0.2760000228881836;0.35500001907348633;51.25;6.0;3.75;-1565.0;-1431.0;2539.0;297.5625;-75.125;-47.1875;-0.6552734375;0.221923828125;-0.6031494140625;-0.39703369140625;-0.42900002002716064;0.10600000619888306;0.19600000977516174;-0.9470000267028809;0.18400001525878906;0.17000000178813934
721504.0;-1.377000093460083;0.2900000214576721;0.367000013589859;51.25;6.0;3.75;-1565.0;-1431.0;2539.0;297.5625;-75.125;-47.1875;-0.6552734375;0.221923828125;-0.6031494140625;-0.39703369140625;-0.4440000355243683;0.19700001180171967;0.16300000250339508;-0.9390000700950623;0.2070000171661377;0.18800000846385956
721514.0;-1.3840000629425049;0.40400001406669617;0.35200002789497375;51.5;1.0625;2.1875;-1644.0;-1500.0;2576.0;295.3125;-73.375;-47.5625;-0.652587890625;0.2161865234375;-0.597412109375;-0.41290283203125;-0.41600000858306885;0.13500000536441803;0.15900000929832458;-0.9290000200271606;0.2330000102519989;0.21000000834465027
721524.0;-1.3450000286102295;0.3680000305175781;0.36900001764297485;51.5;1.0625;2.1875;-1761.0;-1718.0;3047.0;290.4375;-69.1875;-48.125;-0.6458740234375;0.20123291015625;-0.58416748046875;-0.448486328125;-0.40700000524520874;0.07700000703334808;0.15000000596046448;-0.9160000681877136;0.2580000162124634;0.23200000822544098
721525.0;-1.3450000286102295;0.3680000305175781;0.36900001764297485;51.5;1.0625;2.1875;-1761.0;-1718.0;3047.0;290.4375;-69.1875;-48.125;-0.6458740234375;0.20123291015625;-0.58416748046875;-0.448486328125;-0.40700000524520874;0.07700000703334808;0.15000000596046448;-0.9160000681877136;0.2580000162124634;0.23200000822544098
721535.0;-1.3240001201629639;0.3360000252723694;0.38200002908706665;51.5;1.0625;2.1875;-1727.0;-1795.0;3035.0;288.0625;-67.0625;-48.125;-0.64239501953125;0.19305419921875;-0.576904296875;-0.46612548828125;-0.3800000250339508;0.02500000037252903;0.15300001204013824;-0.9030000567436218;0.2840000092983246;0.2540000081062317
721545.0;-1.283000111579895;0.30900001525878906;0.40800002217292786;51.5;1.0625;2.1875;-1693.0;-1863.0;3081.0;285.625;-64.8125;-48.125;-0.638427734375;0.18408203125;-0.569580078125;-0.48388671875;-0.38100001215934753;0.029000001028180122;0.17400000989437103;-0.8870000243186951;0.3100000023841858;0.2770000100135803
721555.0;-1.2690000534057617;0.33900001645088196;0.4520000219345093;51.5;1.0625;2.1875;-1648.0;-1905.0;3228.0;285.625;-64.8125;-48.125;-0.638427734375;0.18408203125;-0.569580078125;-0.48388671875;-0.38100001215934753;0.029000001028180122;0.17400000989437103;-0.8870000243186951;0.3100000023841858;0.2770000100135803
721565.0;-1.2580000162124634;0.34800001978874207;0.44200003147125244;49.375;-6.25;-1.5625;-1493.0;-1925.0;3342.0;283.3125;-62.5625;-48.1875;-0.634033203125;0.174072265625;-0.5623779296875;-0.50140380859375;-0.3880000114440918;0.012000000104308128;0.1420000046491623;-0.8700000643730164;0.3360000252723694;0.30000001192092896
721569.0;-1.2580000162124634;0.34800001978874207;0.44200003147125244;49.375;-6.25;-1.5625;-1493.0;-1925.0;3342.0;283.3125;-62.5625;-48.1875;-0.634033203125;0.174072265625;-0.5623779296875;-0.50140380859375;-0.3880000114440918;0.012000000104308128;0.1420000046491623;-0.8700000643730164;0.3360000252723694;0.30000001192092896
721579.0;-1.2340000867843628;0.3540000021457672;0.4480000138282776;49.375;-6.25;-1.5625;-1326.0;-1938.0;3399.0;281.0;-60.25;-48.25;-0.62469482421875;0.15155029296875;-0.54852294921875;-0.53472900390625;-0.37400001287460327;-0.04400000348687172;0.11000000685453415;-0.8300000429153442;0.3890000283718109;0.3450000286102295
721589.0;-1.2040001153945923;0.3450000286102295;0.45500001311302185;49.375;-6.25;-1.5625;-1146.0;-1971.0;3438.0;278.8125;-57.875;-48.375;-0.6197509765625;0.13897705078125;-0.5419921875;-0.55035400390625;-0.33900001645088196;-0.04000000283122063;0.1510000079870224;-0.8080000281333923;0.41600000858306885;0.3660000264644623
721599.0;-1.1480000019073486;0.3750000298023224;0.5170000195503235;49.375;-6.25;-1.5625;-935.0;-1979.0;3467.0;276.75;-55.5;-48.5625;-0.6146240234375;0.125732421875;-0.535888671875;-0.56500244140625;-0.3410000205039978;-0.026000000536441803;0.14500001072883606;-0.7850000262260437;0.44200003147125244;0.38600000739097595
721603.0;-1.1260000467300415;0.4150000214576721;0.531000018119812;49.375;-6.25;-1.5625;-727.0;-1963.0;3451.0;274.8125;-53.1875;-48.8125;-0.6146240234375;0.125732421875;-0.535888671875;-0.56500244140625;-0.3410000205039978;-0.026000000536441803;0.14500001072883606;-0.7850000262260437;0.44200003147125244;0.38600000739097595
721613.0;-1.1200000047683716;0.45000001788139343;0.5460000038146973;48.1875;-14.875;-8.0625;-578.0;-1984.0;3382.0;272.9375;-50.875;-49.0625;-0.60968017578125;0.11212158203125;-0.52984619140625;-0.57879638671875;-0.359000027179718;-0.01600000075995922;0.14000000059604645;-0.7600000500679016;0.46700000762939453;0.4050000309944153
721623.0;-1.1110000610351562;0.49900001287460327;0.5230000019073486;48.1875;-14.875;-8.0625;-518.0;-2019.0;3327.0;271.1875;-48.5;-49.1875;-0.60467529296875;0.0982666015625;-0.52362060546875;-0.592041015625;-0.3840000033378601;0.005000000353902578;0.08700000494718552;-0.7080000042915344;0.5139999985694885;0.44200003147125244
721633.0;-1.0920000076293945;0.5190000534057617;0.5290000438690186;48.1875;-14.875;-8.0625;-530.0;-2065.0;3325.0;269.4375;-46.1875;-49.25;-0.599609375;0.08428955078125;-0.5169677734375;-0.60504150390625;-0.3840000033378601;-0.004000000189989805;0.08800000697374344;-0.6790000200271606;0.5360000133514404;0.46000000834465027
721636.0;-1.0920000076293945;0.5190000534057617;0.5290000438690186;48.1875;-14.875;-8.0625;-530.0;-2065.0;3325.0;269.4375;-46.1875;-49.25;-0.599609375;0.08428955078125;-0.5169677734375;-0.60504150390625;-0.3840000033378601;-0.004000000189989805;0.08800000697374344;-0.6790000200271606;0.5360000133514404;0.46000000834465027
721646.0;-1.0630000829696655;0.531000018119812;0.5490000247955322;48.1875;-14.875;-8.0625;-542.0;-2099.0;3352.0;267.75;-43.8125;-49.3125;-0.59423828125;0.07012939453125;-0.50994873046875;-0.61798095703125;-0.3850000202655792;-0.010000000707805157;0.09300000220537186;-0.6490000486373901;0.5570000410079956;0.4780000150203705
721656.0;-1.0350000858306885;0.5460000038146973;0.5710000395774841;48.1875;-14.875;-8.0625;-502.0;-2132.0;3372.0;266.0625;-41.4375;-49.3125;-0.58868408203125;0.0556640625;-0.50274658203125;-0.63055419921875;-0.3850000202655792;-0.010000000707805157;0.09300000220537186;-0.6490000486373901;0.5570000410079956;0.4780000150203705
721666.0;-0.9540000557899475;0.6130000352859497;0.5860000252723694;43.0;-21.5625;-12.375;-430.0;-2151.0;3377.0;264.375;-39.0625;-49.3125;-0.5828857421875;0.0408935546875;-0.49554443359375;-0.64263916015625;-0.3360000252723694;0.03500000014901161;0.09000000357627869;-0.6180000305175781;0.5770000219345093;0.49500003457069397
721672.0;-0.9170000553131104;0.6470000147819519;0.593000054359436;43.0;-21.5625;-12.375;-336.0;-2168.0;3358.0;262.8125;-36.625;-49.375;-0.57696533203125;0.0257568359375;-0.48834228515625;-0.6541748046875;-0.3320000171661377;0.049000002443790436;0.0820000022649765;-0.5520000457763672;0.6160000562667847;0.5260000228881836
721682.0;-0.8910000324249268;0.6830000281333923;0.6010000109672546;43.0;-21.5625;-12.375;-208.0;-2179.0;3306.0;261.25;-34.25;-49.5;-0.57098388671875;0.0103759765625;-0.4813232421875;-0.66497802734375;-0.33900001645088196;0.06700000166893005;0.07400000095367432;-0.5520000457763672;0.6160000562667847;0.5260000228881836
721692.0;-0.8800000548362732;0.7170000076293945;0.612000048160553;43.0;-21.5625;-12.375;-74.0;-2202.0;3259.0;259.8125;-31.875;-49.625;-0.5650634765625;-0.00543212890625;-0.4744873046875;-0.6749267578125;-0.36100003123283386;0.08300000429153442;0.07300000637769699;-0.5180000066757202;0.6340000033378601;0.5390000343322754
721702.0;-0.8580000400543213;0.7470000386238098;0.612000048160553;43.0;-21.5625;-12.375;2.0;-2225.0;3261.0;258.4375;-29.5;-49.75;-0.55889892578125;-0.02154541015625;-0.4676513671875;-0.6844482421875;-0.3750000298023224;0.09600000083446503;0.06100000441074371;-0.4830000102519989;0.6510000228881836;0.550000011920929
721706.0;-0.8580000400543213;0.7470000386238098;0.612000048160553;43.0;-21.5625;-12.375;2.0;-2225.0;3261.0;258.4375;-29.5;-49.75;-0.55889892578125;-0.02154541015625;-0.4676513671875;-0.6844482421875;-0.3750000298023224;0.09600000083446503;0.06100000441074371;-0.4830000102519989;0.6510000228881836;0.550000011920929
721716.0;-0.8380000591278076;0.7500000596046448;0.6180000305175781;35.5625;-29.375;-17.375;-4.0;-2251.0;3307.0;257.0;-27.125;-49.875;-0.5523681640625;-0.037841796875;-0.4605712890625;-0.69378662109375;-0.39000001549720764;0.0820000022649765;0.0560000017285347;-0.44700002670288086;0.6670000553131104;0.5610000491142273
721726.0;-0.8080000281333923;0.7460000514984131;0.6080000400543213;35.5625;-29.375;-17.375;-89.0;-2281.0;3381.0;255.5625;-24.6875;-49.9375;-0.54541015625;-0.05413818359375;-0.4527587890625;-0.7032470703125;-0.398000031709671;0.06300000101327896;0.03500000014901161;-0.4090000092983246;0.6820000410079956;0.5720000267028809
721736.0;-0.7780000567436218;0.7360000610351562;0.5920000076293945;35.5625;-29.375;-17.375;-239.0;-2309.0;3433.0;254.0625;-22.1875;-49.9375;-0.53814697265625;-0.0701904296875;-0.44415283203125;-0.712890625;-0.40800002217292786;0.04100000113248825;0.00800000037997961;-0.3700000047683716;0.6950000524520874;0.5840000510215759
721741.0;-0.7230000495910645;0.7300000190734863;0.581000030040741;35.5625;-29.375;-17.375;-434.0;-2348.0;3472.0;252.5625;-19.625;-49.75;-0.53057861328125;-0.0859375;-0.4344482421875;-0.72271728515625;-0.3920000195503235;0.02500000037252903;-0.014000000432133675;-0.33000001311302185;0.7050000429153442;0.5950000286102295
721751.0;-0.6880000233650208;0.7380000352859497;0.5840000510215759;35.5625;-29.375;-17.375;-647.0;-2404.0;3495.0;251.0;-17.125;-49.4375;-0.52294921875;-0.10125732421875;-0.42352294921875;-0.73272705078125;-0.39900001883506775;0.026000000536441803;-0.024000000208616257;-0.2880000174045563;0.7120000123977661;0.6080000400543213
721761.0;-0.6360000371932983;0.7360000610351562;0.5980000495910645;27.5;-33.5625;-21.5;-852.0;-2444.0;3521.0;249.4375;-14.5;-49.0;-0.51507568359375;-0.1162109375;-0.4114990234375;-0.74285888671875;-0.39000001549720764;0.01900000125169754;-0.023000001907348633;-0.2460000067949295;0.7160000205039978;0.6220000386238098
721771.0;-0.550000011920929;0.6920000314712524;0.6290000081062317;27.5;-33.5625;-21.5;-1040.0;-2463.0;3575.0;247.875;-11.9375;-48.4375;-0.50689697265625;-0.13079833984375;-0.3984375;-0.75311279296875;-0.34700000286102295;-0.026000000536441803;-0.006000000052154064;-0.20200000703334808;0.718000054359436;0.6350000500679016
721774.0;-0.550000011920929;0.6920000314712524;0.6290000081062317;27.5;-33.5625;-21.5;-1040.0;-2463.0;3575.0;247.875;-11.9375;-48.4375;-0.50689697265625;-0.13079833984375;-0.3984375;-0.75311279296875;-0.34700000286102295;-0.026000000536441803;-0.006000000052154064;-0.20200000703334808;0.718000054359436;0.6350000500679016
721784.0;-0.5080000162124634;0.6550000309944153;0.628000020980835;27.5;-33.5625;-21.5;-1177.0;-2477.0;3634.0;246.25;-9.25;-47.8125;-0.49835205078125;-0.14508056640625;-0.384521484375;-0.76336669921875;-0.3500000238418579;-0.06100000441074371;-0.020000001415610313;-0.15800000727176666;0.7170000076293945;0.6490000486373901
721794.0;-0.4740000367164612;0.6210000514984131;0.6350000500679016;27.5;-33.5625;-21.5;-1248.0;-2492.0;3648.0;244.625;-6.625;-47.125;-0.489501953125;-0.1591796875;-0.3699951171875;-0.77337646484375;-0.36000001430511475;-0.09300000220537186;-0.026000000536441803;-0.11300000548362732;0.7140000462532043;0.6620000600814819
721804.0;-0.44300001859664917;0.5950000286102295;0.6460000276565552;27.5;-33.5625;-21.5;-1292.0;-2514.0;3590.0;243.0625;-4.0;-46.375;-0.480712890625;-0.173095703125;-0.3551025390625;-0.7828369140625;-0.37400001287460327;-0.1120000034570694;-0.02800000086426735;-0.0690000057220459;0.7080000042915344;0.6740000247955322
721808.0;-0.44300001859664917;0.5950000286102295;0.6460000276565552;27.5;-33.5625;-21.5;-1292.0;-2514.0;3590.0;243.0625;-4.0;-46.375;-0.480712890625;-0.173095703125;-0.3551025390625;-0.7828369140625;-0.37400001287460327;-0.1120000034570694;-0.02800000086426735;-0.0690000057220459;0.7080000042915344;0.6740000247955322
721818.0;-0.37700000405311584;0.5610000491142273;0.6210000514984131;17.75;-37.1875;-25.875;-1301.0;-2529.0;3456.0;241.625;-1.4375;-45.625;-0.47222900390625;-0.1866455078125;-0.340087890625;-0.79150390625;-0.35100001096725464;-0.13900001347064972;-0.06400000303983688;-0.02500000037252903;0.7000000476837158;0.6850000619888306
721828.0;-0.37700000405311584;0.5610000491142273;0.6210000514984131;17.75;-37.1875;-25.875;-1272.0;-2528.0;3290.0;240.25;1.0;-44.8125;-0.46417236328125;-0.19989013671875;-0.32513427734375;-0.79931640625;-0.3450000286102295;-0.13900001347064972;-0.10100000351667404;0.017000000923871994;0.6910000443458557;0.6940000057220459
721838.0;-0.328000009059906;0.5520000457763672;0.593000054359436;17.75;-37.1875;-25.875;-1225.0;-2490.0;3160.0;239.0;3.375;-44.0625;-0.456298828125;-0.2127685546875;-0.3104248046875;-0.80633544921875;-0.33800002932548523;-0.1469999998807907;-0.1550000011920929;0.058000002056360245;0.6810000538825989;0.7020000219345093
721842.0;-0.27900001406669617;0.5330000519752502;0.5470000505447388;17.75;-37.1875;-25.875;-1197.0;-2443.0;3040.0;237.75;5.75;-43.3125;-0.4486083984375;-0.2252197265625;-0.29595947265625;-0.81268310546875;-0.3400000035762787;-0.14800000190734863;-0.18200001120567322;0.09800000488758087;0.6690000295639038;0.7090000510215759
721852.0;-0.242000013589859;0.5200000405311584;0.5270000100135803;17.75;-37.1875;-25.875;-1208.0;-2411.0;2893.0;236.625;8.0;-42.5625;-0.4412841796875;-0.2371826171875;-0.28155517578125;-0.818359375;-0.3270000219345093;-0.16700001060962677;-0.22100001573562622;0.13700000941753387;0.6570000052452087;0.7140000462532043
721862.0;-0.1900000125169754;0.48900002241134644;0.4930000305175781;17.75;-37.1875;-25.875;-1208.0;-2411.0;2893.0;235.625;10.1875;-41.75;-0.43450927734375;-0.24859619140625;-0.26708984375;-0.823486328125;-0.3240000009536743;-0.17800000309944153;-0.23900000751018524;0.1730000078678131;0.6430000066757202;0.7190000414848328
721872.0;-0.15000000596046448;0.46400001645088196;0.48000001907348633;6.25;-38.5;-29.25;-1263.0;-2389.0;2736.0;234.6875;12.3125;-40.875;-0.42828369140625;-0.25946044921875;-0.2523193359375;-0.8280029296875;-0.32600000500679016;-0.1850000023841858;-0.23100000619888306;0.20900000631809235;0.6270000338554382;0.7230000495910645
721875.0;-0.15000000596046448;0.46400001645088196;0.48000001907348633;6.25;-38.5;-29.25;-1263.0;-2389.0;2736.0;234.6875;12.3125;-40.875;-0.42828369140625;-0.25946044921875;-0.2523193359375;-0.8280029296875;-0.32600000500679016;-0.1850000023841858;-0.23100000619888306;0.20900000631809235;0.6270000338554382;0.7230000495910645
721885.0;-0.11600000411272049;0.4410000145435333;0.492000013589859;6.25;-38.5;-29.25;-1443.0;-2387.0;2506.0;233.8125;14.375;-40.0;-0.42236328125;-0.26995849609375;-0.23712158203125;-0.8321533203125;-0.30900001525878906;-0.15700000524520874;-0.26900002360343933;0.24400001764297485;0.6100000143051147;0.7270000576972961
721895.0;-0.0650000050663948;0.453000009059906;0.4570000171661377;6.25;-38.5;-29.25;-1526.0;-2379.0;2467.0;232.9375;16.4375;-39.0;-0.4166259765625;-0.280029296875;-0.2215576171875;-0.8360595703125;-0.320000022649765;-0.15000000596046448;-0.26600000262260437;0.27800002694129944;0.5920000076293945;0.7300000190734863
721905.0;-0.04200000315904617;0.4410000145435333;0.46400001645088196;6.25;-38.5;-29.25;-1582.0;-2357.0;2477.0;232.125;18.5;-37.9375;-0.41070556640625;-0.289794921875;-0.2056884765625;-0.83966064453125;-0.328000009059906;-0.15600000321865082;-0.26100000739097595;0.3110000193119049;0.5720000267028809;0.7330000400543213
721909.0;-0.04200000315904617;0.4410000145435333;0.46400001645088196;6.25;-38.5;-29.25;-1582.0;-2357.0;2477.0;232.125;18.5;-37.9375;-0.41070556640625;-0.289794921875;-0.2056884765625;-0.83966064453125;-0.328000009059906;-0.15600000321865082;-0.26100000739097595;0.3110000193119049;0.5720000267028809;0.7330000400543213
721919.0;-0.01600000075995922;0.41600000858306885;0.4710000157356262;6.25;-38.5;-29.25;-1582.0;-2357.0;2477.0;232.125;18.5;-37.9375;-0.41070556640625;-0.289794921875;-0.2056884765625;-0.83966064453125;-0.3410000205039978;-0.16300000250339508;-0.28200000524520874;0.3440000116825104;0.550000011920929;0.734000027179718
721929.0;0.003000000026077032;0.38600000739097595;0.4520000219345093;-3.0;-35.5;-32.5625;-1610.0;-2341.0;2544.0;231.1875;20.5625;-36.8125;-0.40435791015625;-0.29937744140625;-0.18951416015625;-0.84320068359375;-0.30900001525878906;-0.20200000703334808;-0.328000009059906;0.37700000405311584;0.527999997138977;0.734000027179718
721939.0;0.06800000369548798;0.32600000500679016;0.4050000309944153;-3.0;-35.5;-32.5625;-1597.0;-2337.0;2621.0;229.25;24.75;-34.5625;-0.389892578125;-0.318603515625;-0.1571044921875;-0.84954833984375;-0.30900001525878906;-0.20100000500679016;-0.33800002932548523;0.4100000262260437;0.5049999952316284;0.7330000400543213
721943.0;0.10000000149011612;0.30400002002716064;0.39500001072883606;-3.0;-35.5;-32.5625;-1518.0;-2347.0;2702.0;228.1875;26.875;-33.375;-0.3817138671875;-0.32855224609375;-0.14111328125;-0.852294921875;-0.30400002002716064;-0.18300001323223114;-0.33500000834465027;0.44300001859664917;0.48100003600120544;0.7290000319480896
721953.0;0.13900001347064972;0.2980000078678131;0.39400002360343933;-3.0;-35.5;-32.5625;-1426.0;-2368.0;2787.0;227.0625;29.0;-32.1875;-0.372802734375;-0.33856201171875;-0.12518310546875;-0.8548583984375;-0.3050000071525574;-0.16300000250339508;-0.3400000035762787;0.47600001096725464;0.4570000171661377;0.7250000238418579
721963.0;0.17000000178813934;0.2930000126361847;0.3840000033378601;-3.0;-35.5;-32.5625;-1359.0;-2366.0;2878.0;227.0625;29.0;-32.1875;-0.372802734375;-0.33856201171875;-0.12518310546875;-0.8548583984375;-0.3050000071525574;-0.16300000250339508;-0.3400000035762787;0.47600001096725464;0.4570000171661377;0.7250000238418579
721973.0;0.22100001573562622;0.26600000262260437;0.3760000169277191;-12.0;-32.875;-34.5625;-1350.0;-2356.0;2946.0;225.9375;31.1875;-30.9375;-0.36334228515625;-0.348388671875;-0.10919189453125;-0.85711669921875;-0.28600001335144043;-0.16500000655651093;-0.34200000762939453;0.5070000290870667;0.4310000240802765;0.7190000414848328
721977.0;0.22100001573562622;0.26600000262260437;0.3760000169277191;-12.0;-32.875;-34.5625;-1350.0;-2356.0;2946.0;225.9375;31.1875;-30.9375;-0.36334228515625;-0.348388671875;-0.10919189453125;-0.85711669921875;-0.28600001335144043;-0.16500000655651093;-0.34200000762939453;0.5070000290870667;0.4310000240802765;0.7190000414848328
721987.0;0.24300001561641693;0.2510000169277191;0.3750000298023224;-12.0;-32.875;-34.5625;-1389.0;-2343.0;2970.0;224.75;33.3125;-29.5625;-0.3441162109375;-0.3673095703125;-0.076416015625;-0.8607177734375;-0.29200002551078796;-0.14500001072883606;-0.35200002789497375;0.5680000185966492;0.3760000169277191;0.7040000557899475
721997.0;0.2760000228881836;0.23100000619888306;0.35200002789497375;-12.0;-32.875;-34.5625;-1433.0;-2349.0;2961.0;223.5625;35.375;-28.125;-0.33453369140625;-0.37646484375;-0.0596923828125;-0.86187744140625;-0.26500001549720764;-0.1510000079870224;-0.3320000171661377;0.597000002861023;0.34700000286102295;0.6950000524520874
722007.0;0.3320000171661377;0.19600000977516174;0.3630000054836273;-12.0;-32.875;-34.5625;-1477.0;-2364.0;2927.0;222.375;37.5;-26.5625;-0.32513427734375;-0.38543701171875;-0.04296875;-0.86248779296875;-0.2630000114440918;-0.1469999998807907;-0.3400000035762787;0.6240000128746033;0.31800001859664917;0.6850000619888306
722011.0;0.36000001430511475;0.17100000381469727;0.3440000116825104;-12.0;-32.875;-34.5625;-1503.0;-2375.0;2868.0;221.3125;39.5;-24.875;-0.32513427734375;-0.38543701171875;-0.04296875;-0.86248779296875;-0.2630000114440918;-0.1469999998807907;-0.3400000035762787;0.6240000128746033;0.31800001859664917;0.6850000619888306
722021.0;0.3710000216960907;0.1469999998807907;0.3360000252723694;-20.5;-27.0625;-35.375;-1479.0;-2409.0;2781.0;220.1875;41.5625;-23.1875;-0.31597900390625;-0.3944091796875;-0.02642822265625;-0.86248779296875;-0.27900001406669617;-0.14100000262260437;-0.3370000123977661;0.6500000357627869;0.289000004529953;0.6740000247955322
722031.0;0.3760000169277191;0.12400000542402267;0.31800001859664917;-20.5;-27.0625;-35.375;-1405.0;-2399.0;2725.0;219.125;43.5;-21.4375;-0.3067626953125;-0.40325927734375;-0.01031494140625;-0.862060546875;-0.27300000190734863;-0.18700000643730164;-0.42000001668930054;0.6980000138282776;0.23100000619888306;0.6480000019073486
722041.0;0.42500001192092896;0.04400000348687172;0.22700001299381256;-20.5;-27.0625;-35.375;-1285.0;-2313.0;2783.0;218.0;45.4375;-19.5625;-0.296875;-0.41180419921875;0.00518798828125;-0.861572265625;-0.26200002431869507;-0.19300000369548798;-0.39000001549720764;0.7210000157356262;0.20200000703334808;0.6320000290870667
722044.0;0.42500001192092896;0.04400000348687172;0.22700001299381256;-20.5;-27.0625;-35.375;-1285.0;-2313.0;2783.0;218.0;45.4375;-19.5625;-0.296875;-0.41180419921875;0.00518798828125;-0.861572265625;-0.26200002431869507;-0.19300000369548798;-0.39000001549720764;0.7210000157356262;0.20200000703334808;0.6320000290870667
722054.0;0.4580000340938568;0.009000000543892384;0.242000013589859;-20.5;-27.0625;-35.375;-1059.0;-2337.0;2803.0;216.75;47.3125;-17.75;-0.28631591796875;-0.42059326171875;0.019775390625;-0.86065673828125;-0.2370000183582306;-0.1810000091791153;-0.3490000069141388;0.7420000433921814;0.17600001394748688;0.6160000562667847
722064.0;0.5040000081062317;-0.004000000189989805;0.26600000262260437;-20.5;-27.0625;-35.375;-785.0;-2362.0;2714.0;215.5;49.125;-16.0;-0.27545166015625;-0.42974853515625;0.03289794921875;-0.8592529296875;-0.2370000183582306;-0.1810000091791153;-0.3490000069141388;0.7420000433921814;0.17600001394748688;0.6160000562667847
722074.0;0.5020000338554382;0.01600000075995922;0.3270000219345093;-29.75;-21.875;-33.75;-486.0;-2399.0;2504.0;214.3125;50.9375;-14.375;-0.26470947265625;-0.439453125;0.04425048828125;-0.85723876953125;-0.2590000033378601;-0.13600000739097595;-0.27000001072883606;0.7610000371932983;0.15300001204013824;0.5980000495910645
722078.0;0.5020000338554382;0.01600000075995922;0.3270000219345093;-29.75;-21.875;-33.75;-486.0;-2399.0;2504.0;214.3125;50.9375;-14.375;-0.26470947265625;-0.439453125;0.04425048828125;-0.85723876953125;-0.2590000033378601;-0.13600000739097595;-0.27000001072883606;0.7610000371932983;0.15300001204013824;0.5980000495910645
722088.0;0.320000022649765;0.04700000211596489;0.35200002789497375;-29.75;-21.875;-33.75;-135.0;-2501.0;2324.0;213.0625;52.75;-13.0;-0.25390625;-0.449951171875;0.05377197265625;-0.8544921875;-0.46000000834465027;-0.0860000029206276;-0.22500000894069672;0.7990000247955322;0.11100000888109207;0.5560000538825989
722098.0;0.4870000183582306;0.03100000135600567;0.28200000524520874;-29.75;-21.875;-33.75;202.0;-2576.0;2780.0;211.4375;54.625;-11.375;-0.2401123046875;-0.46099853515625;0.06292724609375;-0.85198974609375;-0.31200000643730164;-0.08000000566244125;-0.27400001883506775;0.8180000185966492;0.0860000029206276;0.5330000519752502
722108.0;0.5690000057220459;-0.01900000125169754;0.2200000137090683;-29.75;-21.875;-33.75;401.0;-2563.0;3294.0;209.4375;56.5;-9.125;-0.223388671875;-0.4718017578125;0.07232666015625;-0.849853515625;-0.24900001287460327;-0.10500000417232513;-0.31300002336502075;0.8180000185966492;0.0860000029206276;0.5330000519752502
722116.0;0.628000020980835;-0.0650000050663948;0.19300000369548798;-29.75;-21.875;-33.75;553.0;-2603.0;3092.0;207.4375;58.3125;-6.9375;-0.20709228515625;-0.48284912109375;0.08062744140625;-0.8470458984375;-0.20600001513957977;-0.12700000405311584;-0.31700000166893005;0.8340000510215759;0.06200000271201134;0.5100000500679016
722126.0;0.6130000352859497;-0.12000000476837158;0.17100000381469727;-35.6875;-16.25;-31.25;589.0;-2592.0;2988.0;205.5;60.0625;-4.5;-0.19110107421875;-0.49371337890625;0.08837890625;-0.84375;-0.23600001633167267;-0.15900000929832458;-0.3150000274181366;0.8500000238418579;0.03800000250339508;0.4870000183582306
722136.0;0.5840000510215759;-0.14600001275539398;0.13600000739097595;-35.6875;-16.25;-31.25;596.0;-2563.0;3030.0;203.5;61.75;-1.75;-0.1748046875;-0.50421142578125;0.09619140625;-0.8402099609375;-0.27800002694129944;-0.1600000113248825;-0.3270000219345093;0.8630000352859497;0.014000000432133675;0.46300002932548523
722146.0;0.5540000200271606;-0.13600000739097595;0.10500000417232513;-35.6875;-16.25;-31.25;619.0;-2568.0;2875.0;201.5;63.3125;1.1875;-0.1590576171875;-0.51458740234375;0.10345458984375;-0.836181640625;-0.32100000977516174;-0.12700000405311584;-0.33400002121925354;0.8760000467300415;-0.009000000543892384;0.4400000274181366
722156.0;0.6290000081062317;-0.13500000536441803;0.0;-35.6875;-16.25;-31.25;604.0;-2478.0;2746.0;199.625;64.6875;4.375;-0.1439208984375;-0.5244140625;0.11029052734375;-0.8319091796875;-0.25699999928474426;-0.10300000756978989;-0.41700002551078796;0.8860000371932983;-0.03100000135600567;0.41700002551078796
722166.0;0.6970000267028809;-0.14300000667572021;-0.05700000375509262;-35.6875;-16.25;-31.25;518.0;-2356.0;2685.0;197.75;65.9375;7.875;-0.1292724609375;-0.53350830078125;0.11724853515625;-0.82757568359375;-0.1980000138282776;-0.08800000697374344;-0.4520000219345093;0.8950000405311584;-0.055000003427267075;0.39500001072883606
722171.0;0.7670000195503235;-0.19100001454353333;-0.08800000697374344;-41.875;-9.5;-26.375;265.0;-2177.0;2579.0;196.0;67.0;11.8125;-0.11590576171875;-0.54150390625;0.12481689453125;-0.8232421875;-0.1340000033378601;-0.1120000034570694;-0.46300002932548523;0.9020000696182251;-0.07800000160932541;0.37400001287460327
722181.0;0.8190000653266907;-0.2580000162124634;-0.13199999928474426;-41.875;-9.5;-26.375;-161.0;-1960.0;2397.0;194.5625;67.75;15.9375;-0.1046142578125;-0.54827880859375;0.133544921875;-0.81890869140625;-0.08800000697374344;-0.15600000321865082;-0.4880000352859497;0.9080000519752502;-0.10100000351667404;0.35600000619888306
722191.0;0.862000048160553;-0.41700002551078796;-0.2840000092983246;-41.875;-9.5;-26.375;-609.0;-1697.0;2221.0;193.375;68.3125;20.3125;-0.0955810546875;-0.55364990234375;0.1435546875;-0.814697265625;-0.049000002443790436;-0.29200002551078796;-0.6230000257492065;0.9110000729560852;-0.125;0.33900001645088196
722201.0;0.893000066280365;-0.47200003266334534;-0.289000004529953;-41.875;-9.5;-26.375;-935.0;-1422.0;2097.0;192.375;68.625;24.6875;-0.08819580078125;-0.55767822265625;0.1544189453125;-0.810791015625;-0.020000001415610313;-0.3230000138282776;-0.6130000352859497;0.9130000472068787;-0.14900000393390656;0.3230000138282776
722204.0;0.893000066280365;-0.47200003266334534;-0.289000004529953;-41.875;-9.5;-26.375;-935.0;-1422.0;2097.0;192.375;68.625;24.6875;-0.08819580078125;-0.55767822265625;0.1544189453125;-0.810791015625;-0.020000001415610313;-0.3230000138282776;-0.6130000352859497;0.9130000472068787;-0.14900000393390656;0.3230000138282776
722214.0;0.8980000615119934;-0.49800002574920654;-0.26200002431869507;-41.875;-9.5;-26.375;-1138.0;-1181.0;2000.0;191.5625;68.75;28.9375;-0.08203125;-0.56048583984375;0.16571044921875;-0.8072509765625;-0.015000000596046448;-0.32500001788139343;-0.5730000138282776;0.9140000343322754;-0.1720000058412552;0.3100000023841858
722224.0;0.8980000615119934;-0.49800002574920654;-0.26200002431869507;-44.5;-5.0625;-21.0625;-1261.0;-910.0;1907.0;190.8125;68.625;33.0;-0.07647705078125;-0.56219482421875;0.1768798828125;-0.80426025390625;-0.04400000348687172;-0.30900001525878906;-0.5680000185966492;0.9130000472068787;-0.1940000057220459;0.2990000247955322
722234.0;0.8680000305175781;-0.5040000081062317;-0.26900002360343933;-44.5;-5.0625;-21.0625;-1353.0;-673.0;1778.0;190.25;68.3125;36.625;-0.07232666015625;-0.56280517578125;0.1881103515625;-0.8016357421875;-0.1080000028014183;-0.2939999997615814;-0.5470000505447388;0.9110000729560852;-0.2150000035762787;0.2900000214576721
722239.0;0.8680000305175781;-0.5040000081062317;-0.26900002360343933;-44.5;-5.0625;-21.0625;-1353.0;-673.0;1778.0;190.25;68.3125;36.625;-0.07232666015625;-0.56280517578125;0.1881103515625;-0.8016357421875;-0.1080000028014183;-0.2939999997615814;-0.5470000505447388;0.9110000729560852;-0.2150000035762787;0.2900000214576721
722249.0;0.8020000457763672;-0.5100000500679016;-0.25699999928474426;-44.5;-5.0625;-21.0625;-1433.0;-481.0;1631.0;189.875;67.9375;39.875;-0.0692138671875;-0.5626220703125;0.19921875;-0.79937744140625;-0.11900000274181366;-0.30800002813339233;-0.5580000281333923;0.909000039100647;-0.23500001430511475;0.281000018119812
722259.0;0.7890000343322754;-0.5440000295639038;-0.2760000228881836;-44.5;-5.0625;-21.0625;-1485.0;-328.0;1451.0;189.625;67.5;42.75;-0.067138671875;-0.5618896484375;0.20989990234375;-0.79730224609375;-0.1380000114440918;-0.3060000240802765;-0.5420000553131104;0.906000018119812;-0.2540000081062317;0.27400001883506775
722269.0;0.7670000195503235;-0.5600000023841858;-0.2670000195503235;-44.5;-5.0625;-21.0625;-1511.0;-227.0;1268.0;189.4375;67.0625;45.1875;-0.0660400390625;-0.5609130859375;0.2200927734375;-0.79534912109375;-0.20200000703334808;-0.26600000262260437;-0.4870000183582306;0.9030000567436218;-0.27000001072883606;0.2680000066757202
722275.0;0.7000000476837158;-0.5360000133514404;-0.21800000965595245;-44.5;-5.0625;-21.0625;-1508.0;-140.0;1125.0;189.4375;66.625;47.375;-0.0655517578125;-0.55963134765625;0.22979736328125;-0.79351806640625;-0.21700000762939453;-0.2710000276565552;-0.4820000231266022;0.9000000357627869;-0.2850000262260437;0.26200002431869507
722285.0;0.6830000281333923;-0.5560000538825989;-0.21900001168251038;-46.75;0.5;-18.5625;-1508.0;-140.0;1125.0;189.4375;66.25;49.25;-0.065673828125;-0.55828857421875;0.23895263671875;-0.791748046875;-0.2070000171661377;-0.2760000228881836;-0.46400001645088196;0.8970000147819519;-0.2990000247955322;0.25699999928474426
722295.0;0.690000057220459;-0.5750000476837158;-0.2070000171661377;-46.75;0.5;-18.5625;-1449.0;-95.0;925.0;189.5;65.875;51.0625;-0.06591796875;-0.5570068359375;0.24774169921875;-0.7899169921875;-0.20100000500679016;-0.2840000092983246;-0.41100001335144043;0.8950000405311584;-0.3110000193119049;0.2510000169277191
722305.0;0.6930000185966492;-0.5960000157356262;-0.15900000929832458;-46.75;0.5;-18.5625;-1386.0;-81.0;893.0;189.5625;65.4375;52.6875;-0.066162109375;-0.5556640625;0.25616455078125;-0.78814697265625;-0.23800000548362732;-0.32600000500679016;-0.41600000858306885;0.8920000195503235;-0.3230000138282776;0.2460000067949295
722315.0;0.6530000567436218;-0.6500000357627869;-0.16900001466274261;-46.75;0.5;-18.5625;-1268.0;-80.0;854.0;189.625;65.0625;54.25;-0.06622314453125;-0.55438232421875;0.26397705078125;-0.7864990234375;-0.23800000548362732;-0.3190000057220459;-0.40400001406669617;0.8890000581741333;-0.33500000834465027;0.2410000115633011
722325.0;0.6510000228881836;-0.6550000309944153;-0.16300000250339508;-46.75;0.5;-18.5625;-1268.0;-80.0;854.0;189.625;65.0625;54.25;-0.06622314453125;-0.55438232421875;0.26397705078125;-0.7864990234375;-0.22100001573562622;-0.3070000112056732;-0.39900001883506775;0.8860000371932983;-0.3450000286102295;0.23600001633167267
722325.0;0.6510000228881836;-0.6550000309944153;-0.16300000250339508;-46.75;0.5;-18.5625;-1268.0;-80.0;854.0;189.625;65.0625;54.25;-0.06622314453125;-0.55438232421875;0.26397705078125;-0.7864990234375;-0.22100001573562622;-0.3070000112056732;-0.39900001883506775;0.8860000371932983;-0.3450000286102295;0.23600001633167267
722335.0;0.6650000214576721;-0.6520000100135803;-0.16300000250339508;-47.5;6.75;-18.5625;-1061.0;-119.0;812.0;189.75;64.6875;55.625;-0.06695556640625;-0.552978515625;0.2716064453125;-0.78485107421875;-0.20500001311302185;-0.29600000381469727;-0.3880000114440918;0.8840000629425049;-0.3540000021457672;0.23100000619888306
722345.0;0.6790000200271606;-0.6510000228881836;-0.15600000321865082;-47.5;6.75;-18.5625;-796.0;-142.0;774.0;189.375;64.0625;57.75;-0.06427001953125;-0.551513671875;0.2816162109375;-0.7825927734375;-0.1850000023841858;-0.281000018119812;-0.43400001525878906;0.8810000419616699;-0.3620000183582306;0.22800001502037048
722355.0;0.6960000395774841;-0.6440000534057617;-0.20500001311302185;-47.5;6.75;-18.5625;-540.0;-143.0;716.0;189.0625;63.75;58.5;-0.062255859375;-0.551025390625;0.2847900390625;-0.78192138671875;-0.19300000369548798;-0.26600000262260437;-0.40400001406669617;0.8790000677108765;-0.36900001764297485;0.22600001096725464
722365.0;0.6860000491142273;-0.6360000371932983;-0.17800000309944153;-47.5;6.75;-18.5625;-299.0;-138.0;651.0;188.75;63.5;59.0625;-0.0599365234375;-0.5506591796875;0.2869873046875;-0.78155517578125;-0.19600000977516174;-0.2580000162124634;-0.37700000405311584;0.8770000338554382;-0.3750000298023224;0.2240000069141388
722371.0;0.6810000538825989;-0.6330000162124634;-0.15300001204013824;-47.5;6.75;-18.5625;-104.0;-141.0;586.0;188.75;63.5;59.0625;-0.0599365234375;-0.5506591796875;0.2869873046875;-0.78155517578125;-0.19600000977516174;-0.2580000162124634;-0.37700000405311584;0.8770000338554382;-0.3750000298023224;0.2240000069141388
722381.0;0.6830000281333923;-0.64000004529953;-0.12800000607967377;-47.5;8.1875;-19.0;32.0;-151.0;515.0;187.9375;63.0625;61.375;-0.05413818359375;-0.552490234375;0.2938232421875;-0.77813720703125;-0.19100001454353333;-0.25;-0.3400000035762787;0.8740000128746033;-0.3890000283718109;0.2120000123977661
722391.0;0.6880000233650208;-0.6450000405311584;-0.12700000405311584;-47.5;8.1875;-19.0;102.0;-147.0;457.0;187.5625;62.875;61.6875;-0.0494384765625;-0.5523681640625;0.29547119140625;-0.77789306640625;-0.18200001120567322;-0.25;-0.3540000021457672;0.8710000514984131;-0.3970000147819519;0.21000000834465027
722401.0;0.6890000104904175;-0.6470000147819519;-0.14300000667572021;-47.5;8.1875;-19.0;132.0;-139.0;405.0;187.25;62.6875;62.0;-0.04736328125;-0.55242919921875;0.29595947265625;-0.77783203125;-0.18400001525878906;-0.2330000102519989;-0.33900001645088196;0.8700000643730164;-0.4000000059604645;0.21000000834465027
722411.0;0.6850000619888306;-0.6330000162124634;-0.12800000607967377;-47.5;8.1875;-19.0;143.0;-137.0;354.0;186.9375;62.5;62.25;-0.0455322265625;-0.55255126953125;0.29632568359375;-0.7777099609375;-0.15300001204013824;-0.2200000137090683;-0.35500001907348633;0.8690000176429749;-0.4020000100135803;0.20900000631809235
722421.0;0.7150000333786011;-0.6230000257492065;-0.14500001072883606;-47.5;8.1875;-19.0;136.0;-135.0;304.0;186.6875;62.375;62.4375;-0.0455322265625;-0.55255126953125;0.29632568359375;-0.7777099609375;-0.15300001204013824;-0.2200000137090683;-0.35500001907348633;0.8690000176429749;-0.4020000100135803;0.20900000631809235
722426.0;0.7150000333786011;-0.6230000257492065;-0.14500001072883606;-47.5;8.1875;-19.0;136.0;-135.0;304.0;186.6875;62.375;62.4375;-0.0455322265625;-0.55255126953125;0.29632568359375;-0.7777099609375;-0.15300001204013824;-0.2200000137090683;-0.35500001907348633;0.8690000176429749;-0.4020000100135803;0.20900000631809235
722436.0;0.7350000143051147;-0.6320000290870667;-0.12800000607967377;-47.0;9.6875;-18.1875;125.0;-110.0;262.0;186.4375;62.3125;62.625;-0.04388427734375;-0.5526123046875;0.29656982421875;-0.77764892578125;-0.13300000131130219;-0.22700001299381256;-0.3370000123977661;0.8680000305175781;-0.40400001406669617;0.20900000631809235
722446.0;0.7410000562667847;-0.6220000386238098;-0.11900000274181366;-47.0;9.6875;-18.1875;112.0;-93.0;232.0;186.25;62.1875;62.8125;-0.04107666015625;-0.55255126953125;0.29693603515625;-0.7777099609375;-0.12600000202655792;-0.20100000500679016;-0.3500000238418579;0.8660000562667847;-0.40800002217292786;0.20800000429153442
722456.0;0.7400000095367432;-0.6100000143051147;-0.14100000262260437;-47.0;9.6875;-18.1875;130.0;-48.0;218.0;186.0;62.0625;62.875;-0.04107666015625;-0.55255126953125;0.29693603515625;-0.7777099609375;-0.10700000822544098;-0.22500000894069672;-0.3970000147819519;0.8650000691413879;-0.4090000092983246;0.20900000631809235
722458.0;0.7400000095367432;-0.6100000143051147;-0.14100000262260437;-47.0;9.6875;-18.1875;130.0;-48.0;218.0;186.0;62.0625;62.875;-0.04107666015625;-0.55255126953125;0.29693603515625;-0.7777099609375;-0.10700000822544098;-0.22500000894069672;-0.3970000147819519;0.8650000691413879;-0.4090000092983246;0.20900000631809235
722468.0;0.7580000162124634;-0.6350000500679016;-0.18800000846385956;-47.0;9.6875;-18.1875;192.0;3.0;203.0;185.8125;62.0;62.875;-0.03973388671875;-0.55230712890625;0.2967529296875;-0.77801513671875;-0.07800000160932541;-0.20000000298023224;-0.38700002431869507;0.8640000224113464;-0.41100001335144043;0.2110000103712082
722478.0;0.7860000133514404;-0.6110000014305115;-0.17600001394748688;-47.0;9.6875;-18.1875;191.0;56.0;212.0;185.625;61.8125;62.8125;-0.03839111328125;-0.5517578125;0.29656982421875;-0.778564453125;-0.07800000160932541;-0.20000000298023224;-0.38700002431869507;0.8640000224113464;-0.41100001335144043;0.2110000103712082
722488.0;0.7460000514984131;-0.6770000457763672;-0.20900000631809235;-47.375;10.0625;-18.1875;184.0;134.0;196.0;185.4375;61.6875;62.6875;-0.0372314453125;-0.55096435546875;0.29632568359375;-0.779296875;-0.11600000411272049;-0.2639999985694885;-0.4220000207424164;0.8630000352859497;-0.41200003027915955;0.21300001442432404
722491.0;0.7540000081062317;-0.6540000438690186;-0.2550000250339508;-47.375;10.0625;-18.1875;-27.0;238.0;419.0;185.25;61.4375;62.625;-0.03594970703125;-0.54931640625;0.297607421875;-0.780029296875;-0.10600000619888306;-0.23800000548362732;-0.4700000286102295;0.8580000400543213;-0.4220000207424164;0.2150000035762787
722501.0;0.7690000534057617;-0.5879999995231628;-0.1210000067949295;-47.375;10.0625;-18.1875;-653.0;358.0;522.0;185.3125;61.0;62.9375;-0.0362548828125;-0.546875;0.3017578125;-0.78009033203125;-0.08800000697374344;-0.16600000858306885;-0.3360000252723694;0.8580000400543213;-0.4220000207424164;0.2150000035762787
722511.0;0.7520000338554382;-0.7390000224113464;-0.15200001001358032;-47.375;10.0625;-18.1875;-661.0;589.0;503.0;185.375;60.5625;63.0625;-0.03704833984375;-0.54351806640625;0.30584716796875;-0.78082275390625;-0.10200000554323196;-0.3100000023841858;-0.3700000047683716;0.8540000319480896;-0.4280000329017639;0.21700000762939453
722521.0;0.7350000143051147;-0.7610000371932983;-0.16100001335144043;-47.375;10.0625;-18.1875;-576.0;680.0;364.0;185.5625;60.1875;62.9375;-0.03826904296875;-0.53997802734375;0.30908203125;-0.78192138671875;-0.11500000208616257;-0.328000009059906;-0.38200002908706665;0.8510000109672546;-0.43300002813339233;0.22100001573562622
722526.0;0.7350000143051147;-0.7610000371932983;-0.16100001335144043;-47.375;10.0625;-18.1875;-576.0;680.0;364.0;185.5625;60.1875;62.9375;-0.03826904296875;-0.53997802734375;0.30908203125;-0.78192138671875;-0.11500000208616257;-0.328000009059906;-0.38200002908706665;0.8510000109672546;-0.43300002813339233;0.22100001573562622
722536.0;0.7640000581741333;-0.7400000095367432;-0.15300001204013824;-46.25;10.875;-18.0625;-522.0;676.0;-1.0;185.9375;60.0;62.625;-0.0408935546875;-0.537109375;0.31109619140625;-0.782958984375;-0.08400000631809235;-0.3050000071525574;-0.37800002098083496;0.8490000367164612;-0.43400001525878906;0.22500000894069672
722546.0;0.7440000176429749;-0.7330000400543213;-0.18400001525878906;-46.25;10.875;-18.0625;-190.0;738.0;-489.0;186.5;60.0625;61.8125;-0.044677734375;-0.5347900390625;0.31036376953125;-0.78466796875;-0.10500000417232513;-0.3020000159740448;-0.4150000214576721;0.8500000238418579;-0.4300000071525574;0.23000000417232513
722556.0;0.7150000333786011;-0.7980000376701355;-0.23000000417232513;-46.25;10.875;-18.0625;33.0;797.0;-768.0;187.125;60.25;60.625;-0.049072265625;-0.53277587890625;0.307861328125;-0.7867431640625;-0.13600000739097595;-0.37400001287460327;-0.46800002455711365;0.8510000109672546;-0.4230000078678131;0.23800000548362732
722566.0;0.703000009059906;-0.7690000534057617;-0.25;-46.25;10.875;-18.0625;155.0;832.0;-830.0;187.6875;60.4375;59.3125;-0.05340576171875;-0.53070068359375;0.3046875;-0.78912353515625;-0.15000000596046448;-0.3540000021457672;-0.4970000088214874;0.8530000448226929;-0.4150000214576721;0.2460000067949295
722576.0;0.7460000514984131;-0.7770000100135803;-0.22300000488758087;-46.25;10.875;-18.0625;37.0;805.0;-1009.0;188.5;60.6875;58.0;-0.05877685546875;-0.5289306640625;0.30145263671875;-0.7911376953125;-0.10900000482797623;-0.3700000047683716;-0.47600001096725464;0.8550000190734863;-0.406000018119812;0.25300002098083496
722576.0;0.7460000514984131;-0.7770000100135803;-0.22300000488758087;-46.25;10.875;-18.0625;37.0;805.0;-1009.0;188.5;60.6875;58.0;-0.05877685546875;-0.5289306640625;0.30145263671875;-0.7911376953125;-0.10900000482797623;-0.3700000047683716;-0.47600001096725464;0.8550000190734863;-0.406000018119812;0.25300002098083496
722586.0;0.7250000238418579;-0.8710000514984131;-0.2330000102519989;-45.875;12.25;-18.875;5.0;929.0;-1208.0;189.375;61.0;56.4375;-0.0653076171875;-0.5269775390625;0.29779052734375;-0.7933349609375;-0.13199999928474426;-0.47600001096725464;-0.49500003457069397;0.8580000400543213;-0.39500001072883606;0.26200002431869507
722596.0;0.6890000104904175;-0.9040000438690186;-0.2330000102519989;-45.875;12.25;-18.875;49.0;1097.0;-1115.0;190.25;61.1875;54.75;-0.07159423828125;-0.52410888671875;0.2940673828125;-0.7960205078125;-0.16900001466274261;-0.5180000066757202;-0.5049999952316284;0.859000027179718;-0.3850000202655792;0.2720000147819519
722606.0;0.6730000376701355;-0.8960000276565552;-0.2330000102519989;-45.875;12.25;-18.875;185.0;1210.0;-918.0;190.9375;61.1875;52.9375;-0.0767822265625;-0.5205078125;0.290283203125;-0.79931640625;-0.1860000044107437;-0.5190000534057617;-0.5170000195503235;0.859000027179718;-0.3760000169277191;0.2840000092983246
722616.0;0.6490000486373901;-0.8090000152587891;-0.22200001776218414;-45.875;12.25;-18.875;430.0;1271.0;-802.0;191.5;61.125;51.0625;-0.0809326171875;-0.51654052734375;0.28570556640625;-0.8031005859375;-0.20900000631809235;-0.4410000145435333;-0.5190000534057617;0.8580000400543213;-0.3680000305175781;0.2970000207424164
722626.0;0.6170000433921814;-0.7480000257492065;-0.22600001096725464;-45.875;12.25;-18.875;657.0;1322.0;-834.0;191.9375;61.0;48.9375;-0.084716796875;-0.512451171875;0.28009033203125;-0.80731201171875;-0.23900000751018524;-0.39000001549720764;-0.5380000472068787;0.8570000529289246;-0.3580000102519989;0.3110000193119049
722628.0;0.6170000433921814;-0.7480000257492065;-0.22600001096725464;-45.875;12.25;-18.875;657.0;1322.0;-834.0;191.9375;61.0;48.9375;-0.084716796875;-0.512451171875;0.28009033203125;-0.80731201171875;-0.23900000751018524;-0.39000001549720764;-0.5380000472068787;0.8570000529289246;-0.3580000102519989;0.3110000193119049
722638.0;0.6170000433921814;-0.7480000257492065;-0.22600001096725464;-45.375;9.0;-21.75;755.0;1359.0;-952.0;192.625;60.875;46.6875;-0.09014892578125;-0.50787353515625;0.27459716796875;-0.8115234375;-0.28200000524520874;-0.3530000150203705;-0.5490000247955322;0.8560000658035278;-0.34700000286102295;0.32600000500679016
722648.0;0.5740000009536743;-0.7000000476837158;-0.22300000488758087;-45.375;9.0;-21.75;676.0;1396.0;-1023.0;193.25;60.75;44.4375;-0.09478759765625;-0.503662109375;0.26824951171875;-0.815673828125;-0.2840000092983246;-0.33400002121925354;-0.5460000038146973;0.8550000190734863;-0.33500000834465027;0.3410000205039978
722658.0;0.5710000395774841;-0.6690000295639038;-0.20400001108646393;-45.375;9.0;-21.75;626.0;1464.0;-1167.0;193.875;60.5625;42.0625;-0.10015869140625;-0.49932861328125;0.26171875;-0.81982421875;-0.3330000042915344;-0.36000001430511475;-0.5490000247955322;0.8540000319480896;-0.32200002670288086;0.3570000231266022
722661.0;0.5210000276565552;-0.6820000410079956;-0.19100001454353333;-45.375;9.0;-21.75;664.0;1549.0;-1248.0;194.625;60.375;39.5625;-0.10595703125;-0.49462890625;0.25469970703125;-0.82415771484375;-0.30300000309944153;-0.33800002932548523;-0.5610000491142273;0.8520000576972961;-0.30800002813339233;0.37300002574920654
722671.0;0.5490000247955322;-0.6470000147819519;-0.18800000846385956;-45.375;9.0;-21.75;818.0;1602.0;-1654.0;195.5;60.1875;36.625;-0.1131591796875;-0.49029541015625;0.24591064453125;-0.82843017578125;-0.34200000762939453;-0.24300001561641693;-0.5710000395774841;0.8510000109672546;-0.2900000214576721;0.39000001549720764
722681.0;0.5080000162124634;-0.5330000519752502;-0.1810000091791153;-45.375;9.0;-21.75;818.0;1602.0;-1654.0;195.5;60.1875;36.625;-0.1220703125;-0.48577880859375;0.2359619140625;-0.832763671875;-0.47700002789497375;-0.25600001215934753;-0.5920000076293945;0.8490000367164612;-0.26900002360343933;0.40800002217292786
722691.0;0.3720000088214874;-0.5250000357627869;-0.18300001323223114;-44.6875;6.375;-24.5625;894.0;1727.0;-1991.0;196.625;60.0625;33.3125;-0.13031005859375;-0.48077392578125;0.2261962890625;-0.83709716796875;-0.44200003147125244;-0.2460000067949295;-0.5860000252723694;0.8470000624656677;-0.24800001084804535;0.4270000159740448
722693.0;0.3720000088214874;-0.5250000357627869;-0.18300001323223114;-44.6875;6.375;-24.5625;894.0;1727.0;-1991.0;196.625;60.0625;33.3125;-0.13031005859375;-0.48077392578125;0.2261962890625;-0.83709716796875;-0.44200003147125244;-0.2460000067949295;-0.5860000252723694;0.8470000624656677;-0.24800001084804535;0.4270000159740448
722703.0;0.40400001406669617;-0.49400001764297485;-0.15900000929832458;-44.6875;6.375;-24.5625;779.0;1756.0;-1771.0;198.625;59.3125;27.25;-0.13824462890625;-0.4755859375;0.217041015625;-0.8411865234375;-0.41100001335144043;-0.2200000137090683;-0.5840000510215759;0.843000054359436;-0.2290000170469284;0.4440000355243683
722713.0;0.4310000240802765;-0.4490000307559967;-0.13900001347064972;-44.6875;6.375;-24.5625;827.0;1760.0;-1650.0;199.5;58.75;24.4375;-0.1455078125;-0.47021484375;0.2078857421875;-0.84527587890625;-0.4100000262260437;-0.19300000369548798;-0.5610000491142273;0.8380000591278076;-0.21000000834465027;0.4620000123977661
722723.0;0.4280000329017639;-0.40400001406669617;-0.0990000069141388;-44.6875;6.375;-24.5625;927.0;1817.0;-1488.0;200.25;58.125;21.8125;-0.15185546875;-0.46441650390625;0.19866943359375;-0.849609375;-0.4190000295639038;-0.15900000929832458;-0.5950000286102295;0.8330000638961792;-0.19200000166893005;0.48000001907348633
722733.0;0.4130000174045563;-0.35100001096725464;-0.11400000751018524;-44.6875;6.375;-24.5625;927.0;1817.0;-1488.0;200.25;58.125;21.8125;-0.15185546875;-0.46441650390625;0.19866943359375;-0.849609375;-0.4190000295639038;-0.15900000929832458;-0.5950000286102295;0.8250000476837158;-0.17500001192092896;0.49800002574920654
722743.0;0.4180000126361847;-0.3160000145435333;-0.16100001335144043;-42.875;0.5;-27.875;1042.0;1904.0;-1404.0;200.875;57.3125;19.3125;-0.1575927734375;-0.4581298828125;0.18902587890625;-0.8541259765625;-0.40700000524520874;-0.14100000262260437;-0.6600000262260437;0.8170000314712524;-0.15600000321865082;0.5180000066757202
722743.0;0.4180000126361847;-0.3160000145435333;-0.16100001335144043;-42.875;0.5;-27.875;1042.0;1904.0;-1404.0;200.875;57.3125;19.3125;-0.1575927734375;-0.4581298828125;0.18902587890625;-0.8541259765625;-0.40700000524520874;-0.14100000262260437;-0.6600000262260437;0.8170000314712524;-0.15600000321865082;0.5180000066757202
722753.0;0.3970000147819519;-0.2850000262260437;-0.20400001108646393;-42.875;0.5;-27.875;1155.0;1989.0;-1426.0;202.125;55.4375;14.25;-0.16900634765625;-0.4442138671875;0.16766357421875;-0.86370849609375;-0.4490000307559967;-0.12700000405311584;-0.8210000395774841;0.8080000281333923;-0.13600000739097595;0.5380000472068787
722763.0;0.3580000102519989;-0.2630000114440918;-0.28200000524520874;-42.875;0.5;-27.875;1234.0;2142.0;-1488.0;202.75;54.3125;11.75;-0.17523193359375;-0.43609619140625;0.1563720703125;-0.86871337890625;-0.4870000183582306;-0.09300000220537186;-0.9040000438690186;0.796000063419342;-0.11600000411272049;0.5590000152587891
722773.0;0.30900001525878906;-0.21000000834465027;-0.3450000286102295;-42.875;0.5;-27.875;1215.0;2304.0;-1553.0;203.625;53.0625;9.25;-0.1829833984375;-0.4273681640625;0.14495849609375;-0.8734130859375;-0.5040000081062317;-0.08300000429153442;-0.878000020980835;0.784000039100647;-0.09400000423192978;0.581000030040741
722783.0;0.27900001406669617;-0.17800000309944153;-0.2970000207424164;-42.875;0.5;-27.875;1097.0;2439.0;-1801.0;203.625;53.0625;9.25;-0.1829833984375;-0.4273681640625;0.14495849609375;-0.8734130859375;-0.5040000081062317;-0.08300000429153442;-0.878000020980835;0.784000039100647;-0.09400000423192978;0.581000030040741
722793.0;0.23000000417232513;-0.17500001192092896;-0.2330000102519989;-39.875;-3.6875;-32.75;990.0;2660.0;-2133.0;204.6875;51.625;6.6875;-0.19256591796875;-0.4176025390625;0.1329345703125;-0.87799072265625;-0.5390000343322754;-0.10400000214576721;-0.8370000123977661;0.7690000534057617;-0.07100000232458115;0.6030000448226929
722795.0;0.23000000417232513;-0.17500001192092896;-0.2330000102519989;-39.875;-3.6875;-32.75;990.0;2660.0;-2133.0;204.6875;51.625;6.6875;-0.19256591796875;-0.4176025390625;0.1329345703125;-0.87799072265625;-0.5390000343322754;-0.10400000214576721;-0.8370000123977661;0.7690000534057617;-0.07100000232458115;0.6030000448226929
722805.0;0.07000000029802322;-0.21900001168251038;-0.1120000034570694;-39.875;-3.6875;-32.75;968.0;2971.0;-2388.0;205.9375;50.0;4.125;-0.21527099609375;-0.3939208984375;0.106689453125;-0.88720703125;-0.7420000433921814;-0.2070000171661377;-0.7170000076293945;0.7300000190734863;-0.01900000125169754;0.6530000567436218
722815.0;-0.012000000104308128;-0.22600001096725464;-0.06300000101327896;-39.875;-3.6875;-32.75;978.0;3227.0;-2538.0;207.25;48.125;1.6875;-0.227294921875;-0.38043212890625;0.0926513671875;-0.89166259765625;-0.7740000486373901;-0.23000000417232513;-0.7000000476837158;0.706000030040741;0.007000000216066837;0.6800000071525574
722825.0;-0.06800000369548798;-0.22200001776218414;-0.020000001415610313;-39.875;-3.6875;-32.75;1001.0;3422.0;-2610.0;208.5625;46.0625;-0.625;-0.23931884765625;-0.366455078125;0.0777587890625;-0.895751953125;-0.7820000648498535;-0.25;-0.6740000247955322;0.6800000071525574;0.03500000014901161;0.7050000429153442
722828.0;-0.06800000369548798;-0.22200001776218414;-0.020000001415610313;-39.875;-3.6875;-32.75;1001.0;3422.0;-2610.0;208.5625;46.0625;-0.625;-0.23931884765625;-0.366455078125;0.0777587890625;-0.895751953125;-0.7820000648498535;-0.25;-0.6740000247955322;0.6800000071525574;0.03500000014901161;0.7050000429153442
722838.0;-0.10200000554323196;-0.2150000035762787;0.030000001192092896;-39.875;-3.6875;-32.75;1112.0;3511.0;-2680.0;209.875;43.875;-2.8125;-0.23931884765625;-0.366455078125;0.0777587890625;-0.895751953125;-0.7820000648498535;-0.25;-0.6740000247955322;0.6800000071525574;0.03500000014901161;0.7050000429153442
722848.0;-0.12000000476837158;-0.18900001049041748;0.11600000411272049;-34.375;-8.0625;-35.25;1323.0;3546.0;-2768.0;211.1875;41.625;-5.0625;-0.251220703125;-0.35235595703125;0.0616455078125;-0.8994140625;-0.7720000147819519;-0.2540000081062317;-0.6130000352859497;0.6510000228881836;0.06400000303983688;0.7290000319480896
722858.0;-0.14800000190734863;-0.16700001060962677;0.125;-34.375;-8.0625;-35.25;1616.0;3624.0;-2861.0;212.4375;39.25;-7.3125;-0.26287841796875;-0.338134765625;0.0438232421875;-0.902587890625;-0.781000018119812;-0.242000013589859;-0.656000018119812;0.5870000123977661;0.13199999928474426;0.7730000615119934
722868.0;-0.19300000369548798;-0.11000000685453415;0.11700000613927841;-34.375;-8.0625;-35.25;2004.0;3706.0;-3006.0;213.6875;36.8125;-9.625;-0.2744140625;-0.32379150390625;0.02374267578125;-0.9051513671875;-0.800000011920929;-0.203000009059906;-0.6480000019073486;0.5509999990463257;0.17100000381469727;0.7920000553131104
722878.0;-0.24900001287460327;-0.03100000135600567;0.14400000870227814;-34.375;-8.0625;-35.25;2465.0;3814.0;-3181.0;214.9375;34.125;-12.1875;-0.28570556640625;-0.3094482421875;0.00103759765625;-0.906982421875;-0.8980000615119934;-0.05000000074505806;-0.5139999985694885;0.5110000371932983;0.2150000035762787;0.8080000281333923
722881.0;-0.38700002431869507;0.16500000655651093;0.2939999997615814;-34.375;-8.0625;-35.25;2939.0;3888.0;-3383.0;216.1875;31.375;-14.875;-0.2969970703125;-0.29510498046875;-0.0244140625;-0.90777587890625;-0.8980000615119934;-0.05000000074505806;-0.5139999985694885;0.5110000371932983;0.2150000035762787;0.8080000281333923
722891.0;-0.4520000219345093;0.27400001883506775;0.38700002431869507;-25.0625;-14.6875;-40.6875;3300.0;3890.0;-3646.0;217.5625;28.5;-17.75;-0.30865478515625;-0.281005859375;-0.052001953125;-0.9072265625;-0.9200000166893005;0.01100000087171793;-0.4320000112056732;0.46800002455711365;0.26200002431869507;0.8200000524520874
722901.0;-0.51500004529953;0.3680000305175781;0.4650000333786011;-25.0625;-14.6875;-40.6875;3466.0;3875.0;-3928.0;219.0625;25.5;-20.5625;-0.32110595703125;-0.266845703125;-0.0806884765625;-0.90509033203125;-0.9380000233650208;0.0560000017285347;-0.3620000183582306;0.37300002574920654;0.359000027179718;0.8320000171661377
722911.0;-0.5520000457763672;0.44600000977516174;0.5270000100135803;-25.0625;-14.6875;-40.6875;3444.0;3895.0;-4204.0;220.6875;22.375;-23.3125;-0.33447265625;-0.25213623046875;-0.109619140625;-0.90142822265625;-0.9260000586509705;0.08700000494718552;-0.3050000071525574;0.37300002574920654;0.359000027179718;0.8320000171661377
722912.0;-0.5520000457763672;0.44600000977516174;0.5270000100135803;-25.0625;-14.6875;-40.6875;3444.0;3895.0;-4204.0;220.6875;22.375;-23.3125;-0.33447265625;-0.25213623046875;-0.109619140625;-0.90142822265625;-0.9260000586509705;0.08700000494718552;-0.3050000071525574;0.37300002574920654;0.359000027179718;0.8320000171661377
722922.0;-0.6420000195503235;0.5640000104904175;0.625;-25.0625;-14.6875;-40.6875;3212.0;3901.0;-4437.0;222.5;19.125;-25.8125;-0.34881591796875;-0.23651123046875;-0.13763427734375;-0.8963623046875;-0.9640000462532043;0.1600000113248825;-0.20800000429153442;0.32100000977516174;0.40300002694129944;0.8330000638961792
722932.0;-0.6950000524520874;0.597000002861023;0.6530000567436218;-25.0625;-14.6875;-40.6875;2795.0;3910.0;-4646.0;224.5;15.75;-27.9375;-0.3642578125;-0.21966552734375;-0.16375732421875;-0.89007568359375;-0.9620000720024109;0.15400001406669617;-0.17900000512599945;0.26600000262260437;0.44200003147125244;0.8330000638961792
722942.0;-0.7550000548362732;0.6060000061988831;0.6670000553131104;-12.5;-25.5;-39.5;2291.0;3980.0;-4821.0;226.625;12.25;-29.6875;-0.38055419921875;-0.2010498046875;-0.1876220703125;-0.8829345703125;-0.9630000591278076;0.13100001215934753;-0.16500000655651093;0.20800000429153442;0.4750000238418579;0.8320000171661377
722944.0;-0.7550000548362732;0.6060000061988831;0.6670000553131104;-12.5;-25.5;-39.5;2291.0;3980.0;-4821.0;226.625;12.25;-29.6875;-0.38055419921875;-0.2010498046875;-0.1876220703125;-0.8829345703125;-0.9630000591278076;0.13100001215934753;-0.16500000655651093;0.20800000429153442;0.4750000238418579;0.8320000171661377
722954.0;-0.8560000658035278;0.612000048160553;0.6220000386238098;-12.5;-25.5;-39.5;1799.0;3970.0;-4880.0;228.8125;8.6875;-31.0;-0.397216796875;-0.18121337890625;-0.20904541015625;-0.875;-1.0040000677108765;0.1120000034570694;-0.20800000429153442;0.14800000190734863;0.49900001287460327;0.8300000429153442
722964.0;-0.9130000472068787;0.597000002861023;0.5740000009536743;-12.5;-25.5;-39.5;1405.0;3902.0;-4838.0;231.0;5.125;-32.0;-0.4136962890625;-0.16070556640625;-0.22821044921875;-0.8665771484375;-1.0010000467300415;0.07800000160932541;-0.25300002098083496;0.08700000494718552;0.5180000066757202;0.8270000219345093
722974.0;-0.9730000495910645;0.562000036239624;0.5480000376701355;-12.5;-25.5;-39.5;1207.0;3822.0;-4712.0;233.1875;1.625;-32.8125;-0.42938232421875;-0.14013671875;-0.2459716796875;-0.85760498046875;-1.002000093460083;0.030000001192092896;-0.27400001883506775;0.02800000086426735;0.531000018119812;0.8230000138282776
722976.0;-0.9730000495910645;0.562000036239624;0.5480000376701355;-12.5;-25.5;-39.5;1207.0;3822.0;-4712.0;233.1875;1.625;-32.8125;-0.42938232421875;-0.14013671875;-0.2459716796875;-0.85760498046875;-1.002000093460083;0.030000001192092896;-0.27400001883506775;0.02800000086426735;0.531000018119812;0.8230000138282776
722986.0;-1.0450000762939453;0.5170000195503235;0.5600000023841858;-12.5;-25.5;-39.5;1212.0;3707.0;-4503.0;235.1875;-1.6875;-33.5625;-0.44384765625;-0.12017822265625;-0.2630615234375;-0.84814453125;-1.0160000324249268;-0.02500000037252903;-0.2550000250339508;-0.029000001028180122;0.5420000553131104;0.8160000443458557
722996.0;-1.1480000019073486;0.5100000500679016;0.5990000367164612;2.75;-31.375;-35.375;1341.0;3586.0;-4266.0;237.1875;-4.9375;-34.3125;-0.4569091796875;-0.101318359375;-0.280029296875;-0.83819580078125;-1.0640000104904175;-0.04000000283122063;-0.2070000171661377;-0.08400000631809235;0.5509999990463257;0.8060000538825989
723006.0;-1.1800000667572021;0.562000036239624;0.656000018119812;2.75;-31.375;-35.375;1536.0;3473.0;-3989.0;239.0;-8.0;-35.125;-0.4683837890625;-0.083740234375;-0.2972412109375;-0.82781982421875;-1.0420000553131104;0.0020000000949949026;-0.13700000941753387;-0.13700000941753387;0.5590000152587891;0.7930000424385071
723012.0;-1.187000036239624;0.6180000305175781;0.6660000085830688;2.75;-31.375;-35.375;1708.0;3361.0;-3737.0;240.6875;-11.0;-36.0625;-0.478515625;-0.0673828125;-0.31451416015625;-0.8170166015625;-1.0;0.05100000277161598;-0.11100000888109207;-0.18700000643730164;0.5670000314712524;0.7770000100135803
723022.0;-1.183000087738037;0.656000018119812;0.6630000472068787;2.75;-31.375;-35.375;1743.0;3350.0;-3627.0;242.3125;-13.9375;-37.0;-0.48779296875;-0.05126953125;-0.3316650390625;-0.80584716796875;-0.9470000267028809;0.08300000429153442;-0.0950000062584877;-0.23600001633167267;0.5730000138282776;0.7590000629425049
723032.0;-1.1770000457763672;0.6650000214576721;0.6550000309944153;2.75;-31.375;-35.375;1605.0;3410.0;-3764.0;244.0625;-16.9375;-37.8125;-0.4971923828125;-0.0343017578125;-0.34820556640625;-0.7939453125;-0.8910000324249268;0.08900000154972076;-0.08500000089406967;-0.28600001335144043;0.5750000476837158;0.7400000095367432
723042.0;-1.215000033378601;0.6610000133514404;0.6370000243186951;16.875;-31.0625;-32.5625;1306.0;3490.0;-4127.0;246.0;-20.125;-38.375;-0.50762939453125;-0.0155029296875;-0.3634033203125;-0.781005859375;-0.8760000467300415;0.08900000154972076;-0.08300000429153442;-0.33800002932548523;0.5720000267028809;0.7210000157356262
723052.0;-1.215000033378601;0.6610000133514404;0.6370000243186951;16.875;-31.0625;-32.5625;913.0;3585.0;-4560.0;248.1875;-23.5625;-38.625;-0.51922607421875;0.00555419921875;-0.376953125;-0.7669677734375;-0.8840000629425049;0.09600000083446503;-0.02500000037252903;-0.3920000195503235;0.5610000491142273;0.7010000348091125
723062.0;-1.2760000228881836;0.6580000519752502;0.6760000586509705;16.875;-31.0625;-32.5625;501.0;3679.0;-4923.0;250.5;-27.125;-38.5;-0.53155517578125;0.02886962890625;-0.38873291015625;-0.751953125;-0.8660000562667847;0.2160000056028366;0.1340000033378601;-0.44700002670288086;0.5430000424385071;0.6820000410079956
723066.0;-1.2760000228881836;0.6580000519752502;0.6760000586509705;16.875;-31.0625;-32.5625;501.0;3679.0;-4923.0;250.5;-27.125;-38.5;-0.53155517578125;0.02886962890625;-0.38873291015625;-0.751953125;-0.8660000562667847;0.2160000056028366;0.1340000033378601;-0.44700002670288086;0.5430000424385071;0.6820000410079956
723076.0;-1.3140000104904175;0.7590000629425049;0.8160000443458557;16.875;-31.0625;-32.5625;210.0;3793.0;-4810.0;252.6875;-30.75;-38.125;-0.54266357421875;0.05322265625;-0.3992919921875;-0.737060546875;-0.8030000329017639;0.2070000171661377;0.18000000715255737;-0.5010000467300415;0.5200000405311584;0.6620000600814819
723086.0;-1.3050000667572021;0.7280000448226929;0.8420000672340393;16.875;-31.0625;-32.5625;26.0;4064.0;-5301.0;255.125;-34.6875;-37.5;-0.55438232421875;0.080078125;-0.4093017578125;-0.72027587890625;-0.9930000305175781;0.25200000405311584;0.24800001084804535;-0.5580000281333923;0.4910000264644623;0.6390000581741333
723096.0;-1.5510001182556152;0.7430000305175781;0.8870000243186951;16.875;-31.0625;-32.5625;26.0;4064.0;-5301.0;258.4375;-39.0625;-36.125;-0.5704345703125;0.1102294921875;-0.41796875;-0.69842529296875;-0.971000075340271;0.24900001287460327;0.26500001549720764;-0.6180000305175781;0.4490000307559967;0.6140000224113464
723101.0;-1.590000033378601;0.6990000605583191;0.8790000677108765;29.5625;-29.25;-25.0625;-51.0;4116.0;-6692.0;261.8125;-43.4375;-34.5;-0.58544921875;0.14019775390625;-0.4259033203125;-0.6754150390625;-0.9580000638961792;0.11300000548362732;0.2590000033378601;-0.6740000247955322;0.40300002694129944;0.5860000252723694
723111.0;-1.633000135421753;0.5170000195503235;0.8460000157356262;29.5625;-29.25;-25.0625;392.0;3983.0;-6036.0;265.0;-47.5;-33.0;-0.597900390625;0.16668701171875;-0.434814453125;-0.6524658203125;-0.862000048160553;-0.009000000543892384;0.25200000405311584;-0.7230000495910645;0.36000001430511475;0.5550000071525574
723121.0;-1.5850000381469727;0.35100001096725464;0.8080000281333923;29.5625;-29.25;-25.0625;1554.0;3669.0;-5046.0;268.0;-51.0;-32.3125;-0.60784912109375;0.18585205078125;-0.44708251953125;-0.62933349609375;-0.718000054359436;0.049000002443790436;0.27000001072883606;-0.7620000243186951;0.33000001311302185;0.5200000405311584
723131.0;-1.4800000190734863;0.3800000250339508;0.7910000085830688;29.5625;-29.25;-25.0625;4839.0;3229.0;-4590.0;271.875;-54.125;-33.625;-0.6197509765625;0.1917724609375;-0.4686279296875;-0.599609375;-0.6270000338554382;0.2580000162124634;0.2580000162124634;-0.7950000166893005;0.31800001859664917;0.47700002789497375
723134.0;-1.4800000190734863;0.3800000250339508;0.7910000085830688;29.5625;-29.25;-25.0625;4839.0;3229.0;-4590.0;271.875;-54.125;-33.625;-0.6197509765625;0.1917724609375;-0.4686279296875;-0.599609375;-0.6270000338554382;0.2580000162124634;0.2580000162124634;-0.7950000166893005;0.31800001859664917;0.47700002789497375
723144.0;-1.4220000505447388;0.5760000348091125;0.7360000610351562;29.5625;-29.25;-25.0625;4839.0;3229.0;-4590.0;271.875;-54.125;-33.625;-0.6197509765625;0.1917724609375;-0.4686279296875;-0.599609375;-0.5800000429153442;0.32500001788139343;0.14100000262260437;-0.8220000267028809;0.3150000274181366;0.4300000071525574
723154.0;-1.4030001163482666;0.6410000324249268;0.5710000395774841;42.5;-18.5625;-18.1875;6502.0;3030.0;-3926.0;276.0625;-57.0;-36.25;-0.63067626953125;0.18963623046875;-0.49468994140625;-0.56707763671875;-0.593000054359436;0.2720000147819519;0.1120000034570694;-0.8450000286102295;0.320000022649765;0.3790000081062317
723164.0;-1.4390000104904175;0.5920000076293945;0.4910000264644623;42.5;-18.5625;-18.1875;7716.0;2859.0;-3162.0;284.9375;-62.0;-44.75;-0.6473388671875;0.16912841796875;-0.5523681640625;-0.4971923828125;-0.6770000457763672;0.3630000054836273;0.07700000703334808;-0.8660000562667847;0.3230000138282776;0.32600000500679016
723169.0;-1.4390000104904175;0.5920000076293945;0.4910000264644623;42.5;-18.5625;-18.1875;7716.0;2859.0;-3162.0;284.9375;-62.0;-44.75;-0.6473388671875;0.16912841796875;-0.5523681640625;-0.4971923828125;-0.6770000457763672;0.3630000054836273;0.07700000703334808;-0.8660000562667847;0.3230000138282776;0.32600000500679016
723179.0;-1.5430001020431519;0.687000036239624;0.40300002694129944;42.5;-18.5625;-18.1875;8107.0;2810.0;-2994.0;289.3125;-64.1875;-49.5625;-0.65313720703125;0.1566162109375;-0.57830810546875;-0.463134765625;-0.800000011920929;0.5330000519752502;0.055000003427267075;-0.8830000162124634;0.3240000009536743;0.2760000228881836
723189.0;-1.683000087738037;0.8580000400543213;0.33100003004074097;42.5;-18.5625;-18.1875;7729.0;2489.0;-2581.0;293.0;-65.6875;-53.875;-0.65716552734375;0.1434326171875;-0.5986328125;-0.4349365234375;-0.7500000596046448;0.5870000123977661;0.08300000429153442;-0.893000066280365;0.32500001788139343;0.2370000183582306
723199.0;-1.6440000534057617;0.9130000472068787;0.320000022649765;42.5;-18.5625;-18.1875;6631.0;1750.0;-1789.0;293.0;-65.6875;-53.875;-0.65716552734375;0.1434326171875;-0.5986328125;-0.4349365234375;-0.7500000596046448;0.5870000123977661;0.08300000429153442;-0.893000066280365;0.32500001788139343;0.2370000183582306
723203.0;-1.5480000972747803;0.968000054359436;0.3160000145435333;49.875;-10.75;-6.25;4987.0;1127.0;-1538.0;295.9375;-66.875;-57.0;-0.66064453125;0.13348388671875;-0.61260986328125;-0.412841796875;-0.6460000276565552;0.6450000405311584;0.10600000619888306;-0.9010000228881836;0.3230000138282776;0.20900000631809235
723213.0;-1.3970000743865967;1.0090000629425049;0.2800000011920929;49.875;-10.75;-6.25;3253.0;1043.0;-2248.0;298.6875;-68.3125;-58.5;-0.6678466796875;0.13946533203125;-0.6278076171875;-0.374755859375;-0.4010000228881836;0.7160000205039978;0.10600000619888306;-0.9240000247955322;0.27800002694129944;0.16900001466274261
723223.0;-1.3260000944137573;0.9950000643730164;0.2750000059604645;49.875;-10.75;-6.25;1798.0;1417.0;-3398.0;301.375;-70.5625;-58.6875;-0.6700439453125;0.15252685546875;-0.632568359375;-0.35723876953125;-0.49000000953674316;0.5530000329017639;0.15400001406669617;-0.9380000233650208;0.242000013589859;0.15000000596046448
723233.0;-1.4280000925064087;0.796000063419342;0.30400002002716064;49.875;-10.75;-6.25;826.0;1728.0;-3804.0;303.8125;-73.0625;-58.1875;-0.67169189453125;0.16412353515625;-0.635498046875;-0.3436279296875;-0.5760000348091125;0.24000000953674316;0.17500001192092896;-0.9470000267028809;0.2120000123977661;0.13500000536441803
723237.0;-1.4280000925064087;0.796000063419342;0.30400002002716064;49.875;-10.75;-6.25;826.0;1728.0;-3804.0;303.8125;-73.0625;-58.1875;-0.67169189453125;0.16412353515625;-0.635498046875;-0.3436279296875;-0.5760000348091125;0.24000000953674316;0.17500001192092896;-0.9470000267028809;0.2120000123977661;0.13500000536441803
723247.0;-1.5240000486373901;0.4520000219345093;0.3100000023841858;49.875;-10.75;-6.25;399.0;1357.0;-3147.0;305.75;-75.0625;-57.3125;-0.67169189453125;0.16412353515625;-0.635498046875;-0.3436279296875;-0.5760000348091125;0.24000000953674316;0.17500001192092896;-0.9470000267028809;0.2120000123977661;0.13500000536441803
723257.0;-1.5140000581741333;0.18200001120567322;0.33800002932548523;51.0;-5.25;-0.0625;823.0;1126.0;-2515.0;307.625;-76.75;-56.8125;-0.673095703125;0.17169189453125;-0.63873291015625;-0.3309326171875;-0.5590000152587891;-0.005000000353902578;0.2150000035762787;-0.9540000557899475;0.18700000643730164;0.12200000882148743
723267.0;-1.4930000305175781;0.3160000145435333;0.27900001406669617;51.0;-5.25;-0.0625;1304.0;1326.0;-2299.0;309.5625;-78.3125;-57.25;-0.67376708984375;0.1771240234375;-0.6435546875;-0.317138671875;-0.5879999995231628;0.2760000228881836;0.16300000250339508;-0.9640000462532043;0.15200001001358032;0.09300000220537186
723271.0;-1.5520000457763672;0.42900002002716064;0.25699999928474426;51.0;-5.25;-0.0625;1503.0;1061.0;-1486.0;311.1875;-79.4375;-58.5;-0.6739501953125;0.1785888671875;-0.64837646484375;-0.30572509765625;-0.6050000190734863;0.24400001764297485;0.1680000126361847;-0.9650000333786011;0.14800000190734863;0.08500000089406967
723281.0;-1.5700000524520874;0.3930000066757202;0.2540000081062317;51.0;-5.25;-0.0625;1967.0;455.0;-599.0;312.5625;-79.875;-59.9375;-0.6751708984375;0.17431640625;-0.652587890625;-0.29638671875;-0.5870000123977661;0.1120000034570694;0.1730000078678131;-0.9650000333786011;0.14800000190734863;0.0820000022649765
723291.0;-1.5530000925064087;0.2600000202655792;0.25600001215934753;51.0;-5.25;-0.0625;2384.0;-67.0;-189.0;314.0;-80.0;-60.875;-0.6778564453125;0.1663818359375;-0.65582275390625;-0.28753662109375;-0.5870000123977661;0.1120000034570694;0.1730000078678131;-0.9650000333786011;0.14800000190734863;0.0820000022649765
723301.0;-1.255000114440918;0.6160000562667847;0.22100001573562622;51.25;2.5;3.5625;2211.0;-68.0;-760.0;315.6875;-80.375;-60.6875;-0.68115234375;0.16094970703125;-0.65826416015625;-0.2772216796875;-0.2880000174045563;0.47300001978874207;0.14100000262260437;-0.9660000205039978;0.1420000046491623;0.08000000566244125
723305.0;-1.255000114440918;0.6160000562667847;0.22100001573562622;51.25;2.5;3.5625;2211.0;-68.0;-760.0;315.6875;-80.375;-60.6875;-0.68115234375;0.16094970703125;-0.65826416015625;-0.2772216796875;-0.2880000174045563;0.47300001978874207;0.14100000262260437;-0.9660000205039978;0.1420000046491623;0.08000000566244125
723315.0;-1.2420001029968262;0.7690000534057617;0.2630000114440918;51.25;2.5;3.5625;1801.0;182.0;-1580.0;317.625;-81.25;-59.4375;-0.684326171875;0.16021728515625;-0.66015625;-0.26507568359375;-0.27300000190734863;0.6410000324249268;0.18800000846385956;-0.971000075340271;0.11400000751018524;0.07100000232458115
723325.0;-1.2360000610351562;0.578000009059906;0.24500000476837158;51.25;2.5;3.5625;2008.0;145.0;-1457.0;319.625;-82.0625;-58.0625;-0.6875;0.15826416015625;-0.66217041015625;-0.252685546875;-0.26500001549720764;0.46400001645088196;0.1730000078678131;-0.971000075340271;0.11400000751018524;0.07100000232458115
723335.0;-1.2480000257492065;0.26200002431869507;0.25200000405311584;51.25;2.5;3.5625;1881.0;139.0;-1204.0;321.375;-82.6875;-56.75;-0.69012451171875;0.15582275390625;-0.66412353515625;-0.2415771484375;-0.2750000059604645;0.15800000727176666;0.18400001525878906;-0.9720000624656677;0.10300000756978989;0.06700000166893005
723339.0;-1.2480000257492065;0.26200002431869507;0.25200000405311584;51.25;2.5;3.5625;1881.0;139.0;-1204.0;321.375;-82.6875;-56.75;-0.69012451171875;0.15582275390625;-0.66412353515625;-0.2415771484375;-0.2750000059604645;0.15800000727176666;0.18400001525878906;-0.9720000624656677;0.10300000756978989;0.06700000166893005
723349.0;-1.2690000534057617;0.3270000219345093;0.2120000123977661;51.25;2.5;3.5625;1387.0;-40.0;-1233.0;322.9375;-83.3125;-5.375;-0.69293212890625;0.155029296875;-0.66473388671875;-0.23223876953125;-0.29500001668930054;0.23400001227855682;0.14500001072883606;-0.9740000367164612;0.09200000762939453;0.06599999964237213
723359.0;-1.2780001163482666;0.406000018119812;0.1770000010728836;51.5625;4.5625;2.75;1252.0;-202.0;-1448.0;324.5;-83.9375;-4.5625;-0.6964111328125;0.1552734375;-0.664306640625;-0.22271728515625;-0.30300000309944153;0.3270000219345093;0.10900000482797623;-0.9750000238418579;0.07800000160932541;0.06700000166893005
723369.0;-1.2660000324249268;0.38600000739097595;0.16200000047683716;51.5625;4.5625;2.75;1547.0;-80.0;-1592.0;326.3125;-84.5625;-3.625;-0.69976806640625;0.155029296875;-0.66448974609375;-0.21148681640625;-0.2900000214576721;0.3230000138282776;0.0950000062584877;-0.9760000705718994;0.06200000271201134;0.06700000166893005
723377.0;-1.2480000257492065;0.28600001335144043;0.12200000882148743;51.5625;4.5625;2.75;1752.0;78.0;-1652.0;328.3125;-85.25;-2.6875;-0.7027587890625;0.15447998046875;-0.665283203125;-0.19915771484375;-0.2710000276565552;0.23900000751018524;0.0560000017285347;-0.9770000576972961;0.046000003814697266;0.0650000050663948
723387.0;-1.2410000562667847;0.30900001525878906;0.12400000542402267;51.5625;4.5625;2.75;1654.0;116.0;-1798.0;330.3125;-85.875;-1.6875;-0.70550537109375;0.15472412109375;-0.66595458984375;-0.18658447265625;-0.2630000114440918;0.2800000011920929;0.06000000238418579;-0.9780000448226929;0.029000001028180122;0.06300000101327896
723397.0;-1.2450000047683716;0.35200002789497375;0.09300000220537186;51.5625;4.5625;2.75;1474.0;68.0;-1991.0;332.375;-86.25;-0.5625;-0.7083740234375;0.15631103515625;-0.66595458984375;-0.17388916015625;-0.26600000262260437;0.34200000762939453;0.03100000135600567;-0.9780000448226929;0.009000000543892384;0.06200000271201134
723407.0;-1.2230000495910645;0.36100003123283386;0.06599999964237213;50.875;8.75;2.75;1387.0;70.0;-2088.0;334.4375;-86.3125;0.5625;-0.71112060546875;0.15850830078125;-0.66571044921875;-0.1611328125;-0.24400001764297485;0.3720000088214874;0.004000000189989805;-0.9780000448226929;-0.010000000707805157;0.06200000271201134
723417.0;-1.194000005722046;0.31300002336502075;-0.009000000543892384;50.875;8.75;2.75;1312.0;80.0;-2048.0;336.4375;-85.9375;1.75;-0.713623046875;0.16082763671875;-0.6654052734375;-0.14874267578125;-0.2160000056028366;0.3440000116825104;-0.07100000232458115;-0.9780000448226929;-0.030000001192092896;0.06100000441074371
723427.0;-1.184000015258789;0.3020000159740448;-0.055000003427267075;50.875;8.75;2.75;1238.0;58.0;-1913.0;338.25;-85.3125;2.875;-0.7159423828125;0.16290283203125;-0.6649169921875;-0.13714599609375;-0.20600001513957977;0.35200002789497375;-0.11600000411272049;-0.9770000576972961;-0.049000002443790436;0.06100000441074371
723432.0;-1.1690000295639038;0.29100000858306885;-0.0820000022649765;50.875;8.75;2.75;1211.0;45.0;-1741.0;340.0;-84.625;3.875;-0.718017578125;0.16448974609375;-0.6644287109375;-0.12628173828125;-0.19200000166893005;0.3580000102519989;-0.14400000870227814;-0.9760000705718994;-0.06700000166893005;0.06100000441074371
723442.0;-1.1540000438690186;0.21800000965595245;-0.11400000751018524;50.875;8.75;2.75;1221.0;59.0;-1574.0;341.6875;-83.9375;4.8125;-0.71990966796875;0.1654052734375;-0.6640625;-0.115966796875;-0.17900000512599945;0.30000001192092896;-0.17600001394748688;-0.9750000238418579;-0.0820000022649765;0.06200000271201134
723452.0;-1.1540000438690186;0.21800000965595245;-0.11400000751018524;50.0625;12.5;1.0625;1224.0;97.0;-1441.0;343.25;-83.25;5.625;-0.721435546875;0.16583251953125;-0.66387939453125;-0.1060791015625;-0.17500001192092896;0.27800002694129944;-0.18900001049041748;-0.9730000495910645;-0.09600000083446503;0.06200000271201134
723462.0;-1.1490000486373901;0.1810000091791153;-0.12700000405311584;50.0625;12.5;1.0625;1185.0;110.0;-1335.0;344.75;-82.5625;60.3125;-0.72283935546875;0.16607666015625;-0.66375732421875;-0.09674072265625;-0.17400000989437103;0.2600000202655792;-0.18700000643730164;-0.9720000624656677;-0.10900000482797623;0.06200000271201134
723469.0;-1.1490000486373901;0.1810000091791153;-0.12700000405311584;50.0625;12.5;1.0625;1185.0;110.0;-1335.0;344.75;-82.5625;60.3125;-0.72283935546875;0.16607666015625;-0.66375732421875;-0.09674072265625;-0.17400000989437103;0.2600000202655792;-0.18700000643730164;-0.9720000624656677;-0.10900000482797623;0.06200000271201134
723479.0;-1.1470000743865967;0.1510000079870224;-0.125;50.0625;12.5;1.0625;1097.0;113.0;-1243.0;346.125;-81.9375;62.6875;-0.7239990234375;0.16632080078125;-0.66363525390625;-0.08807373046875;-0.1730000078678131;0.24400001764297485;-0.19200000166893005;-0.971000075340271;-0.1210000067949295;0.06200000271201134
723489.0;-1.1440000534057617;0.12300000339746475;-0.1290000081062317;50.0625;12.5;1.0625;952.0;127.0;-1144.0;347.3125;-81.375;64.6875;-0.72491455078125;0.16668701171875;-0.66357421875;-0.0802001953125;-0.15700000524520874;0.2240000069141388;-0.16200000047683716;-0.9690000414848328;-0.13199999928474426;0.06200000271201134
723499.0;-1.127000093460083;0.09100000560283661;-0.10000000149011612;50.0625;12.5;1.0625;779.0;137.0;-1063.0;348.4375;-80.8125;66.4375;-0.72552490234375;0.16754150390625;-0.6634521484375;-0.07330322265625;-0.1340000033378601;0.21000000834465027;-0.16600000858306885;-0.968000054359436;-0.1420000046491623;0.06200000271201134
723503.0;-1.1019999980926514;0.06700000166893005;-0.10400000214576721;50.0625;12.5;1.0625;779.0;137.0;-1063.0;349.375;-80.3125;67.875;-0.72601318359375;0.168701171875;-0.66326904296875;-0.06732177734375;-0.10900000482797623;0.19300000369548798;-0.1680000126361847;-0.9660000205039978;-0.15200001001358032;0.06200000271201134
723513.0;-1.0760000944137573;0.04100000113248825;-0.10600000619888306;49.375;18.375;0.25;596.0;118.0;-985.0;350.125;-79.8125;69.125;-0.726318359375;0.1705322265625;-0.6629638671875;-0.0623779296875;-0.10200000554323196;0.16300000250339508;-0.16900001466274261;-0.9650000333786011;-0.16100001335144043;0.06100000441074371
723523.0;-1.0670000314712524;0.0010000000474974513;-0.1080000028014183;49.375;18.375;0.25;139.0;129.0;-897.0;350.8125;-79.3125;70.4375;-0.72625732421875;0.17315673828125;-0.66265869140625;-0.05828857421875;-0.07400000095367432;0.12300000339746475;-0.19600000977516174;-0.9630000591278076;-0.17000000178813934;0.06000000238418579
723533.0;-1.0380001068115234;-0.046000003814697266;-0.13500000536441803;49.375;18.375;0.25;-137.0;177.0;-912.0;351.25;-78.8125;72.0;-0.725830078125;0.17694091796875;-0.6624755859375;-0.05511474609375;-0.07100000232458115;0.12800000607967377;-0.2240000069141388;-0.9620000720024109;-0.18000000715255737;0.058000002056360245
723537.0;-1.0380001068115234;-0.046000003814697266;-0.13500000536441803;49.375;18.375;0.25;-137.0;177.0;-912.0;351.25;-78.8125;72.0;-0.725830078125;0.17694091796875;-0.6624755859375;-0.05511474609375;-0.07100000232458115;0.12800000607967377;-0.2240000069141388;-0.9620000720024109;-0.18000000715255737;0.058000002056360245
723547.0;-1.0329999923706055;-0.05100000277161598;-0.16500000655651093;49.375;18.375;0.25;-372.0;279.0;-619.0;351.5;-78.5;73.5625;-0.72467041015625;0.18060302734375;-0.662841796875;-0.05377197265625;-0.40700000524520874;1.0170000791549683;0.32200002670288086;-0.9610000252723694;-0.1860000044107437;0.05400000140070915
723557.0;-1.3680000305175781;0.8300000429153442;0.37700000405311584;49.375;18.375;0.25;-372.0;279.0;-619.0;351.5;-78.5;73.5625;-0.72467041015625;0.18060302734375;-0.662841796875;-0.05377197265625;-0.5300000309944153;2.628000020980835;0.7890000343322754;-0.9610000252723694;-0.1860000044107437;0.052000001072883606
723567.0;-1.4920001029968262;2.442000150680542;0.8420000672340393;47.5;20.6875;0.6875;819.0;369.0;11.0;352.0;-78.5625;74.125;-0.72412109375;0.17755126953125;-0.66448974609375;-0.05059814453125;0.2240000069141388;1.1510000228881836;0.0010000000474974513;-0.9620000720024109;-0.18000000715255737;0.058000002056360245
723574.0;-0.737000048160553;0.971000075340271;0.05900000408291817;47.5;20.6875;0.6875;2156.0;-166.0;450.0;352.5625;-79.25;69.75;-0.7279052734375;0.16253662109375;-0.6644287109375;-0.047119140625;0.27000001072883606;0.24700000882148743;0.0950000062584877;-0.9630000591278076;-0.17000000178813934;0.06200000271201134
723584.0;-0.6930000185966492;0.07700000703334808;0.15800000727176666;47.5;20.6875;0.6875;472.0;-336.0;920.0;350.625;-79.9375;68.0;-0.72735595703125;0.1654052734375;-0.663330078125;-0.059326171875;0.203000009059906;-0.07900000363588333;-0.0560000017285347;-0.9650000333786011;-0.15800000727176666;0.06300000101327896
723594.0;-0.7620000243186951;-0.2370000183582306;0.007000000216066837;47.5;20.6875;0.6875;-1955.0;-429.0;1299.0;348.5;-80.3125;67.4375;-0.725830078125;0.1734619140625;-0.66162109375;-0.07305908203125;0.03100000135600567;0.014000000432133675;-0.03200000151991844;-0.9660000205039978;-0.15200001001358032;0.06300000101327896
723604.0;-0.9350000619888306;-0.13700000941753387;0.030000001192092896;47.5;20.6875;0.6875;-2905.0;-383.0;838.0;348.5;-80.3125;67.4375;-0.725830078125;0.1734619140625;-0.66162109375;-0.07305908203125;0.03100000135600567;0.014000000432133675;-0.03200000151991844;-0.9660000205039978;-0.15200001001358032;0.06300000101327896
723608.0;-0.9350000619888306;-0.13700000941753387;0.030000001192092896;47.5;20.6875;0.6875;-2905.0;-383.0;838.0;348.5;-80.3125;67.4375;-0.725830078125;0.1734619140625;-0.66162109375;-0.07305908203125;0.03100000135600567;0.014000000432133675;-0.03200000151991844;-0.9660000205039978;-0.15200001001358032;0.06300000101327896
723618.0;-0.9270000457763672;-0.20000000298023224;-0.11000000685453415;48.1875;21.0;0.25;-2190.0;158.0;-192.0;347.375;-80.25;69.5625;-0.72332763671875;0.18255615234375;-0.6611328125;-0.07977294921875;0.039000000804662704;-0.04500000178813934;-0.16700001060962677;-0.9660000205039978;-0.1550000011920929;0.05700000375509262
723628.0;-0.956000030040741;-0.34300002455711365;-0.12000000476837158;48.1875;21.0;0.25;-1106.0;669.0;-777.0;347.3125;-79.9375;73.25;-0.71697998046875;0.19610595703125;-0.6640625;-0.08087158203125;-0.1080000028014183;-0.20900000631809235;-0.1980000138282776;-0.9640000462532043;-0.17000000178813934;0.04000000283122063
723638.0;-1.0730000734329224;-0.3790000081062317;-0.15700000524520874;48.1875;21.0;0.25;-1063.0;685.0;-571.0;347.0625;-79.6875;76.625;-0.71435546875;0.2021484375;-0.6644287109375;-0.085693359375;-0.1380000114440918;0.021000001579523087;-0.16900001466274261;-0.9640000462532043;-0.17100000381469727;0.03400000184774399
723643.0;-1.1019999980926514;-0.15000000596046448;-0.1340000033378601;48.1875;21.0;0.25;-1511.0;288.0;-61.0;346.3125;-79.6875;78.5625;-0.71307373046875;0.207275390625;-0.66339111328125;-0.09228515625;-0.014000000432133675;-0.05400000140070915;-0.0990000069141388;-0.9650000333786011;-0.16900001466274261;0.032999999821186066
723653.0;-0.9790000319480896;-0.2240000069141388;-0.06599999964237213;48.1875;21.0;0.25;-1591.0;-143.0;229.0;345.25;-79.8125;78.875;-0.71307373046875;0.207275390625;-0.66339111328125;-0.09228515625;-0.014000000432133675;-0.05400000140070915;-0.0990000069141388;-0.9650000333786011;-0.16900001466274261;0.032999999821186066
723663.0;-0.8720000386238098;-0.3760000169277191;0.026000000536441803;47.875;20.25;0.5625;-1414.0;-294.0;355.0;344.1875;-80.0;78.5;-0.71234130859375;0.21124267578125;-0.66192626953125;-0.098876953125;0.09300000220537186;-0.21000000834465027;-0.006000000052154064;-0.9650000333786011;-0.16600000858306885;0.032999999821186066
723673.0;-0.8140000104904175;-0.46800002455711365;0.11400000751018524;47.875;20.25;0.5625;-1289.0;-180.0;432.0;343.125;-80.1875;78.375;-0.7113037109375;0.2144775390625;-0.66107177734375;-0.105224609375;0.11700000613927841;-0.19300000369548798;0.20200000703334808;-0.9670000672340393;-0.15900000929832458;0.03100000135600567
723677.0;-0.8140000104904175;-0.46800002455711365;0.11400000751018524;47.875;20.25;0.5625;-1289.0;-180.0;432.0;343.125;-80.1875;78.375;-0.7113037109375;0.2144775390625;-0.66107177734375;-0.105224609375;0.11700000613927841;-0.19300000369548798;0.20200000703334808;-0.9670000672340393;-0.15900000929832458;0.03100000135600567
723687.0;-0.8490000367164612;-0.3530000150203705;0.23400001227855682;47.875;20.25;0.5625;-1190.0;-30.0;348.0;342.25;-80.4375;78.75;-0.7098388671875;0.21771240234375;-0.66064453125;-0.1107177734375;0.0650000050663948;-0.036000002175569534;0.2110000103712082;-0.9670000672340393;-0.15800000727176666;0.029000001028180122
723697.0;-0.9010000228881836;-0.19500000774860382;0.24000000953674316;47.875;20.25;0.5625;-981.0;62.0;108.0;341.625;-80.5;79.5;-0.70843505859375;0.22100830078125;-0.66046142578125;-0.11444091796875;0.013000000268220901;0.08500000089406967;0.2070000171661377;-0.9670000672340393;-0.1600000113248825;0.027000000700354576
723707.0;-0.9530000686645508;-0.07400000095367432;0.23500001430511475;47.875;20.25;0.5625;-637.0;105.0;-112.0;341.3125;-80.4375;80.3125;-0.7073974609375;0.223876953125;-0.66033935546875;-0.11614990234375;0.013000000268220901;0.08500000089406967;0.2070000171661377;-0.9670000672340393;-0.1600000113248825;0.027000000700354576
723711.0;-1.003000020980835;0.017000000923871994;0.20000000298023224;47.875;19.875;2.1875;-317.0;93.0;-246.0;341.3125;-80.3125;81.0;-0.70684814453125;0.2259521484375;-0.66015625;-0.1162109375;-0.03700000047683716;0.18000000715255737;0.17400000989437103;-0.9660000205039978;-0.16200000047683716;0.02500000037252903
723721.0;-1.0360000133514404;0.009000000543892384;0.10700000822544098;47.875;19.875;2.1875;-85.0;24.0;-238.0;341.375;-80.125;81.25;-0.706787109375;0.22711181640625;-0.659912109375;-0.1156005859375;-0.07000000029802322;0.17400000989437103;0.0820000022649765;-0.9650000333786011;-0.16700001060962677;0.026000000536441803
723731.0;-1.0230000019073486;-0.08100000023841858;0.07500000298023224;47.875;19.875;2.1875;27.0;-71.0;-174.0;341.5;-80.0625;81.0625;-0.7071533203125;0.22760009765625;-0.65948486328125;-0.11492919921875;-0.05700000375509262;0.08500000089406967;0.049000002443790436;-0.9650000333786011;-0.16700001060962677;0.026000000536441803
723741.0;-1.003000020980835;-0.14900000393390656;0.0560000017285347;47.875;19.875;2.1875;75.0;-137.0;-120.0;341.625;-79.9375;80.625;-0.70782470703125;0.2276611328125;-0.65887451171875;-0.1143798828125;-0.03700000047683716;0.018000001087784767;0.02800000086426735;-0.9650000333786011;-0.1680000126361847;0.027000000700354576
723749.0;-1.003000020980835;-0.14900000393390656;0.0560000017285347;47.875;19.875;2.1875;75.0;-137.0;-120.0;341.625;-79.9375;80.625;-0.70782470703125;0.2276611328125;-0.65887451171875;-0.1143798828125;-0.03700000047683716;0.018000001087784767;0.02800000086426735;-0.9650000333786011;-0.1680000126361847;0.027000000700354576
723759.0;-0.9660000205039978;-0.18000000715255737;0.03700000047683716;47.875;19.875;2.1875;202.0;-130.0;-104.0;341.75;-79.875;80.125;-0.70855712890625;0.2271728515625;-0.65838623046875;-0.11346435546875;-0.0010000000474974513;-0.01100000087171793;0.00800000037997961;-0.9650000333786011;-0.16900001466274261;0.029000001028180122
723769.0;-0.9610000252723694;-0.15300001204013824;0.03100000135600567;48.5625;19.5;2.25;368.0;-94.0;-106.0;342.0625;-79.8125;79.6875;-0.70941162109375;0.22613525390625;-0.6580810546875;-0.11187744140625;0.003000000026077032;0.01600000075995922;0.0;-0.9650000333786011;-0.17000000178813934;0.030000001192092896
723779.0;-0.9580000638961792;-0.10200000554323196;0.029000001028180122;48.5625;19.5;2.25;435.0;-56.0;-66.0;342.3125;-79.75;79.25;-0.71014404296875;0.22467041015625;-0.6580810546875;-0.11016845703125;0.006000000052154064;0.06800000369548798;-0.0020000000949949026;-0.9650000333786011;-0.17000000178813934;0.03200000151991844
723789.0;-0.9480000734329224;-0.058000002056360245;0.018000001087784767;48.5625;19.5;2.25;387.0;-39.0;15.0;342.5625;-79.75;78.875;-0.71075439453125;0.22314453125;-0.65814208984375;-0.10894775390625;0.01600000075995922;0.11100000888109207;-0.014000000432133675;-0.9650000333786011;-0.17000000178813934;0.032999999821186066
723799.0;-0.9320000410079956;-0.04400000348687172;0.02800000086426735;48.5625;19.5;2.25;228.0;-40.0;98.0;342.625;-79.8125;78.5625;-0.71112060546875;0.221923828125;-0.65826416015625;-0.10858154296875;0.032999999821186066;0.125;-0.005000000353902578;-0.9650000333786011;-0.16900001466274261;0.03400000184774399
723804.0;-0.9320000410079956;-0.09200000762939453;0.04100000113248825;48.5625;19.5;2.25;27.0;-33.0;128.0;342.5625;-79.875;78.3125;-0.711181640625;0.22137451171875;-0.6583251953125;-0.1090087890625;0.032999999821186066;0.07500000298023224;0.006000000052154064;-0.9650000333786011;-0.1680000126361847;0.03400000184774399
723814.0;-0.9420000314712524;-0.11900000274181366;0.058000002056360245;48.1875;20.6875;2.75;-126.0;-5.0;100.0;342.4375;-79.9375;78.3125;-0.7109375;0.22149658203125;-0.6583251953125;-0.10980224609375;0.023000001907348633;0.04700000211596489;0.023000001907348633;-0.9650000333786011;-0.16700001060962677;0.03400000184774399
723824.0;-0.9590000510215759;-0.1210000067949295;0.05900000408291817;48.1875;20.6875;2.75;-151.0;37.0;57.0;342.3125;-80.0;78.5;-0.71063232421875;0.22186279296875;-0.658447265625;-0.11053466796875;0.006000000052154064;0.04500000178813934;0.02500000037252903;-0.9650000333786011;-0.16600000858306885;0.032999999821186066
723834.0;-0.9850000739097595;-0.1080000028014183;0.058000002056360245;48.1875;20.6875;2.75;-61.0;52.0;35.0;342.25;-80.0;78.6875;-0.7103271484375;0.2220458984375;-0.65869140625;-0.11077880859375;-0.01900000125169754;0.05700000375509262;0.02500000037252903;-0.9650000333786011;-0.16600000858306885;0.032999999821186066
723844.0;-0.9830000400543213;-0.0820000022649765;0.0560000017285347;48.1875;20.6875;2.75;36.0;44.0;34.0;342.25;-80.0625;78.8125;-0.710205078125;0.2218017578125;-0.65887451171875;-0.1107177734375;-0.017000000923871994;0.08300000429153442;0.023000001907348633;-0.9650000333786011;-0.16500000655651093;0.03200000151991844
723854.0;-0.9770000576972961;-0.05900000408291817;0.058000002056360245;48.1875;20.6875;2.75;106.0;18.0;66.0;342.25;-80.0625;78.75;-0.71026611328125;0.22119140625;-0.65911865234375;-0.110595703125;-0.010000000707805157;0.10500000417232513;0.02500000037252903;-0.9660000205039978;-0.16500000655651093;0.03200000151991844
723858.0;-0.9770000576972961;-0.05900000408291817;0.058000002056360245;48.1875;20.6875;2.75;106.0;18.0;66.0;342.25;-80.0625;78.75;-0.71026611328125;0.22119140625;-0.65911865234375;-0.110595703125;-0.010000000707805157;0.10500000417232513;0.02500000037252903;-0.9660000205039978;-0.16500000655651093;0.03200000151991844
723868.0;-0.9770000576972961;-0.05900000408291817;0.058000002056360245;47.875;19.875;2.0;153.0;9.0;64.0;342.625;-80.125;78.625;-0.710693359375;0.2186279296875;-0.65985107421875;-0.10845947265625;0.01900000125169754;0.13199999928474426;0.03700000047683716;-0.9660000205039978;-0.164000004529953;0.03200000151991844
723878.0;-0.9460000395774841;-0.03200000151991844;0.07000000029802322;47.875;19.875;2.0;178.0;7.0;16.0;342.6875;-80.125;78.5;-0.71087646484375;0.2178955078125;-0.65997314453125;-0.10791015625;0.024000000208616257;0.12800000607967377;0.04100000113248825;-0.9660000205039978;-0.164000004529953;0.032999999821186066
723888.0;-0.9410000443458557;-0.03500000014901161;0.07400000095367432;47.875;19.875;2.0;188.0;36.0;-36.0;342.8125;-80.125;78.5625;-0.71099853515625;0.21734619140625;-0.66015625;-0.1070556640625;0.020000001415610313;0.11700000613927841;0.024000000208616257;-0.9660000205039978;-0.164000004529953;0.032999999821186066
723893.0;-0.9450000524520874;-0.046000003814697266;0.058000002056360245;47.875;19.875;2.0;192.0;65.0;-82.0;343.0;-80.0625;78.6875;-0.71099853515625;0.21697998046875;-0.660400390625;-0.10601806640625;0.004000000189989805;0.11000000685453415;0.04000000283122063;-0.9660000205039978;-0.16500000655651093;0.03200000151991844
723903.0;-0.9610000252723694;-0.05400000140070915;0.07300000637769699;47.875;19.875;2.0;207.0;83.0;-127.0;343.1875;-80.0;78.9375;-0.7110595703125;0.2166748046875;-0.66070556640625;-0.10467529296875;-0.04100000113248825;0.1300000101327896;0.09100000560283661;-0.9650000333786011;-0.16600000858306885;0.03200000151991844
723913.0;-1.0070000886917114;-0.036000002175569534;0.12400000542402267;47.875;19.875;2.0;207.0;83.0;-127.0;343.1875;-80.0;78.9375;-0.71112060546875;0.21527099609375;-0.6614990234375;-0.10162353515625;-0.06800000369548798;0.12700000405311584;0.0950000062584877;-0.9650000333786011;-0.1680000126361847;0.03100000135600567
723923.0;-1.034000039100647;-0.04100000113248825;0.12700000405311584;48.1875;19.875;2.75;280.0;137.0;-194.0;343.6875;-79.9375;79.375;-0.71124267578125;0.215087890625;-0.661865234375;-0.09918212890625;-0.027000000700354576;0.10500000417232513;0.05700000375509262;-0.9650000333786011;-0.17100000381469727;0.030000001192092896
723927.0;-1.034000039100647;-0.04100000113248825;0.12700000405311584;48.1875;19.875;2.75;280.0;137.0;-194.0;343.6875;-79.9375;79.375;-0.71124267578125;0.215087890625;-0.661865234375;-0.09918212890625;-0.027000000700354576;0.10500000417232513;0.05700000375509262;-0.9650000333786011;-0.17100000381469727;0.030000001192092896
723937.0;-0.9920000433921814;-0.06599999964237213;0.08800000697374344;48.1875;19.875;2.75;263.0;16.0;-195.0;344.375;-79.625;79.8125;-0.7115478515625;0.21478271484375;-0.661865234375;-0.0975341796875;-0.03500000014901161;0.16900001466274261;0.08400000631809235;-0.9640000462532043;-0.1730000078678131;0.03100000135600567
723947.0;-1.0;-0.003000000026077032;0.11500000208616257;48.1875;19.875;2.75;210.0;-13.0;-85.0;344.5625;-79.5625;79.6875;-0.7119140625;0.21429443359375;-0.66180419921875;-0.096435546875;-0.01600000075995922;0.24800001084804535;0.08500000089406967;-0.9640000462532043;-0.1730000078678131;0.03100000135600567
723957.0;-0.9810000658035278;0.07400000095367432;0.11700000613927841;48.1875;19.875;2.75;163.0;-82.0;-42.0;344.625;-79.5625;79.3125;-0.71240234375;0.21380615234375;-0.6614990234375;-0.0958251953125;-0.015000000596046448;0.2600000202655792;0.08900000154972076;-0.9640000462532043;-0.17400000989437103;0.03200000151991844
723965.0;-0.9800000190734863;0.08500000089406967;0.12200000882148743;48.1875;19.875;2.75;163.0;-82.0;-42.0;344.625;-79.5625;79.3125;-0.71240234375;0.21380615234375;-0.6614990234375;-0.0958251953125;-0.023000001907348633;0.29100000858306885;0.0950000062584877;-0.9640000462532043;-0.17400000989437103;0.03400000184774399
723975.0;-0.987000048160553;0.11700000613927841;0.1300000101327896;47.375;20.6875;2.25;81.0;-146.0;1.0;345.0;-79.5;78.8125;-0.7132568359375;0.211669921875;-0.66156005859375;-0.0938720703125;-0.023000001907348633;0.29100000858306885;0.0950000062584877;-0.9640000462532043;-0.1730000078678131;0.036000002175569534
723985.0;-0.9980000257492065;0.15900000929832458;0.14800000190734863;47.375;20.6875;2.25;44.0;-190.0;69.0;344.875;-79.625;77.1875;-0.71478271484375;0.2103271484375;-0.66021728515625;-0.0948486328125;-0.04500000178813934;0.3840000033378601;0.13900001347064972;-0.9640000462532043;-0.1720000058412552;0.03800000250339508
723995.0;-1.0099999904632568;0.2120000123977661;0.17800000309944153;47.375;20.6875;2.25;54.0;-244.0;148.0;344.6875;-79.75;76.0625;-0.7156982421875;0.208984375;-0.65948486328125;-0.09588623046875;-0.05100000277161598;0.3960000276565552;0.16200000047683716;-0.9650000333786011;-0.16900001466274261;0.04100000113248825
724005.0;-1.0160000324249268;0.22700001299381256;0.20400001108646393;47.375;20.6875;2.25;74.0;-282.0;269.0;344.4375;-79.9375;74.625;-0.71661376953125;0.20703125;-0.6588134765625;-0.0975341796875;-0.06100000441074371;0.41100001335144043;0.1810000091791153;-0.9650000333786011;-0.164000004529953;0.04500000178813934
724015.0;-1.0260000228881836;0.2460000067949295;0.22700001299381256;47.375;20.6875;2.25;77.0;-310.0;420.0;344.4375;-79.9375;74.625;-0.71661376953125;0.20703125;-0.6588134765625;-0.0975341796875;-0.06100000441074371;0.41100001335144043;0.1810000091791153;-0.9650000333786011;-0.164000004529953;0.04500000178813934
724019.0;-1.0260000228881836;0.2460000067949295;0.22700001299381256;47.375;20.6875;2.25;77.0;-310.0;420.0;344.4375;-79.9375;74.625;-0.71661376953125;0.20703125;-0.6588134765625;-0.0975341796875;-0.06100000441074371;0.41100001335144043;0.1810000091791153;-0.9650000333786011;-0.164000004529953;0.04500000178813934
724029.0;-1.0460000038146973;0.3060000240802765;0.23900000751018524;47.875;21.0;2.25;58.0;-345.0;549.0;344.375;-80.1875;72.875;-0.71783447265625;0.20343017578125;-0.6585693359375;-0.09832763671875;-0.08000000566244125;0.4660000205039978;0.1900000125169754;-0.9660000205039978;-0.15900000929832458;0.04800000041723251
724039.0;-1.0570000410079956;0.34200000762939453;0.23200000822544098;47.875;21.0;2.25;24.0;-374.0;648.0;343.9375;-80.5;70.875;-0.7197265625;0.19830322265625;-0.65704345703125;-0.10455322265625;-0.10100000351667404;0.5100000500679016;0.15600000321865082;-0.968000054359436;-0.14500001072883606;0.0560000017285347
724049.0;-1.069000005722046;0.36500000953674316;0.21300001442432404;47.875;21.0;2.25;-57.0;-396.0;733.0;343.4375;-80.8125;68.625;-0.72052001953125;0.19598388671875;-0.65618896484375;-0.1087646484375;-0.1120000034570694;0.5180000066757202;0.1290000081062317;-0.9690000414848328;-0.13600000739097595;0.06000000238418579
724053.0;-1.0810000896453857;0.38100001215934753;0.1900000125169754;47.875;21.0;2.25;-193.0;-429.0;824.0;342.8125;-81.1875;66.0;-0.72125244140625;0.19384765625;-0.6551513671875;-0.114013671875;-0.14300000667572021;0.5250000357627869;0.0950000062584877;-0.9700000286102295;-0.12700000405311584;0.0650000050663948
724063.0;-1.1140000820159912;0.3970000147819519;0.1600000113248825;47.875;21.0;2.25;-354.0;-467.0;920.0;342.0;-81.5625;62.9375;-0.72125244140625;0.19384765625;-0.6551513671875;-0.114013671875;-0.14300000667572021;0.5250000357627869;0.0950000062584877;-0.9700000286102295;-0.12700000405311584;0.0650000050663948
724073.0;-1.1350001096725464;0.398000031709671;0.1550000011920929;47.875;19.5;1.0625;-486.0;-492.0;996.0;341.3125;-81.9375;59.4375;-0.72210693359375;0.1905517578125;-0.6544189453125;-0.118408203125;-0.164000004529953;0.5160000324249268;0.0860000029206276;-0.971000075340271;-0.11700000613927841;0.0690000057220459
724083.0;-1.1600000858306885;0.3960000276565552;0.16100001335144043;47.875;19.5;1.0625;-582.0;-505.0;1052.0;340.375;-82.3125;55.4375;-0.72259521484375;0.1888427734375;-0.65313720703125;-0.12493896484375;-0.18800000846385956;0.503000020980835;0.08700000494718552;-0.9720000624656677;-0.09600000083446503;0.07800000160932541
724087.0;-1.1600000858306885;0.3960000276565552;0.16100001335144043;47.875;19.5;1.0625;-582.0;-505.0;1052.0;340.375;-82.3125;55.4375;-0.72259521484375;0.1888427734375;-0.65313720703125;-0.12493896484375;-0.18800000846385956;0.503000020980835;0.08700000494718552;-0.9720000624656677;-0.09600000083446503;0.07800000160932541
724097.0;-1.187000036239624;0.38700002431869507;0.164000004529953;47.875;19.5;1.0625;-646.0;-540.0;1092.0;339.3125;-82.625;50.8125;-0.72308349609375;0.1871337890625;-0.6517333984375;-0.13189697265625;-0.2460000067949295;0.4650000333786011;0.0860000029206276;-0.9730000495910645;-0.08500000089406967;0.08400000631809235
724107.0;-1.2190001010894775;0.3800000250339508;0.17000000178813934;47.875;19.5;1.0625;-693.0;-585.0;1131.0;338.1875;-82.9375;45.5;-0.72357177734375;0.18548583984375;-0.65008544921875;-0.13916015625;-0.25300002098083496;0.47200003266334534;0.07800000160932541;-0.9730000495910645;-0.07400000095367432;0.09000000357627869
724117.0;-1.227000117301941;0.3970000147819519;0.1680000126361847;47.875;19.5;1.0625;-690.0;-623.0;1182.0;337.0625;-83.125;4.3125;-0.72418212890625;0.18359375;-0.64837646484375;-0.14666748046875;-0.25300002098083496;0.47200003266334534;0.07800000160932541;-0.9730000495910645;-0.07400000095367432;0.09000000357627869
724121.0;-1.2400000095367432;0.4220000207424164;0.16100001335144043;50.0625;17.0;-0.0625;-647.0;-655.0;1250.0;336.1875;-83.25;3.625;-0.72509765625;0.17999267578125;-0.64691162109375;-0.15283203125;-0.26600000262260437;0.484000027179718;0.0650000050663948;-0.9730000495910645;-0.06200000271201134;0.09600000083446503
724131.0;-1.2750000953674316;0.4490000307559967;0.14800000190734863;50.0625;17.0;-0.0625;-609.0;-676.0;1339.0;335.0;-83.3125;2.8125;-0.7257080078125;0.17724609375;-0.64508056640625;-0.16070556640625;-0.30100002884864807;0.49800002574920654;0.04500000178813934;-0.9740000367164612;-0.04800000041723251;0.10200000554323196
724141.0;-1.2880001068115234;0.4580000340938568;0.15000000596046448;50.0625;17.0;-0.0625;-629.0;-697.0;1428.0;333.75;-83.25;2.0;-0.72625732421875;0.1741943359375;-0.6431884765625;-0.1689453125;-0.3140000104904175;0.4930000305175781;0.04000000283122063;-0.9730000495910645;-0.020000001415610313;0.11700000613927841
724151.0;-1.3130000829696655;0.46700000762939453;0.1510000079870224;50.0625;17.0;-0.0625;-718.0;-727.0;1510.0;332.4375;-83.0;9.8125;-0.7266845703125;0.171142578125;-0.64111328125;-0.1778564453125;-0.3400000035762787;0.4870000183582306;0.03400000184774399;-0.9730000495910645;-0.020000001415610313;0.11700000613927841
724155.0;-1.3130000829696655;0.46700000762939453;0.1510000079870224;50.0625;17.0;-0.0625;-718.0;-727.0;1510.0;332.4375;-83.0;9.8125;-0.7266845703125;0.171142578125;-0.64111328125;-0.1778564453125;-0.3400000035762787;0.4870000183582306;0.03400000184774399;-0.9730000495910645;-0.020000001415610313;0.11700000613927841
724165.0;-1.3310000896453857;0.4780000150203705;0.14000000059604645;50.0625;17.0;-0.0625;-863.0;-742.0;1560.0;331.0625;-82.6875;2.4375;-0.7269287109375;0.16845703125;-0.6387939453125;-0.18743896484375;-0.3580000102519989;0.484000027179718;0.01600000075995922;-0.9720000624656677;-0.005000000353902578;0.12400000542402267
724175.0;-1.3630000352859497;0.47700002789497375;0.14600001275539398;49.6875;14.6875;-0.5;-1054.0;-764.0;1573.0;329.75;-82.1875;-4.0;-0.727294921875;0.165283203125;-0.636474609375;-0.19635009765625;-0.3920000195503235;0.46800002455711365;0.014000000432133675;-0.971000075340271;0.009000000543892384;0.13199999928474426
724185.0;-1.3850001096725464;0.4690000116825104;0.14400000870227814;49.6875;14.6875;-0.5;-1286.0;-798.0;1556.0;328.125;-81.625;-9.4375;-0.72723388671875;0.16412353515625;-0.6334228515625;-0.20733642578125;-0.4140000343322754;0.44600000977516174;0.003000000026077032;-0.9700000286102295;0.023000001907348633;0.14000000059604645
724189.0;-1.3850001096725464;0.4690000116825104;0.14400000870227814;49.6875;14.6875;-0.5;-1286.0;-798.0;1556.0;328.125;-81.625;-9.4375;-0.72723388671875;0.16412353515625;-0.6334228515625;-0.20733642578125;-0.4140000343322754;0.44600000977516174;0.003000000026077032;-0.9700000286102295;0.023000001907348633;0.14000000059604645
724199.0;-1.406000018119812;0.45500001311302185;0.1420000046491623;49.6875;14.6875;-0.5;-1571.0;-835.0;1574.0;326.375;-80.875;-13.875;-0.72686767578125;0.16400146484375;-0.62982177734375;-0.2193603515625;-0.43700000643730164;0.4180000126361847;-0.007000000216066837;-0.968000054359436;0.03700000047683716;0.14900000393390656
724209.0;-1.4320000410079956;0.4310000240802765;0.16100001335144043;49.6875;14.6875;-0.5;-1879.0;-885.0;1622.0;324.4375;-80.125;-17.5625;-0.72625732421875;0.164794921875;-0.62554931640625;-0.2325439453125;-0.4660000205039978;0.3800000250339508;0.0020000000949949026;-0.9660000205039978;0.05000000074505806;0.15900000929832458
724219.0;-1.4530000686645508;0.34300002455711365;0.19500000774860382;49.6875;14.6875;-0.5;-2184.0;-972.0;1709.0;322.3125;-79.25;-20.5625;-0.725341796875;0.166259765625;-0.62060546875;-0.24713134765625;-0.49000000953674316;0.27900001406669617;0.024000000208616257;-0.9630000591278076;0.06400000303983688;0.17100000381469727
724223.0;-1.4580000638961792;0.2900000214576721;0.242000013589859;49.5625;11.0;-1.75;-2381.0;-1096.0;1842.0;320.0625;-78.1875;-23.0625;-0.724365234375;0.1678466796875;-0.61480712890625;-0.2628173828125;-0.49800002574920654;0.2110000103712082;0.058000002056360245;-0.9600000381469727;0.07800000160932541;0.18400001525878906
724233.0;-1.4520000219345093;0.24900001287460327;0.2710000276565552;49.5625;11.0;-1.75;-2427.0;-1211.0;1962.0;317.75;-77.0625;-25.1875;-0.72332763671875;0.1690673828125;-0.60845947265625;-0.27923583984375;-0.4960000216960907;0.15600000321865082;0.07300000637769699;-0.9550000429153442;0.09300000220537186;0.1980000138282776
724243.0;-1.4420000314712524;0.19300000369548798;0.3270000219345093;49.5625;11.0;-1.75;-2343.0;-1317.0;2058.0;315.4375;-75.75;-26.9375;-0.72235107421875;0.16943359375;-0.60174560546875;-0.2957763671875;-0.4910000264644623;0.08400000631809235;0.1120000034570694;-0.9500000476837158;0.10900000482797623;0.21400001645088196
724253.0;-1.4270000457763672;0.20100000500679016;0.359000027179718;49.5625;11.0;-1.75;-2185.0;-1402.0;2165.0;313.1875;-74.4375;-28.5;-0.7213134765625;0.16864013671875;-0.59478759765625;-0.31219482421875;-0.4820000231266022;0.07500000298023224;0.12800000607967377;-0.9440000653266907;0.125;0.23000000417232513
724257.0;-1.4270000457763672;0.20100000500679016;0.359000027179718;49.5625;11.0;-1.75;-2185.0;-1402.0;2165.0;313.1875;-74.4375;-28.5;-0.7213134765625;0.16864013671875;-0.59478759765625;-0.31219482421875;-0.4820000231266022;0.07500000298023224;0.12800000607967377;-0.9440000653266907;0.125;0.23000000417232513
724267.0;-1.4190000295639038;0.242000013589859;0.3530000150203705;49.5625;11.0;-1.75;-1987.0;-1439.0;2288.0;310.9375;-73.0;-30.0;-0.72021484375;0.1666259765625;-0.5880126953125;-0.328369140625;-0.4820000231266022;0.09800000488758087;0.10500000417232513;-0.937000036239624;0.14300000667572021;0.24800001084804535
724277.0;-1.4190000295639038;0.242000013589859;0.3530000150203705;51.0625;6.875;-3.75;-1804.0;-1442.0;2399.0;308.75;-71.5;-31.375;-0.71881103515625;0.16351318359375;-0.5814208984375;-0.34429931640625;-0.48500001430511475;0.1380000114440918;0.07700000703334808;-0.9300000667572021;0.16200000047683716;0.26500001549720764
724287.0;-1.415000081062317;0.30000001192092896;0.34200000762939453;51.0625;6.875;-3.75;-1743.0;-1481.0;2515.0;306.625;-69.9375;-32.6875;-0.7171630859375;0.15966796875;-0.57470703125;-0.36041259765625;-0.4520000219345093;0.2070000171661377;0.030000001192092896;-0.921000063419342;0.1810000091791153;0.28200000524520874
724291.0;-1.3730000257492065;0.3880000114440918;0.31300002336502075;51.0625;6.875;-3.75;-1877.0;-1542.0;2691.0;304.3125;-68.25;-33.75;-0.71502685546875;0.15570068359375;-0.56744384765625;-0.3775634765625;-0.43700000643730164;0.22700001299381256;-0.013000000268220901;-0.9110000729560852;0.20100000500679016;0.30100002884864807
724301.0;-1.3480000495910645;0.42900002002716064;0.2880000174045563;51.0625;6.875;-3.75;-2190.0;-1596.0;2863.0;301.8125;-66.5;-34.5625;-0.712158203125;0.15216064453125;-0.55926513671875;-0.3961181640625;-0.45000001788139343;0.2760000228881836;-0.018000001087784767;-0.8990000486373901;0.22200001776218414;0.32100000977516174
724311.0;-1.350000023841858;0.49800002574920654;0.30300000309944153;51.0625;6.875;-3.75;-2662.0;-1694.0;3153.0;299.0;-64.5625;-35.125;-0.70819091796875;0.1492919921875;-0.54974365234375;-0.4171142578125;-0.4750000238418579;0.24300001561641693;-0.020000001415610313;-0.8850000500679016;0.242000013589859;0.3440000116825104
724321.0;-1.3610000610351562;0.48600003123283386;0.3230000138282776;51.0625;6.875;-3.75;-2662.0;-1694.0;3153.0;296.0625;-62.5;-35.25;-0.7037353515625;0.14697265625;-0.538818359375;-0.4390869140625;-0.445000022649765;0.10700000822544098;0.05300000309944153;-0.8700000643730164;0.26100000739097595;0.3680000305175781
724331.0;-1.3160001039505005;0.3680000305175781;0.4220000207424164;51.0625;1.375;-5.875;-2973.0;-1803.0;3233.0;293.25;-60.5625;-34.9375;-0.69940185546875;0.1455078125;-0.52679443359375;-0.4605712890625;-0.445000022649765;0.08800000697374344;0.07000000029802322;-0.8540000319480896;0.2760000228881836;0.39400002360343933
724337.0;-1.3160001039505005;0.3680000305175781;0.4220000207424164;51.0625;1.375;-5.875;-2973.0;-1803.0;3233.0;293.25;-60.5625;-34.9375;-0.69940185546875;0.1455078125;-0.52679443359375;-0.4605712890625;-0.445000022649765;0.08800000697374344;0.07000000029802322;-0.8540000319480896;0.2760000228881836;0.39400002360343933
724347.0;-1.2990000247955322;0.36400002241134644;0.4650000333786011;51.0625;1.375;-5.875;-3208.0;-1979.0;3079.0;290.4375;-58.5;-34.4375;-0.69476318359375;0.1439208984375;-0.51385498046875;-0.48223876953125;-0.445000022649765;0.06100000441074371;0.07800000160932541;-0.8360000252723694;0.289000004529953;0.4220000207424164
724357.0;-1.281000018119812;0.35100001096725464;0.5;51.0625;1.375;-5.875;-3153.0;-2057.0;3072.0;287.75;-56.4375;-33.875;-0.68988037109375;0.141845703125;-0.50048828125;-0.50347900390625;-0.4620000123977661;0.03700000047683716;0.08300000429153442;-0.8170000314712524;0.3020000159740448;0.4490000307559967
724367.0;-1.2790000438690186;0.33900001645088196;0.5330000519752502;51.0625;1.375;-5.875;-2974.0;-2134.0;3013.0;285.1875;-54.3125;-33.25;-0.68505859375;0.1390380859375;-0.48687744140625;-0.52374267578125;-0.46800002455711365;-0.030000001192092896;0.0990000069141388;-0.7970000505447388;0.31300002336502075;0.47700002789497375
724377.0;-1.2650001049041748;0.28200000524520874;0.5770000219345093;51.0625;1.375;-5.875;-2974.0;-2134.0;3013.0;285.1875;-54.3125;-33.25;-0.68505859375;0.1390380859375;-0.48687744140625;-0.52374267578125;-0.46800002455711365;-0.030000001192092896;0.0990000069141388;-0.7750000357627869;0.3240000009536743;0.5049999952316284
724387.0;-1.249000072479248;0.24800001084804535;0.5980000495910645;49.875;-6.375;-9.6875;-2729.0;-2226.0;3008.0;282.75;-52.1875;-32.625;-0.6802978515625;0.13494873046875;-0.473388671875;-0.5430908203125;-0.47300001978874207;-0.07600000500679016;0.09200000762939453;-0.7520000338554382;0.33500000834465027;0.5320000052452087
724396.0;-1.2410000562667847;0.24700000882148743;0.6230000257492065;49.875;-6.375;-9.6875;-2441.0;-2293.0;3042.0;278.3125;-47.875;-31.75;-0.67041015625;0.122802734375;-0.44720458984375;-0.57916259765625;-0.4780000150203705;-0.08400000631809235;0.05400000140070915;-0.7270000576972961;0.3460000157356262;0.5580000281333923
724406.0;-1.2060000896453857;0.26200002431869507;0.612000048160553;49.875;-6.375;-9.6875;-2170.0;-2372.0;3043.0;276.3125;-45.625;-31.4375;-0.66558837890625;0.11505126953125;-0.43438720703125;-0.59588623046875;-0.4790000319480896;-0.08100000023841858;0.017000000923871994;-0.7010000348091125;0.3570000231266022;0.5840000510215759
724416.0;-1.1800000667572021;0.2750000059604645;0.6020000576972961;49.875;-6.375;-9.6875;-1952.0;-2460.0;3006.0;274.375;-43.375;-31.0625;-0.6607666015625;0.10650634765625;-0.4215087890625;-0.61181640625;-0.47200003266334534;-0.08400000631809235;-0.004000000189989805;-0.6740000247955322;0.367000013589859;0.609000027179718
724426.0;-1.1460000276565552;0.28200000524520874;0.6050000190734863;49.875;-6.375;-9.6875;-1799.0;-2538.0;2975.0;274.375;-43.375;-31.0625;-0.6607666015625;0.10650634765625;-0.4215087890625;-0.61181640625;-0.47200003266334534;-0.08400000631809235;-0.004000000189989805;-0.6740000247955322;0.367000013589859;0.609000027179718
724436.0;-1.1060000658035278;0.281000018119812;0.6030000448226929;46.5625;-12.6875;-17.5625;-1681.0;-2627.0;3001.0;272.5;-41.125;-30.6875;-0.65582275390625;0.09722900390625;-0.40850830078125;-0.62738037109375;-0.4610000252723694;-0.09600000083446503;-0.030000001192092896;-0.6450000405311584;0.37700000405311584;0.6340000033378601
724444.0;-1.0500000715255737;0.24300001561641693;0.6190000176429749;46.5625;-12.6875;-17.5625;-1525.0;-2682.0;3067.0;270.6875;-38.75;-30.4375;-0.644775390625;0.07574462890625;-0.38330078125;-0.656982421875;-0.4300000071525574;-0.16100001335144043;-0.04000000283122063;-0.5820000171661377;0.398000031709671;0.6810000538825989
724454.0;-1.0120000839233398;0.23600001633167267;0.64000004529953;46.5625;-12.6875;-17.5625;-1291.0;-2697.0;3122.0;268.875;-36.375;-30.25;-0.63873291015625;0.063232421875;-0.37188720703125;-0.67059326171875;-0.41100001335144043;-0.16300000250339508;-0.014000000432133675;-0.5490000247955322;0.4090000092983246;0.7010000348091125
724464.0;-0.9600000381469727;0.2460000067949295;0.6860000491142273;46.5625;-12.6875;-17.5625;-974.0;-2709.0;3162.0;267.1875;-34.0;-30.25;-0.63250732421875;0.04949951171875;-0.36163330078125;-0.68316650390625;-0.3880000114440918;-0.1680000126361847;0.003000000026077032;-0.5139999985694885;0.4230000078678131;0.7190000414848328
724474.0;-0.9030000567436218;0.2540000081062317;0.7220000624656677;46.5625;-12.6875;-17.5625;-604.0;-2699.0;3159.0;265.5625;-31.625;-30.4375;-0.63250732421875;0.04949951171875;-0.36163330078125;-0.68316650390625;-0.3880000114440918;-0.1680000126361847;0.003000000026077032;-0.5139999985694885;0.4230000078678131;0.7190000414848328
724484.0;-0.8390000462532043;0.3020000159740448;0.7790000438690186;41.375;-16.75;-25.6875;-279.0;-2697.0;3087.0;264.0625;-29.3125;-30.75;-0.62628173828125;0.0347900390625;-0.352294921875;-0.694580078125;-0.359000027179718;-0.1340000033378601;0.04400000348687172;-0.48000001907348633;0.43700000643730164;0.734000027179718
724494.0;-0.8170000314712524;0.3160000145435333;0.7820000648498535;41.375;-16.75;-25.6875;-17.0;-2719.0;2965.0;262.6875;-26.9375;-31.0625;-0.620361328125;0.01934814453125;-0.34375;-0.7047119140625;-0.39000001549720764;-0.14500001072883606;0.01100000087171793;-0.4090000092983246;0.4650000333786011;0.7590000629425049
724502.0;-0.800000011920929;0.320000022649765;0.7700000405311584;41.375;-16.75;-25.6875;186.0;-2724.0;2846.0;261.4375;-24.625;-31.5;-0.61456298828125;0.00347900390625;-0.335693359375;-0.7138671875;-0.3680000305175781;-0.12200000882148743;0.04200000315904617;-0.37300002574920654;0.4790000319480896;0.7690000534057617
724512.0;-0.7420000433921814;0.3570000231266022;0.8110000491142273;41.375;-16.75;-25.6875;319.0;-2739.0;2766.0;260.25;-22.375;-31.9375;-0.60888671875;-0.0128173828125;-0.3280029296875;-0.72216796875;-0.3680000305175781;-0.125;0.04200000315904617;-0.3370000123977661;0.4930000305175781;0.7770000100135803
724522.0;-0.7050000429153442;0.367000013589859;0.8190000653266907;41.375;-16.75;-25.6875;367.0;-2746.0;2735.0;259.0625;-20.0625;-32.375;-0.60302734375;-0.0291748046875;-0.3203125;-0.72998046875;-0.3680000305175781;-0.125;0.04200000315904617;-0.3370000123977661;0.4930000305175781;0.7770000100135803
724532.0;-0.6840000152587891;0.3720000088214874;0.8420000672340393;32.5625;-22.0;-29.5;386.0;-2740.0;2712.0;257.9375;-17.8125;-32.75;-0.5970458984375;-0.0455322265625;-0.3126220703125;-0.73736572265625;-0.3830000162124634;-0.13300000131130219;0.05700000375509262;-0.30000001192092896;0.5049999952316284;0.784000039100647
724542.0;-0.675000011920929;0.37300002574920654;0.8660000562667847;32.5625;-22.0;-29.5;428.0;-2701.0;2668.0;256.875;-15.5625;-33.125;-0.59088134765625;-0.06182861328125;-0.3050537109375;-0.7442626953125;-0.41200003027915955;-0.14300000667572021;0.07600000500679016;-0.2630000114440918;0.5160000324249268;0.7900000214576721
724547.0;-0.675000011920929;0.37300002574920654;0.8660000562667847;32.5625;-22.0;-29.5;428.0;-2701.0;2668.0;256.875;-15.5625;-33.125;-0.59088134765625;-0.06182861328125;-0.3050537109375;-0.7442626953125;-0.41200003027915955;-0.14300000667572021;0.07600000500679016;-0.2630000114440918;0.5160000324249268;0.7900000214576721
724557.0;-0.6520000100135803;0.37400001287460327;0.8450000286102295;32.5625;-22.0;-29.5;534.0;-2654.0;2585.0;255.8125;-13.3125;-33.5625;-0.584716796875;-0.07806396484375;-0.2979736328125;-0.75048828125;-0.42600002884864807;-0.15300001204013824;0.05100000277161598;-0.22600001096725464;0.527999997138977;0.7940000295639038
724567.0;-0.6130000352859497;0.3700000047683716;0.8670000433921814;32.5625;-22.0;-29.5;722.0;-2592.0;2489.0;254.8125;-11.1875;-34.125;-0.57855224609375;-0.094482421875;-0.291748046875;-0.75579833984375;-0.4220000207424164;-0.16900001466274261;0.07100000232458115;-0.19100001454353333;0.5390000343322754;0.796000063419342
724577.0;-0.5630000233650208;0.3580000102519989;0.8750000596046448;32.5625;-22.0;-29.5;948.0;-2488.0;2429.0;253.875;-9.125;-34.75;-0.57208251953125;-0.11102294921875;-0.28668212890625;-0.7603759765625;-0.40700000524520874;-0.19300000369548798;0.08000000566244125;-0.15600000321865082;0.5520000457763672;0.7950000166893005
724587.0;-0.5120000243186951;0.3450000286102295;0.8560000658035278;24.375;-25.25;-32.25;1146.0;-2349.0;2381.0;252.9375;-7.125;-35.5;-0.5653076171875;-0.12750244140625;-0.28277587890625;-0.76434326171875;-0.3890000283718109;-0.21900001168251038;0.06400000303983688;-0.12200000882148743;0.5649999976158142;0.7910000085830688
724597.0;-0.4310000240802765;0.367000013589859;0.8540000319480896;24.375;-25.25;-32.25;1341.0;-2281.0;2268.0;252.0625;-5.1875;-36.3125;-0.55859375;-0.14404296875;-0.27978515625;-0.7674560546875;-0.3410000205039978;-0.2110000103712082;0.06800000369548798;-0.08900000154972076;0.578000009059906;0.7860000133514404
724604.0;-0.4140000343322754;0.41200003027915955;0.859000027179718;24.375;-25.25;-32.25;1535.0;-2289.0;2069.0;251.3125;-3.375;-37.25;-0.55230712890625;-0.160888671875;-0.27764892578125;-0.7694091796875;-0.35600000619888306;-0.18000000715255737;0.08000000566244125;-0.05700000375509262;0.593000054359436;0.7780000567436218
724614.0;-0.3830000162124634;0.4690000116825104;0.8910000324249268;24.375;-25.25;-32.25;1652.0;-2356.0;1839.0;250.6875;-1.5625;-38.25;-0.54681396484375;-0.17791748046875;-0.27587890625;-0.77020263671875;-0.35600000619888306;-0.13700000941753387;0.12200000882148743;-0.027000000700354576;0.6070000529289246;0.7690000534057617
724624.0;-0.36000001430511475;0.5290000438690186;0.8950000405311584;24.375;-25.25;-32.25;1666.0;-2418.0;1675.0;250.25;0.1875;-39.25;-0.5418701171875;-0.19500732421875;-0.2740478515625;-0.77020263671875;-0.36400002241134644;-0.09100000560283661;0.13700000941753387;0.003000000026077032;0.6210000514984131;0.7580000162124634
724634.0;-0.3320000171661377;0.6040000319480896;0.8500000238418579;15.375;-30.5;-33.0625;1595.0;-2451.0;1619.0;249.75;1.9375;-40.25;-0.537109375;-0.21185302734375;-0.27178955078125;-0.7698974609375;-0.3660000264644623;-0.02800000086426735;0.10300000756978989;0.032999999821186066;0.6330000162124634;0.7470000386238098
724644.0;-0.3110000193119049;0.5950000286102295;0.8100000619888306;15.375;-30.5;-33.0625;1445.0;-2482.0;1631.0;249.3125;3.6875;-41.125;-0.5323486328125;-0.22833251953125;-0.268798828125;-0.76959228515625;-0.3750000298023224;-0.04800000041723251;0.07300000637769699;0.06400000303983688;0.6440000534057617;0.7360000610351562
724652.0;-0.28700000047683716;0.5730000138282776;0.7610000371932983;15.375;-30.5;-33.0625;1273.0;-2489.0;1680.0;248.8125;5.5;-41.9375;-0.52740478515625;-0.244384765625;-0.264892578125;-0.76934814453125;-0.38200002908706665;-0.07900000363588333;0.03500000014901161;0.09400000423192978;0.6520000100135803;0.7250000238418579
724662.0;-0.2550000250339508;0.5600000023841858;0.690000057220459;15.375;-30.5;-33.0625;1090.0;-2492.0;1768.0;248.3125;7.375;-42.625;-0.52227783203125;-0.25994873046875;-0.26007080078125;-0.7694091796875;-0.38100001215934753;-0.09800000488758087;-0.02500000037252903;0.125;0.6580000519752502;0.7150000333786011
724672.0;-0.22200001776218414;0.5509999990463257;0.6650000214576721;15.375;-30.5;-33.0625;889.0;-2482.0;1907.0;247.6875;9.25;-43.1875;-0.5166015625;-0.27508544921875;-0.25421142578125;-0.76995849609375;-0.3800000250339508;-0.11000000685453415;-0.039000000804662704;0.15700000524520874;0.6620000600814819;0.7050000429153442
724682.0;-0.22200001776218414;0.5509999990463257;0.6650000214576721;10.1875;-35.0625;-32.75;644.0;-2479.0;2115.0;246.9375;11.1875;-43.5625;-0.51031494140625;-0.28973388671875;-0.2469482421875;-0.7711181640625;-0.4010000228881836;-0.12200000882148743;-0.012000000104308128;0.19100001454353333;0.6630000472068787;0.6960000395774841
724692.0;-0.21000000834465027;0.5400000214576721;0.6830000281333923;10.1875;-35.0625;-32.75;346.0;-2536.0;2326.0;246.125;13.3125;-43.8125;-0.5035400390625;-0.303955078125;-0.2379150390625;-0.77294921875;-0.45500001311302185;-0.10700000822544098;-0.11500000208616257;0.22500000894069672;0.6600000262260437;0.6880000233650208
724702.0;-0.2290000170469284;0.5530000329017639;0.5730000138282776;10.1875;-35.0625;-32.75;64.0;-2564.0;2442.0;245.25;15.4375;-43.8125;-0.49658203125;-0.317626953125;-0.2274169921875;-0.77508544921875;-0.45500001311302185;-0.0860000029206276;-0.26900002360343933;0.26100000739097595;0.6550000309944153;0.6810000538825989
724707.0;-0.2290000170469284;0.5530000329017639;0.5730000138282776;10.1875;-35.0625;-32.75;64.0;-2564.0;2442.0;245.25;15.4375;-43.8125;-0.49658203125;-0.317626953125;-0.2274169921875;-0.77508544921875;-0.45500001311302185;-0.0860000029206276;-0.26900002360343933;0.26100000739097595;0.6550000309944153;0.6810000538825989
724717.0;-0.1940000057220459;0.5680000185966492;0.41200003027915955;10.1875;-35.0625;-32.75;-195.0;-2607.0;2577.0;244.3125;17.625;-43.6875;-0.48944091796875;-0.330810546875;-0.21539306640625;-0.777587890625;-0.4390000104904175;-0.09400000423192978;-0.29500001668930054;0.2970000207424164;0.6460000276565552;0.675000011920929
724727.0;-0.14100000262260437;0.5509999990463257;0.3790000081062317;10.1875;-35.0625;-32.75;-450.0;-2626.0;2749.0;243.375;19.9375;-43.375;-0.4818115234375;-0.34344482421875;-0.201904296875;-0.78045654296875;-0.4280000329017639;-0.10900000482797623;-0.2970000207424164;0.33400002121925354;0.6330000162124634;0.6690000295639038
724737.0;-0.09300000220537186;0.5240000486373901;0.3710000216960907;10.1875;-35.0625;-32.75;-450.0;-2626.0;2749.0;243.375;19.9375;-43.375;-0.4737548828125;-0.35552978515625;-0.18719482421875;-0.78363037109375;-0.41600000858306885;-0.11500000208616257;-0.30800002813339233;0.3720000088214874;0.6180000305175781;0.6640000343322754
724747.0;-0.04400000348687172;0.5020000338554382;0.35500001907348633;1.6875;-35.75;-32.25;-672.0;-2611.0;2907.0;241.1875;24.6875;-42.3125;-0.46533203125;-0.3671875;-0.171630859375;-0.786865234375;-0.37800002098083496;-0.13199999928474426;-0.31200000643730164;0.4090000092983246;0.6000000238418579;0.6580000519752502
724757.0;0.03100000135600567;0.46700000762939453;0.3450000286102295;1.6875;-35.75;-32.25;-854.0;-2584.0;3006.0;240.0625;27.0625;-41.625;-0.45672607421875;-0.37841796875;-0.1558837890625;-0.78985595703125;-0.37300002574920654;-0.14000000059604645;-0.30100002884864807;0.44600000977516174;0.5800000429153442;0.6520000100135803
724766.0;0.07300000637769699;0.4400000274181366;0.3500000238418579;1.6875;-35.75;-32.25;-782.0;-2590.0;3025.0;238.875;29.4375;-41.0;-0.44769287109375;-0.3897705078125;-0.14031982421875;-0.79241943359375;-0.3790000081062317;-0.13300000131130219;-0.29100000858306885;0.4820000231266022;0.5600000023841858;0.6440000534057617
724776.0;0.10300000756978989;0.4270000159740448;0.35200002789497375;1.6875;-35.75;-32.25;-588.0;-2553.0;3074.0;237.6875;31.8125;-40.375;-0.4378662109375;-0.4012451171875;-0.12548828125;-0.794677734375;-0.37800002098083496;-0.12000000476837158;-0.30800002813339233;0.5170000195503235;0.5400000214576721;0.6340000033378601
724786.0;0.13900001347064972;0.4190000295639038;0.32500001788139343;1.6875;-35.75;-32.25;-588.0;-2553.0;3074.0;237.6875;31.8125;-40.375;-0.4378662109375;-0.4012451171875;-0.12548828125;-0.794677734375;-0.4050000309944153;-0.11800000816583633;-0.3190000057220459;0.5509999990463257;0.5200000405311584;0.6210000514984131
724796.0;0.14600001275539398;0.4010000228881836;0.30100002884864807;-8.75;-35.375;-34.0;-312.0;-2499.0;3153.0;236.3125;34.1875;-39.875;-0.4268798828125;-0.4129638671875;-0.1116943359375;-0.7967529296875;-0.4050000309944153;-0.11800000816583633;-0.3190000057220459;0.5840000510215759;0.5010000467300415;0.6060000061988831
724806.0;0.16200000047683716;0.3660000264644623;0.27900001406669617;-8.75;-35.375;-34.0;-1.0;-2467.0;3176.0;233.375;38.9375;-39.3125;-0.4022216796875;-0.43780517578125;-0.08795166015625;-0.79931640625;-0.45900002121925354;-0.1550000011920929;-0.33800002932548523;0.6160000562667847;0.4830000102519989;0.5890000462532043
724811.0;0.15700000524520874;0.3270000219345093;0.25;-8.75;-35.375;-34.0;297.0;-2479.0;3132.0;231.875;41.3125;-39.1875;-0.3890380859375;-0.45074462890625;-0.0777587890625;-0.79962158203125;-0.4180000126361847;-0.16300000250339508;-0.3630000054836273;0.6470000147819519;0.4650000333786011;0.5700000524520874
724821.0;0.22800001502037048;0.3020000159740448;0.20600001513957977;-8.75;-35.375;-34.0;531.0;-2488.0;3076.0;230.25;43.6875;-39.25;-0.37542724609375;-0.464111328125;-0.0682373046875;-0.79937744140625;-0.3970000147819519;-0.14100000262260437;-0.39000001549720764;0.6770000457763672;0.4480000138282776;0.5490000247955322
724831.0;0.27900001406669617;0.3070000112056732;0.15900000929832458;-8.75;-35.375;-34.0;712.0;-2546.0;3057.0;230.25;43.6875;-39.25;-0.37542724609375;-0.464111328125;-0.0682373046875;-0.79937744140625;-0.3970000147819519;-0.14100000262260437;-0.39000001549720764;0.6770000457763672;0.4480000138282776;0.5490000247955322
724841.0;0.3270000219345093;0.33400002121925354;0.10900000482797623;-19.0625;-32.0625;-33.0625;818.0;-2571.0;3104.0;228.625;46.0625;-39.25;-0.36114501953125;-0.47760009765625;-0.05902099609375;-0.79876708984375;-0.3790000081062317;-0.09600000083446503;-0.41700002551078796;0.706000030040741;0.4300000071525574;0.5260000228881836
724851.0;0.3680000305175781;0.33800002932548523;0.08700000494718552;-19.0625;-32.0625;-33.0625;852.0;-2559.0;3187.0;226.875;48.5;-39.1875;-0.33099365234375;-0.503662109375;-0.0400390625;-0.79693603515625;-0.35500001907348633;-0.10700000822544098;-0.4390000104904175;0.7610000371932983;0.3890000283718109;0.4790000319480896
724861.0;0.4050000309944153;0.28200000524520874;0.04000000283122063;-19.0625;-32.0625;-33.0625;811.0;-2518.0;3263.0;225.0625;50.875;-39.0625;-0.3154296875;-0.51568603515625;-0.02984619140625;-0.79608154296875;-0.40400001406669617;-0.12000000476837158;-0.4230000078678131;0.7860000133514404;0.36500000953674316;0.4570000171661377
724861.0;0.4050000309944153;0.28200000524520874;0.04000000283122063;-19.0625;-32.0625;-33.0625;811.0;-2518.0;3263.0;225.0625;50.875;-39.0625;-0.3154296875;-0.51568603515625;-0.02984619140625;-0.79608154296875;-0.40400001406669617;-0.12000000476837158;-0.4230000078678131;0.7860000133514404;0.36500000953674316;0.4570000171661377
724871.0;0.38100001215934753;0.24500000476837158;0.03400000184774399;-19.0625;-32.0625;-33.0625;714.0;-2411.0;3356.0;223.1875;53.3125;-38.625;-0.299560546875;-0.526611328125;-0.01904296875;-0.79534912109375;-0.39100003242492676;-0.11600000411272049;-0.4310000240802765;0.8100000619888306;0.33900001645088196;0.4350000321865082
724881.0;0.4190000295639038;0.22200001776218414;0.004000000189989805;-19.0625;-32.0625;-33.0625;580.0;-2279.0;3467.0;221.25;55.6875;-37.875;-0.299560546875;-0.526611328125;-0.01904296875;-0.79534912109375;-0.39100003242492676;-0.11600000411272049;-0.4310000240802765;0.8100000619888306;0.33900001645088196;0.4350000321865082
724891.0;0.4350000321865082;0.19700001180171967;-0.005000000353902578;-29.0625;-30.1875;-27.75;432.0;-2206.0;3578.0;219.25;58.0625;-36.6875;-0.283447265625;-0.53680419921875;-0.0074462890625;-0.79461669921875;-0.3970000147819519;-0.1120000034570694;-0.42100003361701965;0.8320000171661377;0.3100000023841858;0.4150000214576721
724901.0;0.49500003457069397;0.15800000727176666;-0.0430000014603138;-29.0625;-30.1875;-27.75;260.0;-2111.0;3620.0;217.25;60.375;-35.125;-0.267578125;-0.54608154296875;0.0048828125;-0.7938232421875;-0.35100001096725464;-0.1210000067949295;-0.453000009059906;0.8700000643730164;0.2460000067949295;0.37700000405311584
724911.0;0.5190000534057617;0.12400000542402267;-0.07600000500679016;-29.0625;-30.1875;-27.75;55.0;-1984.0;3643.0;215.25;62.625;-33.0625;-0.25201416015625;-0.55426025390625;0.0179443359375;-0.7930908203125;-0.3190000057220459;-0.1469999998807907;-0.5250000357627869;0.8860000371932983;0.2110000103712082;0.36100003123283386
724911.0;0.5190000534057617;0.12400000542402267;-0.07600000500679016;-29.0625;-30.1875;-27.75;55.0;-1984.0;3643.0;215.25;62.625;-33.0625;-0.25201416015625;-0.55426025390625;0.0179443359375;-0.7930908203125;-0.3190000057220459;-0.1469999998807907;-0.5250000357627869;0.8860000371932983;0.2110000103712082;0.36100003123283386
724921.0;0.5670000314712524;0.06400000303983688;-0.164000004529953;-29.0625;-30.1875;-27.75;-228.0;-1840.0;3579.0;213.3125;64.6875;-30.375;-0.23748779296875;-0.5611572265625;0.03179931640625;-0.792236328125;-0.23100000619888306;-0.32600000500679016;-0.5830000042915344;0.9000000357627869;0.1770000010728836;0.3460000157356262
724931.0;0.6680000424385071;-0.14800000190734863;-0.23600001633167267;-29.0625;-30.1875;-27.75;-512.0;-1640.0;3439.0;211.625;66.5625;-27.0625;-0.22430419921875;-0.56671142578125;0.04620361328125;-0.79144287109375;-0.23100000619888306;-0.32600000500679016;-0.5830000042915344;0.9000000357627869;0.1770000010728836;0.3460000157356262
724941.0;0.5870000123977661;-0.20400001108646393;-0.21700000762939453;-36.0625;-25.375;-24.5;-778.0;-1488.0;3045.0;210.1875;68.1875;-23.5625;-0.2135009765625;-0.5711669921875;0.060302734375;-0.790283203125;-0.3230000138282776;-0.3500000238418579;-0.5509999990463257;0.9100000262260437;0.14500001072883606;0.3330000042915344
724951.0;0.6440000534057617;-0.21900001168251038;-0.23400001227855682;-36.0625;-25.375;-24.5;-1097.0;-1324.0;2832.0;209.0625;69.5625;-19.5;-0.20452880859375;-0.574462890625;0.074951171875;-0.78900146484375;-0.27400001883506775;-0.3330000042915344;-0.5560000538825989;0.9250000715255737;0.07800000160932541;0.31300002336502075
724961.0;0.7280000448226929;-0.1680000126361847;-0.26100000739097595;-36.0625;-25.375;-24.5;-1604.0;-1076.0;3105.0;207.875;70.6875;-14.0625;-0.19598388671875;-0.57586669921875;0.0921630859375;-0.788330078125;-0.19700001180171967;-0.24700000882148743;-0.5750000476837158;0.9250000715255737;0.07800000160932541;0.31300002336502075
724961.0;0.7280000448226929;-0.1680000126361847;-0.26100000739097595;-36.0625;-25.375;-24.5;-1604.0;-1076.0;3105.0;207.875;70.6875;-14.0625;-0.19598388671875;-0.57586669921875;0.0921630859375;-0.788330078125;-0.19700001180171967;-0.24700000882148743;-0.5750000476837158;0.9250000715255737;0.07800000160932541;0.31300002336502075
724971.0;0.7620000243186951;-0.23200000822544098;-0.281000018119812;-36.0625;-25.375;-24.5;-2007.0;-952.0;2743.0;207.125;71.625;-8.4375;-0.190185546875;-0.5762939453125;0.10980224609375;-0.78717041015625;-0.1680000126361847;-0.27800002694129944;-0.5860000252723694;0.9300000667572021;0.04500000178813934;0.3050000071525574
724981.0;0.7170000076293945;-0.27800002694129944;-0.27000001072883606;-36.0625;-25.375;-24.5;-2287.0;-761.0;2381.0;206.6875;72.1875;-2.75;-0.186767578125;-0.57574462890625;0.1273193359375;-0.7857666015625;-0.2160000056028366;-0.29200002551078796;-0.5680000185966492;0.9330000281333923;0.014000000432133675;0.2980000078678131
724991.0;0.6920000314712524;-0.34200000762939453;-0.2460000067949295;-41.6875;-17.25;-22.0625;-2346.0;-606.0;2269.0;206.375;72.5625;2.9375;-0.18408203125;-0.57427978515625;0.14453125;-0.78448486328125;-0.24300001561641693;-0.3270000219345093;-0.5390000343322754;0.9350000619888306;-0.015000000596046448;0.29200002551078796
725001.0;0.6780000329017639;-0.3960000276565552;-0.21000000834465027;-41.6875;-17.25;-22.0625;-2120.0;-599.0;2213.0;206.0;72.8125;8.625;-0.18084716796875;-0.57293701171875;0.16058349609375;-0.7830810546875;-0.2580000162124634;-0.3530000150203705;-0.4960000216960907;0.9360000491142273;-0.0430000014603138;0.28600001335144043
725011.0;0.6990000605583191;-0.4220000207424164;-0.23100000619888306;-41.6875;-17.25;-22.0625;-1725.0;-662.0;2112.0;205.4375;72.9375;14.0;-0.1767578125;-0.57220458984375;0.17474365234375;-0.78155517578125;-0.2370000183582306;-0.3530000150203705;-0.5090000033378601;0.937000036239624;-0.0690000057220459;0.27800002694129944
725018.0;0.6990000605583191;-0.4220000207424164;-0.23100000619888306;-41.6875;-17.25;-22.0625;-1725.0;-662.0;2112.0;205.4375;72.9375;14.0;-0.1767578125;-0.57220458984375;0.17474365234375;-0.78155517578125;-0.2370000183582306;-0.3530000150203705;-0.5090000033378601;0.937000036239624;-0.0690000057220459;0.27800002694129944
725028.0;0.7200000286102295;-0.4240000247955322;-0.2240000069141388;-41.6875;-17.25;-22.0625;-1233.0;-739.0;1991.0;204.75;73.0;18.9375;-0.17156982421875;-0.57220458984375;0.1865234375;-0.77996826171875;-0.21700000762939453;-0.33100003004074097;-0.49500003457069397;0.9380000233650208;-0.09200000762939453;0.27000001072883606
725038.0;0.7290000319480896;-0.4150000214576721;-0.23500001430511475;-41.6875;-17.25;-22.0625;-726.0;-766.0;1911.0;203.9375;73.0625;23.4375;-0.16510009765625;-0.57281494140625;0.1959228515625;-0.77862548828125;-0.20800000429153442;-0.30100002884864807;-0.4970000088214874;0.9380000233650208;-0.11300000548362732;0.26100000739097595
725048.0;0.7610000371932983;-0.4440000355243683;-0.21700000762939453;-45.0;-10.1875;-21.6875;-282.0;-775.0;1875.0;203.125;73.0;27.625;-0.1590576171875;-0.5733642578125;0.20458984375;-0.7772216796875;-0.17600001394748688;-0.3110000193119049;-0.4710000157356262;0.937000036239624;-0.13300000131130219;0.25300002098083496
725058.0;0.7930000424385071;-0.4410000145435333;-0.18200001120567322;-45.0;-10.1875;-21.6875;-10.0;-762.0;1814.0;201.9375;72.8125;31.5;-0.15081787109375;-0.574462890625;0.21075439453125;-0.77642822265625;-0.14300000667572021;-0.2900000214576721;-0.4280000329017639;0.937000036239624;-0.1510000079870224;0.2460000067949295
725068.0;0.7880000472068787;-0.4650000333786011;-0.15700000524520874;-45.0;-10.1875;-21.6875;-11.0;-657.0;1753.0;200.8125;72.5625;35.0625;-0.14288330078125;-0.5751953125;0.2166748046875;-0.7757568359375;-0.1469999998807907;-0.2970000207424164;-0.3970000147819519;0.9350000619888306;-0.1680000126361847;0.23900000751018524
725076.0;0.7600000500679016;-0.48500001430511475;-0.13700000941753387;-45.0;-10.1875;-21.6875;-196.0;-579.0;1631.0;199.875;72.25;38.375;-0.13616943359375;-0.57550048828125;0.22283935546875;-0.77496337890625;-0.1730000078678131;-0.30000001192092896;-0.3710000216960907;0.9340000152587891;-0.1850000023841858;0.2330000102519989
725086.0;0.8200000524520874;-0.5350000262260437;-0.15200001001358032;-45.0;-10.1875;-21.6875;-403.0;-474.0;1561.0;199.0625;71.875;41.4375;-0.13043212890625;-0.5753173828125;0.22955322265625;-0.774169921875;-0.1120000034570694;-0.33400002121925354;-0.3800000250339508;0.9320000410079956;-0.20100000500679016;0.22800001502037048
725096.0;0.8570000529289246;-0.5490000247955322;-0.19200000166893005;-46.5;-4.25;-20.375;-510.0;-392.0;1533.0;198.5625;71.4375;44.25;-0.12646484375;-0.57427978515625;0.237548828125;-0.77313232421875;-0.07100000232458115;-0.33100003004074097;-0.4150000214576721;0.9290000200271606;-0.21700000762939453;0.22300000488758087
725106.0;0.8570000529289246;-0.5490000247955322;-0.19200000166893005;-46.5;-4.25;-20.375;-530.0;-289.0;1496.0;197.875;70.9375;46.8125;-0.12164306640625;-0.5732421875;0.244384765625;-0.7725830078125;-0.06100000441074371;-0.3320000171661377;-0.4310000240802765;0.9260000586509705;-0.2330000102519989;0.21900001168251038
725116.0;0.8650000691413879;-0.5660000443458557;-0.2120000123977661;-46.5;-4.25;-20.375;-451.0;-195.0;1437.0;197.1875;70.3125;49.0;-0.11688232421875;-0.57183837890625;0.250732421875;-0.7723388671875;-0.0690000057220459;-0.3150000274181366;-0.4150000214576721;0.9230000376701355;-0.24800001084804535;0.2150000035762787
725124.0;0.8540000319480896;-0.5640000104904175;-0.1990000158548355;-46.5;-4.25;-20.375;-356.0;-99.0;1379.0;196.5;69.75;50.8125;-0.1121826171875;-0.5701904296875;0.25640869140625;-0.7723388671875;-0.11600000411272049;-0.28600001335144043;-0.36100003123283386;0.9200000166893005;-0.26200002431869507;0.21400001645088196
725134.0;0.8030000329017639;-0.5490000247955322;-0.1469999998807907;-46.5;-4.25;-20.375;-296.0;-4.0;1266.0;195.875;69.125;52.25;-0.10791015625;-0.56829833984375;0.26141357421875;-0.772705078125;-0.13900001347064972;-0.2939999997615814;-0.33500000834465027;0.9160000681877136;-0.2750000059604645;0.21300001442432404
725144.0;0.7770000100135803;-0.5700000524520874;-0.12200000882148743;-46.5;-4.25;-20.375;-296.0;-4.0;1266.0;195.5625;68.5625;53.4375;-0.10577392578125;-0.56585693359375;0.266845703125;-0.77294921875;-0.1380000114440918;-0.31200000643730164;-0.30800002813339233;0.9130000472068787;-0.28700000047683716;0.2120000123977661
725154.0;0.7740000486373901;-0.5990000367164612;-0.0950000062584877;-46.375;-1.25;-19.5625;-290.0;66.0;1104.0;195.125;68.0625;54.375;-0.10272216796875;-0.5638427734375;0.27093505859375;-0.77337646484375;-0.1290000081062317;-0.3290000259876251;-0.2930000126361847;0.909000039100647;-0.2970000207424164;0.21300001442432404
725164.0;0.7800000309944153;-0.6270000338554382;-0.08000000566244125;-46.375;-1.25;-19.5625;-253.0;105.0;914.0;194.6875;67.5625;55.125;-0.09991455078125;-0.56201171875;0.274658203125;-0.7738037109375;-0.11900000274181366;-0.32600000500679016;-0.3100000023841858;0.906000018119812;-0.3060000240802765;0.21300001442432404
725169.0;0.7800000309944153;-0.6270000338554382;-0.08000000566244125;-46.375;-1.25;-19.5625;-253.0;105.0;914.0;194.6875;67.5625;55.125;-0.09991455078125;-0.56201171875;0.274658203125;-0.7738037109375;-0.11900000274181366;-0.32600000500679016;-0.3100000023841858;0.906000018119812;-0.3060000240802765;0.21300001442432404
725179.0;0.7870000600814819;-0.6330000162124634;-0.09700000286102295;-46.375;-1.25;-19.5625;-209.0;92.0;858.0;194.25;67.125;55.875;-0.09716796875;-0.56024169921875;0.27801513671875;-0.77423095703125;-0.10400000214576721;-0.30300000309944153;-0.30300000309944153;0.9030000567436218;-0.3150000274181366;0.21300001442432404
725189.0;0.7990000247955322;-0.6190000176429749;-0.09000000357627869;-46.375;-1.25;-19.5625;-221.0;76.0;792.0;193.9375;66.6875;56.5625;-0.09466552734375;-0.55865478515625;0.28118896484375;-0.7745361328125;-0.09400000423192978;-0.28700000047683716;-0.2800000011920929;0.9000000357627869;-0.3230000138282776;0.21300001442432404
725199.0;0.8060000538825989;-0.6110000014305115;-0.06700000166893005;-46.375;-1.25;-19.5625;-221.0;76.0;792.0;193.9375;66.6875;56.5625;-0.09466552734375;-0.55865478515625;0.28118896484375;-0.7745361328125;-0.1080000028014183;-0.3020000159740448;-0.25300002098083496;0.8980000615119934;-0.33000001311302185;0.21300001442432404
725209.0;0.7890000343322754;-0.6330000162124634;-0.04000000283122063;-48.25;2.5;-21.25;-297.0;96.0;724.0;193.625;66.3125;57.1875;-0.09271240234375;-0.5570068359375;0.28448486328125;-0.77471923828125;-0.10500000417232513;-0.30300000309944153;-0.2540000081062317;0.8950000405311584;-0.3370000123977661;0.21300001442432404
725219.0;0.7890000343322754;-0.6410000324249268;-0.04100000113248825;-48.25;2.5;-21.25;-382.0;144.0;648.0;193.3125;65.5625;58.125;-0.09075927734375;-0.553466796875;0.291259765625;-0.77496337890625;-0.09100000560283661;-0.2980000078678131;-0.26600000262260437;0.893000066280365;-0.3440000116825104;0.21300001442432404
725228.0;0.8010000586509705;-0.6420000195503235;-0.052000001072883606;-48.25;2.5;-21.25;-442.0;183.0;547.0;193.3125;65.25;58.5;-0.0908203125;-0.551513671875;0.29443359375;-0.775146484375;-0.07600000500679016;-0.30100002884864807;-0.2630000114440918;0.89000004529953;-0.3490000069141388;0.21400001645088196
725238.0;0.8140000104904175;-0.6510000228881836;-0.049000002443790436;-48.25;2.5;-21.25;-500.0;252.0;434.0;193.4375;65.0;58.6875;-0.0916748046875;-0.54949951171875;0.29736328125;-0.775390625;-0.07300000637769699;-0.3060000240802765;-0.2540000081062317;0.8890000581741333;-0.3530000150203705;0.2150000035762787
725248.0;0.815000057220459;-0.659000039100647;-0.039000000804662704;-48.25;2.5;-21.25;-539.0;315.0;303.0;193.4375;65.0;58.6875;-0.0916748046875;-0.54949951171875;0.29736328125;-0.775390625;-0.07300000637769699;-0.3060000240802765;-0.2540000081062317;0.8890000581741333;-0.3530000150203705;0.2150000035762787
725258.0;0.8090000152587891;-0.6610000133514404;-0.03800000250339508;-47.0625;4.6875;-19.1875;-531.0;366.0;175.0;193.625;64.8125;58.6875;-0.09307861328125;-0.5474853515625;0.29986572265625;-0.77569580078125;-0.07800000160932541;-0.30400002002716064;-0.2550000250339508;0.8870000243186951;-0.35600000619888306;0.2160000056028366
725268.0;0.7950000166893005;-0.6620000600814819;-0.04400000348687172;-47.0625;4.6875;-19.1875;-486.0;400.0;51.0;193.9375;64.6875;58.5625;-0.0938720703125;-0.544677734375;0.3077392578125;-0.77447509765625;-0.09400000423192978;-0.2970000207424164;-0.2760000228881836;0.8840000629425049;-0.367000013589859;0.21300001442432404
725276.0;0.7890000343322754;-0.6650000214576721;-0.06300000101327896;-47.0625;4.6875;-19.1875;-417.0;408.0;-69.0;193.8125;64.3125;59.8125;-0.09326171875;-0.5440673828125;0.31292724609375;-0.77288818359375;-0.10400000214576721;-0.2600000202655792;-0.25699999928474426;0.8810000419616699;-0.37400001287460327;0.20800000429153442
725286.0;0.7770000100135803;-0.6340000033378601;-0.049000002443790436;-47.0625;4.6875;-19.1875;-344.0;408.0;-174.0;193.75;64.0625;60.9375;-0.09576416015625;-0.542724609375;0.3131103515625;-0.7734375;-0.10500000417232513;-0.24800001084804535;-0.2680000066757202;0.8820000290870667;-0.37300002574920654;0.21000000834465027
725296.0;0.7760000228881836;-0.6210000514984131;-0.05700000375509262;-47.0625;4.6875;-19.1875;-286.0;401.0;-256.0;194.0625;64.0625;60.5;-0.09576416015625;-0.542724609375;0.3131103515625;-0.7734375;-0.10500000417232513;-0.24800001084804535;-0.2680000066757202;0.8820000290870667;-0.37300002574920654;0.21000000834465027
725306.0;0.7780000567436218;-0.6180000305175781;-0.06200000271201134;-46.0;6.5625;-21.25;-252.0;390.0;-334.0;194.5;64.125;60.0625;-0.0985107421875;-0.54150390625;0.31298828125;-0.77398681640625;-0.10300000756978989;-0.24700000882148743;-0.2760000228881836;0.8820000290870667;-0.3700000047683716;0.21300001442432404
725316.0;0.8090000152587891;-0.6340000033378601;-0.07500000298023224;-46.0;6.5625;-21.25;-233.0;386.0;-432.0;194.9375;64.25;59.5;-0.10162353515625;-0.54052734375;0.3125;-0.77447509765625;-0.07800000160932541;-0.2750000059604645;-0.3230000138282776;0.8840000629425049;-0.3620000183582306;0.21900001168251038
725321.0;0.8060000538825989;-0.6370000243186951;-0.10300000756978989;-46.0;6.5625;-21.25;-212.0;439.0;-515.0;195.375;64.375;58.8125;-0.10504150390625;-0.53948974609375;0.31170654296875;-0.77508544921875;-0.07500000298023224;-0.2880000174045563;-0.36400002241134644;0.8850000500679016;-0.3570000231266022;0.22300000488758087
725331.0;0.8090000152587891;-0.6460000276565552;-0.14000000059604645;-46.0;6.5625;-21.25;-175.0;523.0;-597.0;195.9375;64.5;57.9375;-0.10882568359375;-0.5382080078125;0.3104248046875;-0.77593994140625;-0.06599999964237213;-0.2980000078678131;-0.36900001764297485;0.8860000371932983;-0.35100001096725464;0.22800001502037048
725341.0;0.8200000524520874;-0.6500000357627869;-0.14000000059604645;-46.0;6.5625;-21.25;-132.0;591.0;-698.0;196.5;64.6875;56.9375;-0.113037109375;-0.536865234375;0.30859375;-0.77703857421875;-0.06599999964237213;-0.2980000078678131;-0.36900001764297485;0.8860000371932983;-0.35100001096725464;0.22800001502037048
725351.0;0.8370000123977661;-0.6640000343322754;-0.12300000339746475;-46.375;5.75;-22.875;-98.0;695.0;-787.0;197.1875;64.8125;55.6875;-0.11767578125;-0.53521728515625;0.306396484375;-0.7783203125;-0.05000000074505806;-0.320000022649765;-0.3580000102519989;0.8870000243186951;-0.3440000116825104;0.23400001227855682
725361.0;0.7850000262260437;-0.6440000534057617;-0.14900000393390656;-46.375;5.75;-22.875;48.0;876.0;-1065.0;197.9375;65.0625;53.9375;-0.12335205078125;-0.5333251953125;0.3026123046875;-0.78021240234375;-0.10400000214576721;-0.30900001525878906;-0.3920000195503235;0.8890000581741333;-0.33400002121925354;0.24300001561641693
725371.0;0.7070000171661377;-0.5920000076293945;-0.2120000123977661;-46.375;5.75;-22.875;112.0;1059.0;-1314.0;198.875;65.3125;51.6875;-0.130126953125;-0.5311279296875;0.2977294921875;-0.782470703125;-0.18400001525878906;-0.2710000276565552;-0.4660000205039978;0.8910000324249268;-0.32100000977516174;0.25300002098083496
725378.0;0.7070000171661377;-0.5920000076293945;-0.2120000123977661;-46.375;5.75;-22.875;112.0;1059.0;-1314.0;198.875;65.3125;51.6875;-0.130126953125;-0.5311279296875;0.2977294921875;-0.782470703125;-0.18400001525878906;-0.2710000276565552;-0.4660000205039978;0.8910000324249268;-0.32100000977516174;0.25300002098083496
725388.0;0.7610000371932983;-0.5530000329017639;-0.24700000882148743;-46.375;5.75;-22.875;10.0;1094.0;-1335.0;199.8125;65.5;49.4375;-0.1373291015625;-0.5286865234375;0.293212890625;-0.78460693359375;-0.13100001215934753;-0.24400001764297485;-0.5110000371932983;0.8920000195503235;-0.30800002813339233;0.2630000114440918
725398.0;0.7980000376701355;-0.6780000329017639;-0.34800001978874207;-46.375;5.75;-22.875;-36.0;1132.0;-1612.0;201.0;65.75;46.9375;-0.1458740234375;-0.52642822265625;0.28802490234375;-0.7864990234375;-0.09600000083446503;-0.3840000033378601;-0.6220000386238098;0.8940000534057617;-0.2930000126361847;0.27400001883506775
725408.0;0.737000048160553;-0.6790000200271606;-0.328000009059906;-45.5;4.6875;-23.6875;120.0;1355.0;-1767.0;202.1875;65.9375;43.875;-0.1549072265625;-0.5235595703125;0.28155517578125;-0.7890625;-0.15800000727176666;-0.4020000100135803;-0.6160000562667847;0.8950000405311584;-0.2760000228881836;0.28700000047683716
725413.0;0.7010000348091125;-0.6510000228881836;-0.3320000171661377;-45.5;4.6875;-23.6875;320.0;1569.0;-1686.0;203.25;65.9375;40.5625;-0.16339111328125;-0.519775390625;0.27423095703125;-0.79241943359375;-0.19300000369548798;-0.3920000195503235;-0.6360000371932983;0.8950000405311584;-0.2590000033378601;0.30300000309944153
725423.0;0.6860000491142273;-0.6450000405311584;-0.3630000054836273;-45.5;4.6875;-23.6875;439.0;1744.0;-1596.0;204.25;65.75;37.125;-0.17132568359375;-0.51513671875;0.2664794921875;-0.79638671875;-0.2070000171661377;-0.4020000100135803;-0.6840000152587891;0.8940000534057617;-0.24300001561641693;0.320000022649765
725433.0;0.6880000233650208;-0.6070000529289246;-0.3330000042915344;-45.5;4.6875;-23.6875;514.0;1901.0;-1589.0;205.1875;65.375;33.625;-0.1793212890625;-0.509765625;0.25823974609375;-0.80078125;-0.203000009059906;-0.38100001215934753;-0.6730000376701355;0.8910000324249268;-0.22600001096725464;0.3400000035762787
725443.0;0.6240000128746033;-0.5;-0.2850000262260437;-45.5;4.6875;-23.6875;551.0;2088.0;-1864.0;206.3125;64.875;29.75;-0.18853759765625;-0.50396728515625;0.2489013671875;-0.8052978515625;-0.2630000114440918;-0.2939999997615814;-0.6460000276565552;0.8880000710487366;-0.20600001513957977;0.36100003123283386
725446.0;0.6240000128746033;-0.5;-0.2850000262260437;-45.5;4.6875;-23.6875;551.0;2088.0;-1864.0;206.3125;64.875;29.75;-0.18853759765625;-0.50396728515625;0.2489013671875;-0.8052978515625;-0.2630000114440918;-0.2939999997615814;-0.6460000276565552;0.8880000710487366;-0.20600001513957977;0.36100003123283386
725456.0;0.5420000553131104;-0.4520000219345093;-0.2630000114440918;-44.0;-0.5;-26.5625;434.0;2298.0;-2255.0;207.6875;64.25;25.625;-0.199951171875;-0.49749755859375;0.23870849609375;-0.80963134765625;-0.3410000205039978;-0.2680000066757202;-0.6460000276565552;0.8830000162124634;-0.18400001525878906;0.3830000162124634
725466.0;0.445000022649765;-0.4650000333786011;-0.20100000500679016;-44.0;-0.5;-26.5625;133.0;2450.0;-2379.0;209.3125;63.5;21.625;-0.21282958984375;-0.4901123046875;0.22930908203125;-0.8135986328125;-0.4320000112056732;-0.30400002002716064;-0.6070000529289246;0.8770000338554382;-0.16100001335144043;0.406000018119812
725476.0;0.47700002789497375;-0.46800002455711365;-0.18000000715255737;-44.0;-0.5;-26.5625;-259.0;2461.0;-2049.0;210.8125;62.5;18.5;-0.2252197265625;-0.48162841796875;0.2222900390625;-0.8172607421875;-0.3930000066757202;-0.3240000009536743;-0.609000027179718;0.8700000643730164;-0.14300000667572021;0.4280000329017639
725486.0;0.5090000033378601;-0.41700002551078796;-0.1680000126361847;-44.0;-0.5;-26.5625;-393.0;2455.0;-1880.0;212.1875;61.4375;15.875;-0.2371826171875;-0.47271728515625;0.21624755859375;-0.8206787109375;-0.35200002789497375;-0.2880000174045563;-0.6180000305175781;0.8610000610351562;-0.12800000607967377;0.45000001788139343
725494.0;0.48900002241134644;-0.3890000283718109;-0.13500000536441803;-44.0;-0.5;-26.5625;-166.0;2553.0;-1975.0;213.5625;60.25;13.1875;-0.2490234375;-0.463623046875;0.2088623046875;-0.82427978515625;-0.3620000183582306;-0.27800002694129944;-0.6080000400543213;0.8510000109672546;-0.11100000888109207;0.47300001978874207
725504.0;0.48900002241134644;-0.3890000283718109;-0.13500000536441803;-40.25;-4.875;-32.1875;349.0;2682.0;-2153.0;214.875;58.9375;10.25;-0.260498046875;-0.4547119140625;0.198486328125;-0.8282470703125;-0.4280000329017639;-0.2410000115633011;-0.7150000333786011;0.8400000333786011;-0.09000000357627869;0.4970000088214874
725514.0;0.41100001335144043;-0.33100003004074097;-0.21700000762939453;-40.25;-4.875;-32.1875;803.0;2684.0;-2208.0;216.0625;57.5;7.1875;-0.27099609375;-0.4462890625;0.18597412109375;-0.83233642578125;-0.46800002455711365;-0.1730000078678131;-0.7770000100135803;0.8270000219345093;-0.06599999964237213;0.5220000147819519
725524.0;0.3580000102519989;-0.23900000751018524;-0.2550000250339508;-40.25;-4.875;-32.1875;1076.0;2608.0;-2280.0;217.125;56.0625;4.25;-0.28094482421875;-0.43853759765625;0.17205810546875;-0.83612060546875;-0.4700000286102295;-0.11000000685453415;-0.8190000653266907;0.8140000104904175;-0.04000000283122063;0.5450000166893005
725534.0;0.34300002455711365;-0.15000000596046448;-0.27300000190734863;-40.25;-4.875;-32.1875;1230.0;2486.0;-2375.0;218.1875;54.625;1.3125;-0.290771484375;-0.43145751953125;0.15740966796875;-0.83935546875;-0.4610000252723694;-0.08300000429153442;-0.8020000457763672;0.800000011920929;-0.013000000268220901;0.5660000443458557
725544.0;0.33800002932548523;-0.09600000083446503;-0.23500001430511475;-40.25;-4.875;-32.1875;1348.0;2476.0;-2522.0;219.3125;53.125;-1.5625;-0.3009033203125;-0.424560546875;0.14190673828125;-0.842041015625;-0.484000027179718;-0.11800000816583633;-0.7360000610351562;0.784000039100647;0.01600000075995922;0.5870000123977661
725548.0;0.33800002932548523;-0.09600000083446503;-0.23500001430511475;-40.25;-4.875;-32.1875;1348.0;2476.0;-2522.0;219.3125;53.125;-1.5625;-0.3009033203125;-0.424560546875;0.14190673828125;-0.842041015625;-0.484000027179718;-0.11800000816583633;-0.7360000610351562;0.784000039100647;0.01600000075995922;0.5870000123977661
725558.0;0.30000001192092896;-0.10200000554323196;-0.14800000190734863;-40.25;-4.875;-32.1875;1348.0;2476.0;-2522.0;220.4375;51.5;-4.4375;-0.31134033203125;-0.417236328125;0.12506103515625;-0.8446044921875;-0.531000018119812;-0.16300000250339508;-0.718000054359436;0.7670000195503235;0.04700000211596489;0.6080000400543213
725568.0;0.23600001633167267;-0.11500000208616257;-0.11000000685453415;-35.5625;-9.6875;-35.0625;1495.0;2618.0;-2672.0;220.4375;51.5;-4.4375;-0.32171630859375;-0.40924072265625;0.10693359375;-0.84710693359375;-0.5920000076293945;-0.18200001120567322;-0.6840000152587891;0.7470000386238098;0.08000000566244125;0.6290000081062317
725578.0;0.1550000011920929;-0.10200000554323196;-0.055000003427267075;-35.5625;-9.6875;-35.0625;1802.0;2935.0;-2758.0;222.625;47.625;-9.9375;-0.33172607421875;-0.400634765625;0.087890625;-0.84954833984375;-0.6810000538825989;-0.12200000882148743;-0.6310000419616699;0.7240000367164612;0.11400000751018524;0.6500000357627869
725588.0;0.04200000315904617;-0.00800000037997961;0.018000001087784767;-35.5625;-9.6875;-35.0625;1823.0;3036.0;-2727.0;223.625;45.5;-12.375;-0.34136962890625;-0.391357421875;0.068603515625;-0.851806640625;-0.6890000104904175;-0.09000000357627869;-0.5980000495910645;0.6990000605583191;0.1469999998807907;0.6700000166893005
725592.0;0.010000000707805157;0.0560000017285347;0.07200000435113907;-35.5625;-9.6875;-35.0625;1730.0;3100.0;-2756.0;224.6875;43.3125;-14.5625;-0.35125732421875;-0.3814697265625;0.04949951171875;-0.8536376953125;-0.6710000038146973;-0.06599999964237213;-0.5520000457763672;0.6720000505447388;0.17900000512599945;0.690000057220459
725602.0;0.0010000000474974513;0.1120000034570694;0.1380000114440918;-35.5625;-9.6875;-35.0625;1730.0;3100.0;-2756.0;224.6875;43.3125;-14.5625;-0.35125732421875;-0.3814697265625;0.04949951171875;-0.8536376953125;-0.6710000038146973;-0.06599999964237213;-0.5520000457763672;0.6410000324249268;0.20900000631809235;0.7110000252723694
725612.0;-0.00800000037997961;0.15600000321865082;0.2110000103712082;-28.5625;-17.1875;-38.375;1171.0;3329.0;-3078.0;226.0625;40.875;-16.4375;-0.363525390625;-0.36932373046875;0.0318603515625;-0.85467529296875;-0.6500000357627869;-0.05300000309944153;-0.49900001287460327;0.6410000324249268;0.20900000631809235;0.7110000252723694
725622.0;-0.0950000062584877;0.22700001299381256;0.28600001335144043;-28.5625;-17.1875;-38.375;1171.0;3329.0;-3078.0;228.9375;35.6875;-19.4375;-0.38946533203125;-0.3426513671875;-0.0023193359375;-0.85491943359375;-0.7220000624656677;-0.01600000075995922;-0.4390000104904175;0.5720000267028809;0.26500001549720764;0.7500000596046448
725632.0;-0.15000000596046448;0.24800001084804535;0.3100000023841858;-28.5625;-17.1875;-38.375;714.0;3504.0;-3351.0;230.875;32.8125;-20.1875;-0.406494140625;-0.32476806640625;-0.01544189453125;-0.85382080078125;-0.753000020980835;-0.01100000087171793;-0.4220000207424164;0.531000018119812;0.2840000092983246;0.7730000615119934
725642.0;-0.22200001776218414;0.27300000190734863;0.3500000238418579;-28.5625;-17.1875;-38.375;-295.0;3789.0;-3703.0;232.875;29.8125;-20.5;-0.4241943359375;-0.3052978515625;-0.0264892578125;-0.85211181640625;-0.7800000309944153;0.0020000000949949026;-0.42000001668930054;0.4880000352859497;0.2980000078678131;0.796000063419342
725646.0;-0.22200001776218414;0.27300000190734863;0.3500000238418579;-28.5625;-17.1875;-38.375;-295.0;3789.0;-3703.0;232.875;29.8125;-20.5;-0.4241943359375;-0.3052978515625;-0.0264892578125;-0.85211181640625;-0.7800000309944153;0.0020000000949949026;-0.42000001668930054;0.4880000352859497;0.2980000078678131;0.796000063419342
725656.0;-0.29200002551078796;0.30000001192092896;0.3750000298023224;-28.5625;-17.1875;-38.375;-805.0;3851.0;-3730.0;232.875;29.8125;-20.5;-0.4241943359375;-0.3052978515625;-0.0264892578125;-0.85211181640625;-0.7800000309944153;0.0020000000949949026;-0.42000001668930054;0.4880000352859497;0.2980000078678131;0.796000063419342
725666.0;-0.3790000081062317;0.32600000500679016;0.40700000524520874;-18.875;-23.0625;-39.6875;-1259.0;3905.0;-3623.0;234.875;26.875;-20.375;-0.44183349609375;-0.28424072265625;-0.035400390625;-0.85015869140625;-0.8220000267028809;0.020000001415610313;-0.41200003027915955;0.44300001859664917;0.3050000071525574;0.8190000653266907
725676.0;-0.40800002217292786;0.31700000166893005;0.44200003147125244;-18.875;-23.0625;-39.6875;-1635.0;3959.0;-3409.0;236.75;23.875;-19.9375;-0.4742431640625;-0.2384033203125;-0.04803466796875;-0.84613037109375;-0.7870000600814819;0.005000000353902578;-0.38100001215934753;0.35100001096725464;0.30100002884864807;0.8640000224113464
725686.0;-0.4360000193119049;0.3060000240802765;0.4830000102519989;-18.875;-23.0625;-39.6875;-1895.0;4047.0;-3140.0;238.5;20.9375;-19.1875;-0.48828125;-0.2142333984375;-0.052978515625;-0.84429931640625;-0.8220000267028809;-0.020000001415610313;-0.3020000159740448;0.30400002002716064;0.29200002551078796;0.8850000500679016
725691.0;-0.5180000066757202;0.2720000147819519;0.5820000171661377;-18.875;-23.0625;-39.6875;-1992.0;4115.0;-2868.0;240.0625;18.0;-18.3125;-0.50054931640625;-0.19000244140625;-0.05792236328125;-0.84259033203125;-0.8210000395774841;-0.03800000250339508;-0.28300002217292786;0.25699999928474426;0.28200000524520874;0.9030000567436218
725701.0;-0.5630000233650208;0.24400001764297485;0.6200000047683716;-18.875;-23.0625;-39.6875;-1936.0;4133.0;-2562.0;241.375;15.1875;-17.3125;-0.50054931640625;-0.19000244140625;-0.05792236328125;-0.84259033203125;-0.8210000395774841;-0.03800000250339508;-0.28300002217292786;0.25699999928474426;0.28200000524520874;0.9030000567436218
725711.0;-0.6030000448226929;0.19700001180171967;0.6180000305175781;-5.0625;-23.5;-41.6875;-1765.0;4182.0;-2256.0;242.5;12.375;-16.375;-0.51092529296875;-0.166015625;-0.0633544921875;-0.841064453125;-0.8130000233650208;-0.07300000637769699;-0.30000001192092896;0.21000000834465027;0.27000001072883606;0.9180000424385071
725721.0;-0.6460000276565552;0.14400000870227814;0.6350000500679016;-5.0625;-23.5;-41.6875;-1562.0;4238.0;-1996.0;243.4375;9.5625;-15.5625;-0.51953125;-0.14227294921875;-0.069580078125;-0.83966064453125;-0.8290000557899475;-0.20400001108646393;-0.2880000174045563;0.11500000208616257;0.24800001084804535;0.9410000443458557
725731.0;-0.7130000591278076;0.04400000348687172;0.6520000100135803;-5.0625;-23.5;-41.6875;-1363.0;4321.0;-1836.0;244.3125;6.75;-14.75;-0.5269775390625;-0.11865234375;-0.07672119140625;-0.83807373046875;-0.8130000233650208;-0.21400001645088196;-0.2580000162124634;0.06700000166893005;0.23800000548362732;0.9480000734329224
725732.0;-0.7130000591278076;0.04400000348687172;0.6520000100135803;-5.0625;-23.5;-41.6875;-1363.0;4321.0;-1836.0;244.3125;6.75;-14.75;-0.5269775390625;-0.11865234375;-0.07672119140625;-0.83807373046875;-0.8130000233650208;-0.21400001645088196;-0.2580000162124634;0.06700000166893005;0.23800000548362732;0.9480000734329224
725742.0;-0.7450000643730164;0.024000000208616257;0.690000057220459;-5.0625;-23.5;-41.6875;-1153.0;4379.0;-1811.0;245.0625;3.9375;-14.125;-0.53375244140625;-0.09527587890625;-0.08489990234375;-0.8359375;-0.8130000233650208;-0.21400001645088196;-0.2580000162124634;0.018000001087784767;0.23000000417232513;0.9530000686645508
725752.0;-0.800000011920929;0.06200000271201134;0.7400000095367432;-5.0625;-23.5;-41.6875;-945.0;4416.0;-1854.0;245.875;1.0625;-13.5625;-0.54022216796875;-0.072265625;-0.0941162109375;-0.8331298828125;-0.8180000185966492;-0.1680000126361847;-0.2120000123977661;0.018000001087784767;0.23000000417232513;0.9530000686645508
725762.0;-0.8770000338554382;0.11400000751018524;0.7550000548362732;7.0625;-19.0;-43.875;-690.0;4481.0;-2004.0;246.8125;-1.8125;-13.125;-0.54693603515625;-0.04962158203125;-0.10455322265625;-0.82916259765625;-0.8450000286102295;-0.1080000028014183;-0.1990000158548355;-0.03100000135600567;0.22300000488758087;0.9540000557899475
725772.0;-1.071000099182129;0.16900001466274261;0.8160000443458557;7.0625;-19.0;-43.875;-430.0;4492.0;-2217.0;247.8125;-4.75;-12.8125;-0.5540771484375;-0.0274658203125;-0.1162109375;-0.8238525390625;-0.9890000224113464;-0.04700000211596489;-0.13600000739097595;-0.08100000023841858;0.21700000762939453;0.9520000219345093
725782.0;-1.1100000143051147;0.17600001394748688;0.8500000238418579;7.0625;-19.0;-43.875;-175.0;4429.0;-2390.0;248.9375;-7.6875;-12.625;-0.56158447265625;-0.0062255859375;-0.128662109375;-0.81732177734375;-0.9780000448226929;-0.036000002175569534;-0.09800000488758087;-0.13100001215934753;0.21300001442432404;0.9480000734329224
725785.0;-1.1100000143051147;0.17600001394748688;0.8500000238418579;7.0625;-19.0;-43.875;-175.0;4429.0;-2390.0;248.9375;-7.6875;-12.625;-0.56158447265625;-0.0062255859375;-0.128662109375;-0.81732177734375;-0.9780000448226929;-0.036000002175569534;-0.09800000488758087;-0.13100001215934753;0.21300001442432404;0.9480000734329224
725795.0;-1.1019999980926514;0.18900001049041748;0.8530000448226929;7.0625;-19.0;-43.875;139.0;4382.0;-2476.0;250.1875;-10.625;-12.5625;-0.56903076171875;0.01397705078125;-0.14227294921875;-0.80975341796875;-0.921000063419342;-0.020000001415610313;-0.08700000494718552;-0.18000000715255737;0.21000000834465027;0.940000057220459
725805.0;-1.124000072479248;0.2070000171661377;0.8790000677108765;7.0625;-19.0;-43.875;500.0;4361.0;-2313.0;251.3125;-13.5;-12.6875;-0.57550048828125;0.0328369140625;-0.15728759765625;-0.80181884765625;-0.8940000534057617;-0.003000000026077032;-0.05000000074505806;-0.2290000170469284;0.21000000834465027;0.9300000667572021
725815.0;-0.9940000176429749;0.23200000822544098;0.9470000267028809;18.6875;-15.25;-40.5625;908.0;4400.0;-1934.0;252.25;-16.3125;-13.125;-0.58001708984375;0.05029296875;-0.17413330078125;-0.794189453125;-0.718000054359436;0.018000001087784767;0.03100000135600567;-0.2760000228881836;0.21400001645088196;0.9160000681877136
725825.0;-1.159000039100647;0.18400001525878906;0.9440000653266907;18.6875;-15.25;-40.5625;1069.0;4508.0;-2663.0;253.625;-19.375;-13.4375;-0.58709716796875;0.06829833984375;-0.191650390625;-0.7835693359375;-0.8330000638961792;-0.03100000135600567;0.04400000348687172;-0.32500001788139343;0.2150000035762787;0.8990000486373901
725835.0;-1.2400000095367432;0.22600001096725464;0.9290000200271606;18.6875;-15.25;-40.5625;1176.0;4422.0;-3058.0;255.3125;-22.375;-13.75;-0.595458984375;0.0860595703125;-0.20904541015625;-0.77093505859375;-0.8660000562667847;0.01100000087171793;0.049000002443790436;-0.37400001287460327;0.2150000035762787;0.8800000548362732
725837.0;-1.2400000095367432;0.22600001096725464;0.9290000200271606;18.6875;-15.25;-40.5625;1176.0;4422.0;-3058.0;255.3125;-22.375;-13.75;-0.595458984375;0.0860595703125;-0.20904541015625;-0.77093505859375;-0.8660000562667847;0.01100000087171793;0.049000002443790436;-0.37400001287460327;0.2150000035762787;0.8800000548362732
725847.0;-1.2630000114440918;0.33100003004074097;0.8870000243186951;18.6875;-15.25;-40.5625;1168.0;4342.0;-2607.0;256.75;-25.3125;-14.0625;-0.6015625;0.10284423828125;-0.22613525390625;-0.75921630859375;-0.843000054359436;0.11500000208616257;0.027000000700354576;-0.42000001668930054;0.2150000035762787;0.859000027179718
725857.0;-1.3100000619888306;0.3230000138282776;0.8500000238418579;18.6875;-15.25;-40.5625;1098.0;4283.0;-2391.0;258.0625;-28.1875;-14.3125;-0.60638427734375;0.119384765625;-0.2427978515625;-0.74774169921875;-0.8460000157356262;0.10900000482797623;0.012000000104308128;-0.46300002932548523;0.21400001645088196;0.8370000123977661
725867.0;-1.3270000219345093;0.2580000162124634;0.8230000138282776;30.5;-13.0625;-34.875;1298.0;4205.0;-2236.0;259.3125;-31.0;-14.6875;-0.6104736328125;0.1346435546875;-0.2598876953125;-0.7359619140625;-0.8220000267028809;0.04400000348687172;0.010000000707805157;-0.5049999952316284;0.21300001442432404;0.812000036239624
725877.0;-1.3550000190734863;0.16300000250339508;0.800000011920929;30.5;-13.0625;-34.875;1788.0;4142.0;-1970.0;260.5;-33.75;-15.5;-0.613525390625;0.1475830078125;-0.2786865234375;-0.7239990234375;-0.8100000619888306;-0.05400000140070915;0.015000000596046448;-0.5440000295639038;0.21800000965595245;0.7850000262260437
725881.0;-1.4000000953674316;0.030000001192092896;0.7550000548362732;30.5;-13.0625;-34.875;2554.0;4102.0;-1553.0;261.625;-36.375;-16.875;-0.61517333984375;0.1572265625;-0.3004150390625;-0.71173095703125;-0.8180000185966492;-0.1990000158548355;0.0;-0.581000030040741;0.2290000170469284;0.7550000548362732
725891.0;-1.4720001220703125;0.08800000697374344;0.8030000329017639;30.5;-13.0625;-34.875;3162.0;4030.0;-1429.0;262.8125;-38.9375;-18.75;-0.61651611328125;0.164306640625;-0.32403564453125;-0.698486328125;-0.8550000190734863;-0.15600000321865082;0.08100000023841858;-0.6160000562667847;0.24500000476837158;0.7210000157356262
725901.0;-1.5130001306533813;0.12400000542402267;0.8420000672340393;30.5;-13.0625;-34.875;3665.0;3901.0;-1401.0;264.1875;-41.4375;-20.9375;-0.617919921875;0.1690673828125;-0.34893798828125;-0.6839599609375;-0.8630000352859497;-0.1380000114440918;0.15700000524520874;-0.6490000486373901;0.2630000114440918;0.6850000619888306
725911.0;-1.5130001306533813;0.12400000542402267;0.8420000672340393;40.1875;-10.875;-27.0625;3762.0;3682.0;-1774.0;265.8125;-43.9375;-23.0625;-0.62066650390625;0.17333984375;-0.37274169921875;-0.66766357421875;-0.8060000538825989;-0.0690000057220459;0.17500001192092896;-0.6800000071525574;0.2770000100135803;0.6490000486373901
725921.0;-1.4870001077651978;0.2070000171661377;0.8250000476837158;40.1875;-10.875;-27.0625;3651.0;3674.0;-3126.0;268.25;-46.75;-24.4375;-0.62750244140625;0.18035888671875;-0.39459228515625;-0.64654541015625;-0.7620000243186951;0.3020000159740448;0.1770000010728836;-0.7140000462532043;0.27800002694129944;0.6110000014305115
725931.0;-1.4760000705718994;0.5800000429153442;0.7880000472068787;40.1875;-10.875;-27.0625;3962.0;3879.0;-4003.0;271.375;-49.875;-25.5;-0.63641357421875;0.188720703125;-0.41693115234375;-0.62091064453125;-0.7220000624656677;0.2150000035762787;0.1420000046491623;-0.7500000596046448;0.2720000147819519;0.5690000057220459
725932.0;-1.4760000705718994;0.5800000429153442;0.7880000472068787;40.1875;-10.875;-27.0625;3962.0;3879.0;-4003.0;271.375;-49.875;-25.5;-0.63641357421875;0.188720703125;-0.41693115234375;-0.62091064453125;-0.7220000624656677;0.2150000035762787;0.1420000046491623;-0.7500000596046448;0.2720000147819519;0.5690000057220459
725942.0;-1.4730000495910645;0.4870000183582306;0.7120000123977661;40.1875;-10.875;-27.0625;4523.0;4012.0;-3786.0;274.625;-53.0625;-27.0;-0.64404296875;0.19482421875;-0.44110107421875;-0.59381103515625;-0.7620000243186951;0.017000000923871994;0.12000000476837158;-0.784000039100647;0.2670000195503235;0.5240000486373901
725952.0;-1.5460001230239868;0.2850000262260437;0.6450000405311584;40.1875;-10.875;-27.0625;5182.0;3755.0;-2653.0;277.5;-55.8125;-29.6875;-0.64849853515625;0.195068359375;-0.46710205078125;-0.5684814453125;-0.8090000152587891;-0.22600001096725464;0.03400000184774399;-0.8110000491142273;0.2720000147819519;0.4780000150203705
725962.0;-1.621000051498413;0.046000003814697266;0.5120000243186951;40.1875;-10.875;-27.0625;5182.0;3755.0;-2653.0;277.5;-55.8125;-29.6875;-0.65142822265625;0.19000244140625;-0.49334716796875;-0.544189453125;-0.7680000066757202;-0.11300000548362732;0.07000000029802322;-0.8330000638961792;0.28300002217292786;0.4320000112056732
725972.0;-1.6010000705718994;0.16900001466274261;0.5020000338554382;46.5625;-10.875;-16.5;5710.0;3325.0;-1892.0;280.25;-58.125;-33.25;-0.65496826171875;0.18194580078125;-0.51947021484375;-0.5177001953125;-0.7210000157356262;-0.03800000250339508;0.10400000214576721;-0.8520000576972961;0.2930000126361847;0.38600000739097595
725982.0;-1.5730000734329224;0.2550000250339508;0.49000000953674316;46.5625;-10.875;-16.5;6796.0;2624.0;-1977.0;286.8125;-62.3125;-41.5;-0.6591796875;0.1708984375;-0.5447998046875;-0.48931884765625;-0.6550000309944153;0.020000001415610313;0.15200001001358032;-0.8680000305175781;0.30100002884864807;0.3410000205039978
725984.0;-1.5730000734329224;0.2550000250339508;0.49000000953674316;46.5625;-10.875;-16.5;6796.0;2624.0;-1977.0;286.8125;-62.3125;-41.5;-0.6591796875;0.1708984375;-0.5447998046875;-0.48931884765625;-0.6550000309944153;0.020000001415610313;0.15200001001358032;-0.8680000305175781;0.30100002884864807;0.3410000205039978
725994.0;-1.5230001211166382;0.32200002670288086;0.4930000305175781;46.5625;-10.875;-16.5;6699.0;2592.0;-2634.0;290.75;-64.5;-45.375;-0.6640625;0.1617431640625;-0.56829833984375;-0.45819091796875;-0.6390000581741333;0.2880000174045563;0.10700000822544098;-0.8850000500679016;0.30000001192092896;0.29500001668930054
726004.0;-1.5250000953674316;0.5879999995231628;0.40300002694129944;46.5625;-10.875;-16.5;6263.0;2472.0;-2879.0;294.875;-66.8125;-48.9375;-0.66845703125;0.154296875;-0.5892333984375;-0.42681884765625;-0.7390000224113464;0.3440000116825104;0.15900000929832458;-0.9010000228881836;0.29100000858306885;0.25300002098083496
726014.0;-1.6400001049041748;0.6350000500679016;0.41200003027915955;46.5625;-10.875;-16.5;6263.0;2472.0;-2879.0;294.875;-66.8125;-48.9375;-0.66845703125;0.154296875;-0.5892333984375;-0.42681884765625;-0.7390000224113464;0.3440000116825104;0.15900000929832458;-0.9140000343322754;0.2800000011920929;0.21700000762939453
726024.0;-1.6800000667572021;0.609000027179718;0.3840000033378601;51.375;-6.75;-3.6875;5807.0;1917.0;-2583.0;298.75;-68.75;-52.25;-0.672607421875;0.14605712890625;-0.6065673828125;-0.39788818359375;-0.7660000324249268;0.328000009059906;0.16600000858306885;-0.9250000715255737;0.26500001549720764;0.1850000023841858
726029.0;-1.6800000667572021;0.609000027179718;0.3840000033378601;51.375;-6.75;-3.6875;5807.0;1917.0;-2583.0;298.75;-68.75;-52.25;-0.672607421875;0.14605712890625;-0.6065673828125;-0.39788818359375;-0.7660000324249268;0.328000009059906;0.16600000858306885;-0.9250000715255737;0.26500001549720764;0.1850000023841858
726039.0;-1.6150001287460327;0.5879999995231628;0.3070000112056732;51.375;-6.75;-3.6875;5717.0;1558.0;-2780.0;307.1875;-72.75;-57.5;-0.681884765625;0.13189697265625;-0.635009765625;-0.3382568359375;-0.5290000438690186;0.5200000405311584;-0.021000001579523087;-0.9360000491142273;0.24400001764297485;0.1550000011920929
726049.0;-1.4660000801086426;0.76500004529953;0.1340000033378601;51.375;-6.75;-3.6875;5349.0;1568.0;-3103.0;311.0;-74.6875;-59.9375;-0.6846923828125;0.127685546875;-0.6463623046875;-0.31158447265625;-0.534000039100647;0.5350000262260437;-0.018000001087784767;-0.9460000395774841;0.22300000488758087;0.1290000081062317
726059.0;-1.4800000190734863;0.7590000629425049;0.11000000685453415;51.375;-6.75;-3.6875;4552.0;1520.0;-2839.0;314.1875;-76.25;-62.125;-0.68646240234375;0.12420654296875;-0.65521240234375;-0.28997802734375;-0.5580000281333923;0.4790000319480896;0.015000000596046448;-0.9520000219345093;0.20500001311302185;0.1080000028014183
726069.0;-1.5110000371932983;0.6840000152587891;0.12300000339746475;51.375;-6.75;-3.6875;3655.0;1254.0;-2270.0;314.1875;-76.25;-62.125;-0.68646240234375;0.12420654296875;-0.65521240234375;-0.28997802734375;-0.5580000281333923;0.4790000319480896;0.015000000596046448;-0.9520000219345093;0.20500001311302185;0.1080000028014183
726071.0;-1.5150001049041748;0.5940000414848328;0.1380000114440918;51.25;-0.0625;1.6875;2894.0;1024.0;-1918.0;316.75;-77.5625;-64.0;-0.6876220703125;0.12188720703125;-0.66192626953125;-0.27227783203125;-0.5570000410079956;0.4050000309944153;0.046000003814697266;-0.9570000171661377;0.18900001049041748;0.09200000762939453
726081.0;-1.4480000734329224;0.5;0.18300001323223114;51.25;-0.0625;1.6875;2276.0;809.0;-1750.0;319.0;-78.75;-65.3125;-0.68975830078125;0.121337890625;-0.67059326171875;-0.2445068359375;-0.445000022649765;0.3190000057220459;0.1550000011920929;-0.9650000333786011;0.15700000524520874;0.0690000057220459
726091.0;-1.4100000858306885;0.47600001096725464;0.22500000894069672;51.25;-0.0625;1.6875;1781.0;654.0;-1713.0;320.9375;-79.875;-66.0625;-0.69085693359375;0.1229248046875;-0.67333984375;-0.2327880859375;-0.42600002884864807;0.3230000138282776;0.18400001525878906;-0.968000054359436;0.14000000059604645;0.06100000441074371
726101.0;-1.3940000534057617;0.46300002932548523;0.2460000067949295;51.25;-0.0625;1.6875;1436.0;563.0;-1715.0;322.75;-80.9375;-66.3125;-0.69195556640625;0.125;-0.675537109375;-0.2218017578125;-0.3970000147819519;0.33900001645088196;0.12300000339746475;-0.971000075340271;0.12400000542402267;0.05400000140070915
726111.0;-1.3680000305175781;0.46300002932548523;0.17800000309944153;51.25;-0.0625;1.6875;1247.0;501.0;-1706.0;324.4375;-82.0;-66.125;-0.69195556640625;0.125;-0.675537109375;-0.2218017578125;-0.3970000147819519;0.33900001645088196;0.12300000339746475;-0.971000075340271;0.12400000542402267;0.05400000140070915
726121.0;-1.3450000286102295;0.46800002455711365;0.15200001001358032;49.75;6.5625;3.1875;1127.0;378.0;-1644.0;326.0625;-83.0;-65.3125;-0.6932373046875;0.127197265625;-0.6771240234375;-0.21148681640625;-0.3720000088214874;0.36000001430511475;0.10200000554323196;-0.9730000495910645;0.10700000822544098;0.049000002443790436
726129.0;-1.3450000286102295;0.46800002455711365;0.15200001001358032;49.75;6.5625;3.1875;1127.0;378.0;-1644.0;326.0625;-83.0;-65.3125;-0.6932373046875;0.127197265625;-0.6771240234375;-0.21148681640625;-0.3720000088214874;0.36000001430511475;0.10200000554323196;-0.9730000495910645;0.10700000822544098;0.049000002443790436
726139.0;-1.3060001134872437;0.45900002121925354;0.14600001275539398;49.75;6.5625;3.1875;1043.0;200.0;-1465.0;327.5;-83.875;-5.4375;-0.69482421875;0.12884521484375;-0.67803955078125;-0.2022705078125;-0.2880000174045563;0.3450000286102295;0.07000000029802322;-0.9760000705718994;0.08000000566244125;0.04400000348687172
726149.0;-1.2640000581741333;0.42600002884864807;0.11500000208616257;49.75;6.5625;3.1875;993.0;73.0;-1262.0;328.8125;-84.5625;-4.6875;-0.696533203125;0.12982177734375;-0.678466796875;-0.19403076171875;-0.25699999928474426;0.26900002360343933;0.08700000494718552;-0.9770000576972961;0.0690000057220459;0.0430000014603138
726159.0;-1.2350000143051147;0.33900001645088196;0.1300000101327896;49.75;6.5625;3.1875;1015.0;38.0;-1135.0;330.125;-85.1875;-4.0625;-0.6982421875;0.13018798828125;-0.6788330078125;-0.1861572265625;-0.24800001084804535;0.25600001215934753;0.09200000762939453;-0.9780000448226929;0.058000002056360245;0.04200000315904617
726169.0;-1.2260000705718994;0.3150000274181366;0.13500000536441803;49.75;6.5625;3.1875;1079.0;66.0;-1161.0;331.4375;-85.75;-3.375;-0.69989013671875;0.13043212890625;-0.6793212890625;-0.177978515625;-0.24800001084804535;0.25600001215934753;0.09200000762939453;-0.9780000448226929;0.058000002056360245;0.04200000315904617
726174.0;-1.2200000286102295;0.2939999997615814;0.12800000607967377;49.75;10.6875;2.75;1147.0;82.0;-1347.0;332.9375;-86.4375;-2.5625;-0.70159912109375;0.13104248046875;-0.67974853515625;-0.1688232421875;-0.2410000115633011;0.25;0.08800000697374344;-0.9780000448226929;0.04400000348687172;0.04000000283122063
726184.0;-1.25600004196167;0.24800001084804535;0.13300000131130219;49.75;10.6875;2.75;1263.0;45.0;-1433.0;334.5;-87.0625;-1.75;-0.70355224609375;0.131591796875;-0.6800537109375;-0.158935546875;-0.2770000100135803;0.21800000965595245;0.09300000220537186;-0.9790000319480896;0.030000001192092896;0.039000000804662704
726194.0;-1.221000075340271;0.2110000103712082;0.07500000298023224;49.75;10.6875;2.75;1360.0;31.0;-1422.0;336.1875;-87.5;-0.9375;-0.70550537109375;0.13165283203125;-0.68023681640625;-0.14874267578125;-0.2410000115633011;0.1940000057220459;0.036000002175569534;-0.9790000319480896;0.01600000075995922;0.039000000804662704
726204.0;-1.246000051498413;0.17500001192092896;0.07600000500679016;49.75;10.6875;2.75;1302.0;-99.0;-1384.0;337.75;-87.625;-0.125;-0.70782470703125;0.13165283203125;-0.679931640625;-0.13897705078125;-0.26600000262260437;0.1730000078678131;0.036000002175569534;-0.9790000319480896;0.0020000000949949026;0.039000000804662704
726214.0;-1.187000036239624;0.1900000125169754;0.03200000151991844;49.75;10.6875;2.75;1703.0;-139.0;-1487.0;339.625;-87.4375;0.6875;-0.7105712890625;0.13055419921875;-0.6795654296875;-0.12738037109375;-0.2070000171661377;0.20200000703334808;-0.009000000543892384;-0.9790000319480896;-0.012000000104308128;0.04100000113248825
726214.0;-1.187000036239624;0.1900000125169754;0.03200000151991844;49.75;10.6875;2.75;1703.0;-139.0;-1487.0;339.625;-87.4375;0.6875;-0.7105712890625;0.13055419921875;-0.6795654296875;-0.12738037109375;-0.2070000171661377;0.20200000703334808;-0.009000000543892384;-0.9790000319480896;-0.012000000104308128;0.04100000113248825
726224.0;-1.1220000982284546;0.33900001645088196;0.020000001415610313;49.0625;14.75;4.0;1914.0;72.0;-1530.0;341.6875;-87.0625;1.5625;-0.71258544921875;0.12890625;-0.67999267578125;-0.11474609375;-0.14300000667572021;0.3660000264644623;-0.020000001415610313;-0.9790000319480896;-0.027000000700354576;0.04100000113248825
726234.0;-1.124000072479248;0.33000001311302185;-0.024000000208616257;49.0625;14.75;4.0;1853.0;2.0;-1161.0;343.4375;-86.625;2.1875;-0.71453857421875;0.1260986328125;-0.6802978515625;-0.10369873046875;-0.14500001072883606;0.3680000305175781;-0.06599999964237213;-0.9790000319480896;-0.03800000250339508;0.04100000113248825
726244.0;-1.127000093460083;0.27400001883506775;-0.0430000014603138;49.0625;14.75;4.0;1642.0;-129.0;-811.0;344.875;-86.25;2.625;-0.71649169921875;0.12274169921875;-0.68011474609375;-0.09478759765625;-0.14800000190734863;0.320000022649765;-0.08700000494718552;-0.9780000448226929;-0.04500000178813934;0.0430000014603138
726254.0;-1.099000096321106;0.2110000103712082;-0.026000000536441803;49.0625;14.75;4.0;1288.0;-199.0;-632.0;346.0;-85.875;3.0;-0.71832275390625;0.1199951171875;-0.67962646484375;-0.08795166015625;-0.12000000476837158;0.2630000114440918;-0.07200000435113907;-0.9780000448226929;-0.05100000277161598;0.046000003814697266
726264.0;-1.0660001039505005;0.13100001215934753;-0.007000000216066837;49.0625;14.75;4.0;874.0;-256.0;-691.0;346.9375;-85.5;3.375;-0.7200927734375;0.11907958984375;-0.6785888671875;-0.08233642578125;-0.08800000697374344;0.18900001049041748;-0.0560000017285347;-0.9770000576972961;-0.058000002056360245;0.049000002443790436
726269.0;-1.0660001039505005;0.13100001215934753;-0.007000000216066837;49.0625;14.75;4.0;874.0;-256.0;-691.0;346.9375;-85.5;3.375;-0.7200927734375;0.11907958984375;-0.6785888671875;-0.08233642578125;-0.08800000697374344;0.18900001049041748;-0.0560000017285347;-0.9770000576972961;-0.058000002056360245;0.049000002443790436
726279.0;-1.061000108718872;0.11900000274181366;0.01100000087171793;48.25;17.0625;0.25;522.0;-227.0;-878.0;347.75;-85.0;3.9375;-0.72161865234375;0.1201171875;-0.6773681640625;-0.0772705078125;-0.08400000631809235;0.18700000643730164;-0.04100000113248825;-0.9760000705718994;-0.06700000166893005;0.052000001072883606
726289.0;-1.068000078201294;0.0950000062584877;0.006000000052154064;48.25;17.0625;0.25;284.0;-143.0;-1073.0;348.5625;-84.375;4.5625;-0.72271728515625;0.122802734375;-0.67626953125;-0.072265625;-0.09200000762939453;0.17400000989437103;-0.04700000211596489;-0.9760000705718994;-0.07800000160932541;0.05400000140070915
726299.0;-1.0750000476837158;0.05900000408291817;-0.029000001028180122;48.25;17.0625;0.25;166.0;-57.0;-1166.0;349.375;-83.8125;5.25;-0.7235107421875;0.1263427734375;-0.67535400390625;-0.06719970703125;-0.10000000149011612;0.14900000393390656;-0.08400000631809235;-0.9740000367164612;-0.09000000357627869;0.05400000140070915
726309.0;-1.3340001106262207;0.7350000143051147;-0.0430000014603138;48.25;17.0625;0.25;-19.0;45.0;-1084.0;350.0;-83.25;5.875;-0.72369384765625;0.1302490234375;-0.67474365234375;-0.0631103515625;-0.36000001430511475;0.8360000252723694;-0.09800000488758087;-0.9730000495910645;-0.10100000351667404;0.05400000140070915
726319.0;-1.3340001106262207;0.7350000143051147;-0.0430000014603138;48.25;17.0625;0.25;175.0;270.0;-596.0;350.5;-83.0;64.25;-0.7230224609375;0.1318359375;-0.67547607421875;-0.06005859375;-0.36500000953674316;1.725000023841858;0.1810000091791153;-0.9730000495910645;-0.10700000822544098;0.05100000277161598
726325.0;-1.3390001058578491;1.6170001029968262;0.23200000822544098;48.5625;20.75;-0.0625;1247.0;136.0;-90.0;351.25;-83.0;64.3125;-0.72344970703125;0.12744140625;-0.67626953125;-0.05511474609375;-0.24400001764297485;1.8610000610351562;0.03100000135600567;-0.9730000495910645;-0.10700000822544098;0.05100000277161598
726335.0;-1.2170000076293945;1.7530001401901245;0.08300000429153442;48.5625;20.75;-0.0625;1585.0;-69.0;293.0;352.0;-83.125;62.375;-0.724609375;0.12030029296875;-0.6766357421875;-0.0506591796875;-0.08500000089406967;1.3060001134872437;-0.11100000888109207;-0.9730000495910645;-0.10300000756978989;0.05400000140070915
726345.0;-1.058000087738037;1.2020000219345093;-0.0560000017285347;48.5625;20.75;-0.0625;567.0;-246.0;564.0;351.9375;-83.3125;5.6875;-0.7257080078125;0.11602783203125;-0.67620849609375;-0.05096435546875;0.06200000271201134;0.20600001513957977;-0.1210000067949295;-0.9740000367164612;-0.09700000286102295;0.05700000375509262
726355.0;-0.9110000729560852;0.1080000028014183;-0.06400000303983688;48.5625;20.75;-0.0625;-737.0;-276.0;580.0;351.125;-83.5625;5.375;-0.72607421875;0.11669921875;-0.67529296875;-0.05596923828125;0.04200000315904617;0.055000003427267075;0.02500000037252903;-0.9740000367164612;-0.09200000762939453;0.05900000408291817
726365.0;-0.9310000538825989;-0.036000002175569534;0.08500000089406967;48.5625;20.75;-0.0625;-1556.0;-167.0;137.0;350.1875;-83.5625;5.3125;-0.72564697265625;0.12213134765625;-0.67425537109375;-0.0621337890625;0.055000003427267075;0.027000000700354576;0.10900000482797623;-0.9740000367164612;-0.09100000560283661;0.05900000408291817
726371.0;-0.9180000424385071;-0.06400000303983688;0.16900001466274261;48.5625;20.75;-0.0625;-1556.0;-167.0;137.0;350.1875;-83.5625;5.3125;-0.72467041015625;0.130615234375;-0.67333984375;-0.06646728515625;0.010000000707805157;-0.12200000882148743;-0.17600001394748688;-0.9740000367164612;-0.09700000286102295;0.05700000375509262
726381.0;-0.9630000591278076;-0.2200000137090683;-0.11800000816583633;46.6875;20.75;-1.6875;-1750.0;6.0;-492.0;349.5;-83.3125;5.6875;-0.72271728515625;0.13983154296875;-0.67333984375;-0.06890869140625;-0.029000001028180122;-0.22700001299381256;-0.2580000162124634;-0.9730000495910645;-0.10700000822544098;0.05300000309944153
726391.0;-1.002000093460083;-0.33400002121925354;-0.20500001311302185;46.6875;20.75;-1.6875;-1711.0;383.0;-738.0;348.5625;-82.625;67.8125;-0.72027587890625;0.14910888671875;-0.67364501953125;-0.0718994140625;-0.05300000309944153;-0.2930000126361847;-0.281000018119812;-0.9720000624656677;-0.11500000208616257;0.04700000211596489
726401.0;-1.0250000953674316;-0.4090000092983246;-0.23400001227855682;46.6875;20.75;-1.6875;-1929.0;122.0;-380.0;347.6875;-82.4375;70.1875;-0.71844482421875;0.1578369140625;-0.67303466796875;-0.07720947265625;-0.00800000037997961;-0.3790000081062317;-0.25300002098083496;-0.9720000624656677;-0.12000000476837158;0.0430000014603138
726411.0;-0.9800000190734863;-0.5;-0.21000000834465027;46.6875;20.75;-1.6875;-2013.0;-97.0;73.0;346.5;-82.5;70.875;-0.717041015625;0.1651611328125;-0.671875;-0.084716796875;0.10100000351667404;-0.5460000038146973;-0.07300000637769699;-0.9720000624656677;-0.12000000476837158;0.04100000113248825
726421.0;-0.8710000514984131;-0.6670000553131104;-0.03100000135600567;46.6875;20.75;-1.6875;-2013.0;-97.0;73.0;346.5;-82.5;70.875;-0.717041015625;0.1651611328125;-0.671875;-0.084716796875;0.10100000351667404;-0.5460000038146973;-0.07300000637769699;-0.9720000624656677;-0.11700000613927841;0.04000000283122063
726428.0;-0.8710000514984131;-0.6670000553131104;-0.03100000135600567;46.6875;20.75;-1.6875;-2013.0;-97.0;73.0;346.5;-82.5;70.875;-0.717041015625;0.1651611328125;-0.671875;-0.084716796875;0.10100000351667404;-0.5460000038146973;-0.07300000637769699;-0.9720000624656677;-0.11700000613927841;0.04000000283122063
726438.0;-0.8440000414848328;-0.6670000553131104;0.030000001192092896;47.5;21.875;0.6875;-1849.0;-107.0;426.0;345.1875;-82.6875;70.8125;-0.715576171875;0.17059326171875;-0.67095947265625;-0.09295654296875;0.12800000607967377;-0.550000011920929;-0.009000000543892384;-0.9730000495910645;-0.1120000034570694;0.039000000804662704
726448.0;-0.8630000352859497;-0.5960000157356262;0.08500000089406967;47.5;21.875;0.6875;-1495.0;-37.0;529.0;343.125;-83.25;6.375;-0.71270751953125;0.1771240234375;-0.67047119140625;-0.10546875;0.06200000271201134;-0.3110000193119049;0.07500000298023224;-0.9730000495910645;-0.1080000028014183;0.03700000047683716
726458.0;-0.9110000729560852;-0.4190000295639038;0.1120000034570694;47.5;21.875;0.6875;-1083.0;46.0;372.0;342.6875;-83.3125;6.3125;-0.711669921875;0.17938232421875;-0.67059326171875;-0.10797119140625;-0.07000000029802322;0.29500001668930054;0.17600001394748688;-0.9740000367164612;-0.1080000028014183;0.03500000014901161
726468.0;-1.0440000295639038;0.1860000044107437;0.2120000123977661;47.5;21.875;0.6875;-650.0;117.0;81.0;342.75;-83.25;6.4375;-0.711181640625;0.18048095703125;-0.6708984375;-0.107666015625;-0.11600000411272049;0.5490000247955322;0.14800000190734863;-0.9730000495910645;-0.11000000685453415;0.03400000184774399
726468.0;-1.0440000295639038;0.1860000044107437;0.2120000123977661;47.5;21.875;0.6875;-650.0;117.0;81.0;342.75;-83.25;6.4375;-0.711181640625;0.18048095703125;-0.6708984375;-0.107666015625;-0.11600000411272049;0.5490000247955322;0.14800000190734863;-0.9730000495910645;-0.11000000685453415;0.03400000184774399
726478.0;-1.090000033378601;0.4390000104904175;0.18200001120567322;47.5;21.875;0.6875;-114.0;126.0;-168.0;342.75;-83.25;6.4375;-0.711181640625;0.18048095703125;-0.6708984375;-0.107666015625;-0.11600000411272049;0.5490000247955322;0.14800000190734863;-0.9730000495910645;-0.11000000685453415;0.03400000184774399
726488.0;-1.061000108718872;0.45600003004074097;0.10500000417232513;46.6875;20.75;2.375;500.0;85.0;-300.0;343.25;-83.0625;73.3125;-0.7115478515625;0.1796875;-0.67120361328125;-0.10467529296875;-0.08700000494718552;0.5690000057220459;0.07200000435113907;-0.9730000495910645;-0.1120000034570694;0.032999999821186066
726498.0;-1.0040000677108765;0.24300001561641693;0.08400000631809235;46.6875;20.75;2.375;723.0;-43.0;-250.0;343.8125;-82.9375;73.0625;-0.71337890625;0.17657470703125;-0.6707763671875;-0.09979248046875;0.030000001192092896;-0.02200000174343586;0.05300000309944153;-0.9730000495910645;-0.11500000208616257;0.036000002175569534
726508.0;-0.9420000314712524;-0.1380000114440918;0.09000000357627869;46.6875;20.75;2.375;372.0;-140.0;-55.0;344.0625;-82.875;72.25;-0.71380615234375;0.17596435546875;-0.67047119140625;-0.10015869140625;0.036000002175569534;-0.09000000357627869;0.01600000075995922;-0.9730000495910645;-0.11400000751018524;0.03800000250339508
726518.0;-0.9360000491142273;-0.20500001311302185;0.05400000140070915;46.6875;20.75;2.375;34.0;-123.0;105.0;344.0;-82.875;71.5;-0.71392822265625;0.1761474609375;-0.670166015625;-0.100830078125;0.0430000014603138;-0.1420000046491623;-0.030000001192092896;-0.9730000495910645;-0.11400000751018524;0.03800000250339508
726527.0;-0.9290000200271606;-0.25600001215934753;0.00800000037997961;46.6875;20.75;2.375;-104.0;-69.0;57.0;343.875;-82.9375;71.125;-0.71392822265625;0.1761474609375;-0.670166015625;-0.100830078125;0.0430000014603138;-0.1420000046491623;-0.030000001192092896;-0.9730000495910645;-0.11400000751018524;0.03800000250339508
726537.0;-0.9270000457763672;-0.25;-0.03700000047683716;46.375;21.5;1.5625;-130.0;-23.0;-75.0;343.875;-82.875;71.25;-0.71392822265625;0.1768798828125;-0.66998291015625;-0.10101318359375;0.04500000178813934;-0.13500000536441803;-0.07600000500679016;-0.9730000495910645;-0.11400000751018524;0.03800000250339508
726547.0;-0.9430000185966492;-0.18200001120567322;-0.03500000014901161;46.375;21.5;1.5625;-219.0;16.0;-96.0;343.8125;-82.8125;71.5625;-0.71368408203125;0.17803955078125;-0.6697998046875;-0.1014404296875;0.013000000268220901;-0.00800000037997961;-0.05300000309944153;-0.9720000624656677;-0.11600000411272049;0.03700000047683716
726557.0;-0.9590000510215759;-0.125;-0.015000000596046448;46.375;21.5;1.5625;-356.0;17.0;-36.0;343.625;-82.8125;71.9375;-0.71331787109375;0.1795654296875;-0.669677734375;-0.1025390625;0.010000000707805157;-0.01600000075995922;-0.02500000037252903;-0.9730000495910645;-0.11600000411272049;0.03700000047683716
726567.0;-0.9620000720024109;-0.13300000131130219;0.012000000104308128;46.375;21.5;1.5625;-402.0;-18.0;39.0;343.375;-82.8125;72.0625;-0.71295166015625;0.180908203125;-0.66937255859375;-0.1041259765625;0.029000001028180122;-0.04100000113248825;0.036000002175569534;-0.9730000495910645;-0.11500000208616257;0.03700000047683716
726576.0;-0.9430000185966492;-0.15600000321865082;0.07300000637769699;46.375;21.5;1.5625;-354.0;-44.0;83.0;343.0625;-82.875;71.9375;-0.7127685546875;0.18194580078125;-0.66912841796875;-0.105712890625;0.029000001028180122;-0.04100000113248825;0.036000002175569534;-0.9730000495910645;-0.11500000208616257;0.03700000047683716
726586.0;-0.9390000700950623;-0.1380000114440918;0.09000000357627869;46.375;21.5;2.75;-253.0;-59.0;98.0;342.875;-82.875;71.625;-0.712646484375;0.1824951171875;-0.6688232421875;-0.1070556640625;0.032999999821186066;-0.023000001907348633;0.052000001072883606;-0.9730000495910645;-0.11400000751018524;0.03700000047683716
726596.0;-0.9480000734329224;-0.1120000034570694;0.08800000697374344;46.375;21.5;2.75;-117.0;-56.0;66.0;342.75;-82.9375;71.375;-0.71270751953125;0.18267822265625;-0.66864013671875;-0.1077880859375;0.024000000208616257;0.0010000000474974513;0.049000002443790436;-0.9730000495910645;-0.11300000548362732;0.03800000250339508
726606.0;-0.9550000429153442;-0.08900000154972076;0.049000002443790436;46.375;21.5;2.75;30.0;-45.0;-4.0;342.8125;-82.9375;71.125;-0.712890625;0.1824951171875;-0.66845703125;-0.10772705078125;0.017000000923871994;0.024000000208616257;0.010000000707805157;-0.9730000495910645;-0.11300000548362732;0.03800000250339508
726611.0;-0.9690000414848328;-0.07100000232458115;-0.0010000000474974513;46.375;21.5;2.75;168.0;-39.0;-63.0;342.9375;-82.875;70.9375;-0.7132568359375;0.18206787109375;-0.6683349609375;-0.10693359375;0.003000000026077032;0.04200000315904617;-0.04000000283122063;-0.9730000495910645;-0.11400000751018524;0.039000000804662704
726621.0;-0.9770000576972961;-0.09700000286102295;0.005000000353902578;46.375;21.5;2.75;245.0;-40.0;-74.0;343.125;-82.8125;70.75;-0.713623046875;0.181396484375;-0.66827392578125;-0.1058349609375;-0.004000000189989805;0.018000001087784767;-0.03400000184774399;-0.9730000495910645;-0.11500000208616257;0.04000000283122063
726631.0;-0.9790000319480896;-0.13700000941753387;0.024000000208616257;46.6875;21.5;1.5;247.0;-26.0;-53.0;343.8125;-82.8125;70.5625;-0.7144775390625;0.1776123046875;-0.6690673828125;-0.10150146484375;-0.006000000052154064;-0.02200000174343586;-0.015000000596046448;-0.9720000624656677;-0.11500000208616257;0.04000000283122063
726641.0;-0.9670000672340393;-0.2070000171661377;0.06700000166893005;46.6875;21.5;1.5;176.0;-21.0;-7.0;343.875;-82.75;70.375;-0.7147216796875;0.17694091796875;-0.6690673828125;-0.10089111328125;0.005000000353902578;-0.09200000762939453;0.026000000536441803;-0.9720000624656677;-0.11500000208616257;0.04100000113248825
726644.0;-0.9670000672340393;-0.2070000171661377;0.06700000166893005;46.6875;21.5;1.5;176.0;-21.0;-7.0;343.875;-82.75;70.375;-0.7147216796875;0.17694091796875;-0.6690673828125;-0.10089111328125;0.005000000353902578;-0.09200000762939453;0.026000000536441803;-0.9720000624656677;-0.11500000208616257;0.04100000113248825
726654.0;-0.9510000348091125;-0.19600000977516174;0.07800000160932541;46.6875;21.5;1.5;61.0;-40.0;32.0;343.9375;-82.8125;70.0625;-0.71490478515625;0.17657470703125;-0.66900634765625;-0.100830078125;0.021000001579523087;-0.08100000023841858;0.036000002175569534;-0.9720000624656677;-0.11500000208616257;0.04100000113248825
726664.0;-0.9350000619888306;-0.17100000381469727;0.0820000022649765;46.6875;21.5;1.5;-26.0;-58.0;62.0;343.875;-82.8125;69.75;-0.71502685546875;0.1763916015625;-0.6688232421875;-0.10125732421875;0.03700000047683716;-0.05700000375509262;0.04000000283122063;-0.9730000495910645;-0.11400000751018524;0.04200000315904617
726674.0;-0.9360000491142273;-0.13300000131130219;0.08000000566244125;46.6875;21.5;1.5;-47.0;-37.0;76.0;343.75;-82.875;69.4375;-0.715087890625;0.17633056640625;-0.66876220703125;-0.10174560546875;0.036000002175569534;-0.01900000125169754;0.03700000047683716;-0.9730000495910645;-0.11300000548362732;0.04200000315904617
726678.0;-0.9360000491142273;-0.13300000131130219;0.08000000566244125;46.6875;21.5;1.5;-47.0;-37.0;76.0;343.75;-82.875;69.4375;-0.715087890625;0.17633056640625;-0.66876220703125;-0.10174560546875;0.036000002175569534;-0.01900000125169754;0.03700000047683716;-0.9730000495910645;-0.11300000548362732;0.04200000315904617
726688.0;-0.9720000624656677;-0.09600000083446503;0.032999999821186066;47.875;21.0625;2.75;10.0;-13.0;65.0;344.0;-82.875;69.25;-0.71533203125;0.1746826171875;-0.66912841796875;-0.10052490234375;0.0;0.01600000075995922;-0.009000000543892384;-0.9730000495910645;-0.11300000548362732;0.04200000315904617
726698.0;-0.9750000238418579;-0.0990000069141388;0.010000000707805157;47.875;21.0625;2.75;109.0;-7.0;29.0;344.0;-82.875;69.1875;-0.71539306640625;0.17413330078125;-0.669189453125;-0.1002197265625;-0.0020000000949949026;0.013000000268220901;-0.03200000151991844;-0.9730000495910645;-0.1120000034570694;0.04200000315904617
726708.0;-0.9750000238418579;-0.11300000548362732;0.009000000543892384;47.875;21.0625;2.75;220.0;-20.0;-3.0;344.125;-82.875;68.9375;-0.7156982421875;0.17333984375;-0.66925048828125;-0.0994873046875;-0.0020000000949949026;0.0;-0.032999999821186066;-0.9730000495910645;-0.1120000034570694;0.0430000014603138
726712.0;-0.9790000319480896;-0.15000000596046448;0.010000000707805157;47.875;21.0625;2.75;325.0;-30.0;-7.0;344.3125;-82.875;68.625;-0.716064453125;0.17205810546875;-0.6693115234375;-0.09832763671875;-0.006000000052154064;-0.03700000047683716;-0.032999999821186066;-0.9730000495910645;-0.1120000034570694;0.04400000348687172
726722.0;-0.987000048160553;-0.1380000114440918;0.0;47.875;21.0625;2.75;394.0;-34.0;11.0;344.5625;-82.875;68.1875;-0.716552734375;0.1705322265625;-0.66937255859375;-0.0970458984375;-0.013000000268220901;-0.026000000536441803;-0.04400000348687172;-0.9730000495910645;-0.1120000034570694;0.04400000348687172
726732.0;-0.987000048160553;-0.1380000114440918;0.0;46.6875;21.5;2.375;416.0;-44.0;28.0;345.0625;-82.875;67.6875;-0.71734619140625;0.16705322265625;-0.66986083984375;-0.09381103515625;-0.003000000026077032;0.0010000000474974513;-0.05300000309944153;-0.9730000495910645;-0.11100000888109207;0.04500000178813934
726742.0;-0.9770000576972961;-0.11000000685453415;-0.007000000216066837;46.6875;21.5;2.375;392.0;-60.0;39.0;345.25;-82.875;67.125;-0.7178955078125;0.16534423828125;-0.66986083984375;-0.09259033203125;0.01100000087171793;0.03400000184774399;-0.05300000309944153;-0.9730000495910645;-0.11100000888109207;0.046000003814697266
726746.0;-0.9770000576972961;-0.11000000685453415;-0.007000000216066837;46.6875;21.5;2.375;392.0;-60.0;39.0;345.25;-82.875;67.125;-0.7178955078125;0.16534423828125;-0.66986083984375;-0.09259033203125;0.01100000087171793;0.03400000184774399;-0.05300000309944153;-0.9730000495910645;-0.11100000888109207;0.046000003814697266
726756.0;-0.9610000252723694;-0.07600000500679016;-0.006000000052154064;46.6875;21.5;2.375;310.0;-81.0;51.0;345.4375;-82.9375;66.4375;-0.7183837890625;0.1639404296875;-0.6697998046875;-0.09173583984375;0.02800000086426735;0.10400000214576721;-0.04800000041723251;-0.9730000495910645;-0.11000000685453415;0.04800000041723251
726766.0;-0.9440000653266907;-0.006000000052154064;0.0;46.6875;21.5;2.375;211.0;-63.0;28.0;345.5;-82.9375;66.0;-0.71881103515625;0.16302490234375;-0.669677734375;-0.0911865234375;0.027000000700354576;0.11000000685453415;-0.03800000250339508;-0.9730000495910645;-0.11000000685453415;0.04800000041723251
726776.0;-0.9450000524520874;0.0;0.010000000707805157;46.6875;21.5;2.375;133.0;-10.0;-15.0;345.625;-82.875;65.875;-0.71893310546875;0.16259765625;-0.669677734375;-0.09063720703125;0.017000000923871994;0.0990000069141388;-0.026000000536441803;-0.9730000495910645;-0.11000000685453415;0.049000002443790436
726781.0;-0.9550000429153442;-0.010000000707805157;0.02200000174343586;46.6875;21.5;2.375;133.0;-10.0;-15.0;345.625;-82.875;65.875;-0.71923828125;0.15972900390625;-0.6705322265625;-0.0870361328125;0.009000000543892384;0.0860000029206276;-0.003000000026077032;-0.9730000495910645;-0.11000000685453415;0.04800000041723251
726791.0;-0.9640000462532043;-0.024000000208616257;0.04500000178813934;46.375;22.25;1.0625;88.0;57.0;-69.0;346.1875;-82.875;66.25;-0.71893310546875;0.15985107421875;-0.6708984375;-0.08642578125;-0.02200000174343586;0.07200000435113907;0.04500000178813934;-0.9730000495910645;-0.11100000888109207;0.04700000211596489
726801.0;-0.9950000643730164;-0.03800000250339508;0.09300000220537186;46.375;22.25;1.0625;69.0;165.0;-91.0;346.375;-82.8125;67.75;-0.71844482421875;0.15997314453125;-0.6715087890625;-0.085693359375;-0.024000000208616257;0.07100000232458115;0.06300000101327896;-0.9730000495910645;-0.1120000034570694;0.046000003814697266
726811.0;-0.9970000386238098;-0.04100000113248825;0.10900000482797623;46.375;22.25;1.0625;100.0;191.0;-92.0;346.5;-82.8125;68.6875;-0.7178955078125;0.1600341796875;-0.67218017578125;-0.08477783203125;-0.039000000804662704;0.10600000619888306;0.09300000220537186;-0.9730000495910645;-0.11300000548362732;0.04400000348687172
726821.0;-1.0120000839233398;-0.007000000216066837;0.13700000941753387;46.375;22.25;1.0625;164.0;237.0;-136.0;346.6875;-82.8125;69.875;-0.71722412109375;0.15997314453125;-0.67303466796875;-0.08349609375;-0.014000000432133675;0.1380000114440918;0.10700000822544098;-0.9730000495910645;-0.11400000751018524;0.04100000113248825
726825.0;-1.0120000839233398;-0.007000000216066837;0.13700000941753387;46.375;22.25;1.0625;164.0;237.0;-136.0;346.6875;-82.8125;69.875;-0.71722412109375;0.15997314453125;-0.67303466796875;-0.08349609375;-0.014000000432133675;0.1380000114440918;0.10700000822544098;-0.9730000495910645;-0.11400000751018524;0.04100000113248825
726835.0;-0.987000048160553;0.023000001907348633;0.14900000393390656;46.375;22.25;1.0625;164.0;237.0;-136.0;346.6875;-82.8125;69.875;-0.71722412109375;0.15997314453125;-0.67303466796875;-0.08349609375;-0.02800000086426735;0.2600000202655792;0.18400001525878906;-0.9720000624656677;-0.11500000208616257;0.04000000283122063
726845.0;-1.0010000467300415;0.14400000870227814;0.2240000069141388;47.5;19.5625;2.75;93.0;150.0;-112.0;346.8125;-82.75;70.6875;-0.716796875;0.16009521484375;-0.673583984375;-0.0826416015625;-0.02800000086426735;0.2600000202655792;0.18400001525878906;-0.9720000624656677;-0.11600000411272049;0.039000000804662704
726855.0;-1.0190000534057617;0.203000009059906;0.22800001502037048;47.5;19.5625;2.75;-128.0;78.0;-3.0;346.5625;-82.8125;71.3125;-0.716064453125;0.161376953125;-0.67388916015625;-0.084228515625;-0.06400000303983688;0.34700000286102295;0.20200000703334808;-0.9730000495910645;-0.11500000208616257;0.03800000250339508
726861.0;-1.037000060081482;0.23200000822544098;0.2410000115633011;47.5;19.5625;2.75;-270.0;34.0;77.0;346.3125;-82.875;71.25;-0.71588134765625;0.16217041015625;-0.67376708984375;-0.08563232421875;-0.08100000023841858;0.3620000183582306;0.2240000069141388;-0.9730000495910645;-0.11400000751018524;0.03800000250339508
726871.0;-1.0540000200271606;0.24800001084804535;0.26200002431869507;47.5;19.5625;2.75;-293.0;-27.0;92.0;346.0625;-82.9375;70.75;-0.71588134765625;0.16278076171875;-0.67333984375;-0.08734130859375;-0.09300000220537186;0.4130000174045563;0.2680000066757202;-0.9730000495910645;-0.11300000548362732;0.039000000804662704
726881.0;-1.0670000314712524;0.30000001192092896;0.3070000112056732;47.5;19.5625;2.75;-300.0;-104.0;133.0;346.0625;-82.9375;70.75;-0.71588134765625;0.16278076171875;-0.67333984375;-0.08734130859375;-0.09300000220537186;0.4130000174045563;0.2680000066757202;-0.9730000495910645;-0.11300000548362732;0.039000000804662704
726891.0;-1.068000078201294;0.3320000171661377;0.31700000166893005;46.6875;21.875;1.0625;-319.0;-196.0;237.0;346.125;-83.0625;69.625;-0.716552734375;0.16064453125;-0.6732177734375;-0.08697509765625;-0.0950000062584877;0.44300001859664917;0.2750000059604645;-0.9730000495910645;-0.11000000685453415;0.04100000113248825
726895.0;-1.068000078201294;0.3320000171661377;0.31700000166893005;46.6875;21.875;1.0625;-319.0;-196.0;237.0;346.125;-83.0625;69.625;-0.716552734375;0.16064453125;-0.6732177734375;-0.08697509765625;-0.0950000062584877;0.44300001859664917;0.2750000059604645;-0.9730000495910645;-0.11000000685453415;0.04100000113248825
726905.0;-1.0760000944137573;0.35200002789497375;0.32200002670288086;46.6875;21.875;1.0625;-360.0;-290.0;366.0;345.6875;-83.1875;6.25;-0.7177734375;0.1602783203125;-0.67108154296875;-0.0936279296875;-0.1340000033378601;0.48100003600120544;0.2460000067949295;-0.9740000367164612;-0.10200000554323196;0.046000003814697266
726915.0;-1.1080000400543213;0.37800002098083496;0.2930000126361847;46.6875;21.875;1.0625;-439.0;-362.0;503.0;345.125;-83.375;5.9375;-0.718505859375;0.1600341796875;-0.66961669921875;-0.0985107421875;-0.14500001072883606;0.4780000150203705;0.23900000751018524;-0.9740000367164612;-0.09600000083446503;0.05000000074505806
726925.0;-1.1190000772476196;0.38200002908706665;0.2900000214576721;46.6875;21.875;1.0625;-587.0;-448.0;636.0;344.375;-83.625;5.5625;-0.71942138671875;0.1600341796875;-0.66778564453125;-0.1046142578125;-0.15600000321865082;0.4650000333786011;0.21800000965595245;-0.9750000238418579;-0.08800000697374344;0.055000003427267075
726929.0;-1.1190000772476196;0.38200002908706665;0.2900000214576721;46.6875;21.875;1.0625;-587.0;-448.0;636.0;344.375;-83.625;5.5625;-0.71942138671875;0.1600341796875;-0.66778564453125;-0.1046142578125;-0.15600000321865082;0.4650000333786011;0.21800000965595245;-0.9750000238418579;-0.08800000697374344;0.055000003427267075
726939.0;-1.13100004196167;0.3760000169277191;0.27300000190734863;46.6875;21.875;1.0625;-786.0;-547.0;753.0;343.4375;-83.8125;5.1875;-0.71942138671875;0.1600341796875;-0.66778564453125;-0.1046142578125;-0.15600000321865082;0.4650000333786011;0.21800000965595245;-0.9750000238418579;-0.08800000697374344;0.055000003427267075
726949.0;-1.1460000276565552;0.367000013589859;0.2590000033378601;47.875;20.375;1.5;-1010.0;-641.0;844.0;342.5625;-84.0;4.6875;-0.7205810546875;0.158935546875;-0.66583251953125;-0.11016845703125;-0.17100000381469727;0.44700002670288086;0.1980000138282776;-0.9750000238418579;-0.08000000566244125;0.06100000441074371
726959.0;-1.1690000295639038;0.33800002932548523;0.24000000953674316;47.875;20.375;1.5;-1238.0;-728.0;921.0;341.3125;-84.1875;4.1875;-0.7215576171875;0.15997314453125;-0.6630859375;-0.11865234375;-0.19300000369548798;0.4100000262260437;0.1720000058412552;-0.9750000238418579;-0.06300000101327896;0.07500000298023224
726963.0;-1.1890000104904175;0.3240000009536743;0.22700001299381256;47.875;20.375;1.5;-1453.0;-813.0;975.0;339.875;-84.1875;3.6875;-0.7225341796875;0.16156005859375;-0.659912109375;-0.12811279296875;-0.24000000953674316;0.3760000169277191;0.1550000011920929;-0.9750000238418579;-0.05400000140070915;0.08300000429153442
726973.0;-1.2160000801086426;0.32200002670288086;0.23900000751018524;47.875;20.375;1.5;-1640.0;-902.0;1019.0;338.3125;-84.125;3.125;-0.7235107421875;0.16363525390625;-0.65618896484375;-0.13848876953125;-0.2590000033378601;0.37400001287460327;0.15700000524520874;-0.9750000238418579;-0.04400000348687172;0.09300000220537186
726983.0;-1.2340000867843628;0.3290000259876251;0.25;47.875;20.375;1.5;-1805.0;-1005.0;1044.0;336.625;-83.9375;2.625;-0.724609375;0.16619873046875;-0.65185546875;-0.14959716796875;-0.2590000033378601;0.37400001287460327;0.15700000524520874;-0.9750000238418579;-0.04400000348687172;0.09300000220537186
726993.0;-1.255000114440918;0.3290000259876251;0.26100000739097595;47.0625;18.875;1.5;-1927.0;-1109.0;1063.0;335.0625;-83.5625;2.0625;-0.72601318359375;0.16827392578125;-0.64715576171875;-0.160400390625;-0.2800000011920929;0.36500000953674316;0.15700000524520874;-0.9740000367164612;-0.036000002175569534;0.10300000756978989
726997.0;-1.255000114440918;0.3290000259876251;0.26100000739097595;47.0625;18.875;1.5;-1927.0;-1109.0;1063.0;335.0625;-83.5625;2.0625;-0.72601318359375;0.16827392578125;-0.64715576171875;-0.160400390625;-0.2800000011920929;0.36500000953674316;0.15700000524520874;-0.9740000367164612;-0.036000002175569534;0.10300000756978989
727007.0;-1.2680000066757202;0.3270000219345093;0.2540000081062317;47.0625;18.875;1.5;-1985.0;-1189.0;1107.0;333.3125;-83.0625;13.125;-0.72735595703125;0.17108154296875;-0.641845703125;-0.1724853515625;-0.29500001668930054;0.3530000150203705;0.13900001347064972;-0.9730000495910645;-0.026000000536441803;0.11500000208616257
727017.0;-1.290000081062317;0.30900001525878906;0.23900000751018524;47.0625;18.875;1.5;-1942.0;-1247.0;1192.0;331.5;-82.4375;7.625;-0.7286376953125;0.17333984375;-0.63629150390625;-0.18475341796875;-0.31800001859664917;0.32600000500679016;0.1120000034570694;-0.9720000624656677;-0.017000000923871994;0.12700000405311584
727027.0;-1.319000005722046;0.25300002098083496;0.20600001513957977;47.0625;18.875;1.5;-1777.0;-1291.0;1304.0;329.75;-81.6875;2.5;-0.73004150390625;0.17449951171875;-0.6307373046875;-0.1968994140625;-0.3490000069141388;0.2600000202655792;0.0650000050663948;-0.9700000286102295;-0.006000000052154064;0.14000000059604645
727031.0;-1.3340001106262207;0.24000000953674316;0.20200000703334808;47.0625;18.875;1.5;-1515.0;-1310.0;1429.0;328.125;-80.9375;-2.1875;-0.7314453125;0.1741943359375;-0.6253662109375;-0.2086181640625;-0.3660000264644623;0.23400001227855682;0.04800000041723251;-0.968000054359436;0.005000000353902578;0.15400001406669617
727041.0;-1.3350000381469727;0.2410000115633011;0.1900000125169754;48.5625;16.25;-0.875;-1216.0;-1322.0;1580.0;327.0;-80.0625;-6.8125;-0.73370361328125;0.16986083984375;-0.6209716796875;-0.21722412109375;-0.36900001764297485;0.22100001573562622;0.02200000174343586;-0.9660000205039978;0.020000001415610313;0.16700001060962677
727051.0;-1.340000033378601;0.2550000250339508;0.18700000643730164;48.5625;16.25;-0.875;-973.0;-1317.0;1756.0;325.4375;-79.125;-11.25;-0.735107421875;0.1663818359375;-0.61627197265625;-0.22833251953125;-0.37700000405311584;0.21900001168251038;0.005000000353902578;-0.9630000591278076;0.036000002175569534;0.1810000091791153
727061.0;-1.3620001077651978;0.3270000219345093;0.23500001430511475;48.5625;16.25;-0.875;-899.0;-1323.0;1949.0;323.875;-78.0625;-15.4375;-0.7362060546875;0.16192626953125;-0.61175537109375;-0.239990234375;-0.4020000100135803;0.2720000147819519;0.04000000283122063;-0.9590000510215759;0.05400000140070915;0.19500000774860382
727065.0;-1.3620001077651978;0.3270000219345093;0.23500001430511475;48.5625;16.25;-0.875;-899.0;-1323.0;1949.0;323.875;-78.0625;-15.4375;-0.7362060546875;0.16192626953125;-0.61175537109375;-0.239990234375;-0.4020000100135803;0.2720000147819519;0.04000000283122063;-0.9590000510215759;0.05400000140070915;0.19500000774860382
727075.0;-1.38100004196167;0.34800001978874207;0.27400001883506775;48.5625;16.25;-0.875;-1021.0;-1368.0;2119.0;322.125;-76.875;-19.25;-0.73699951171875;0.15728759765625;-0.60687255859375;-0.252685546875;-0.42600002884864807;0.2750000059604645;0.06400000303983688;-0.9550000429153442;0.07300000637769699;0.20900000631809235
727085.0;-1.3980001211166382;0.3460000157356262;0.2980000078678131;48.5625;16.25;-0.875;-1258.0;-1435.0;2244.0;320.1875;-75.5625;-22.4375;-0.7374267578125;0.153076171875;-0.60137939453125;-0.2666015625;-0.4490000307559967;0.25300002098083496;0.07300000637769699;-0.9490000605583191;0.09300000220537186;0.22500000894069672
727095.0;-1.4140000343322754;0.33900001645088196;0.2880000174045563;48.5625;14.0625;-2.1875;-1553.0;-1503.0;2305.0;318.25;-74.1875;-24.875;-0.73779296875;0.1492919921875;-0.59521484375;-0.28125;-0.4700000286102295;0.22700001299381256;0.046000003814697266;-0.9430000185966492;0.1120000034570694;0.242000013589859
727098.0;-1.4140000343322754;0.33900001645088196;0.2880000174045563;48.5625;14.0625;-2.1875;-1553.0;-1503.0;2305.0;318.25;-74.1875;-24.875;-0.73779296875;0.1492919921875;-0.59521484375;-0.28125;-0.4700000286102295;0.22700001299381256;0.046000003814697266;-0.9430000185966492;0.1120000034570694;0.242000013589859
727108.0;-1.4260001182556152;0.3440000116825104;0.2680000066757202;48.5625;14.0625;-2.1875;-1841.0;-1593.0;2354.0;316.0625;-72.6875;-26.625;-0.73773193359375;0.14666748046875;-0.58807373046875;-0.29736328125;-0.48900002241134644;0.21300001442432404;0.007000000216066837;-0.9360000491142273;0.1300000101327896;0.2600000202655792
727118.0;-1.4180001020431519;0.36500000953674316;0.2550000250339508;48.5625;14.0625;-2.1875;-2071.0;-1699.0;2414.0;313.75;-71.125;-27.9375;-0.73748779296875;0.14453125;-0.5799560546875;-0.314453125;-0.49000000953674316;0.21700000762939453;-0.024000000208616257;-0.9280000329017639;0.14800000190734863;0.2800000011920929
727128.0;-1.412000060081482;0.3830000162124634;0.281000018119812;48.5625;14.0625;-2.1875;-2247.0;-1782.0;2494.0;311.4375;-69.4375;-28.8125;-0.7369384765625;0.1427001953125;-0.571044921875;-0.33233642578125;-0.49400001764297485;0.21700000762939453;-0.01900000125169754;-0.9180000424385071;0.16600000858306885;0.30100002884864807
727138.0;-1.408000111579895;0.3970000147819519;0.2840000092983246;48.5625;14.0625;-2.1875;-2367.0;-1844.0;2569.0;309.0;-67.6875;-29.5;-0.73602294921875;0.140869140625;-0.5615234375;-0.350830078125;-0.5;0.21400001645088196;-0.03800000250339508;-0.9070000648498535;0.18300001323223114;0.3230000138282776
727142.0;-1.408000111579895;0.3970000147819519;0.2840000092983246;50.75;8.0625;-4.5625;-2511.0;-1889.0;2650.0;306.5;-65.9375;-29.875;-0.73468017578125;0.13922119140625;-0.5513916015625;-0.369873046875;-0.5160000324249268;0.21000000834465027;-0.023000001907348633;-0.8950000405311584;0.1990000158548355;0.3460000157356262
727152.0;-1.412000060081482;0.4090000092983246;0.3230000138282776;50.75;8.0625;-4.5625;-2694.0;-1979.0;2741.0;304.0;-64.0625;-30.0625;-0.73291015625;0.1378173828125;-0.54034423828125;-0.38970947265625;-0.5320000052452087;0.1940000057220459;0.003000000026077032;-0.8820000290870667;0.21400001645088196;0.3700000047683716
727162.0;-1.4140000343322754;0.4090000092983246;0.37400001287460327;50.75;8.0625;-4.5625;-2925.0;-2110.0;2816.0;301.3125;-62.125;-29.9375;-0.7308349609375;0.13671875;-0.52801513671875;-0.41033935546875;-0.5450000166893005;0.18900001049041748;0.00800000037997961;-0.8660000562667847;0.2290000170469284;0.3970000147819519
727172.0;-1.412000060081482;0.4180000126361847;0.4050000309944153;50.75;8.0625;-4.5625;-3166.0;-2242.0;2849.0;298.6875;-60.0625;-29.5;-0.7283935546875;0.1361083984375;-0.514404296875;-0.431640625;-0.5760000348091125;0.15400001406669617;0.06700000166893005;-0.8500000238418579;0.2410000115633011;0.42500001192092896
727176.0;-1.412000060081482;0.4180000126361847;0.4050000309944153;50.75;8.0625;-4.5625;-3166.0;-2242.0;2849.0;298.6875;-60.0625;-29.5;-0.7283935546875;0.1361083984375;-0.514404296875;-0.431640625;-0.5760000348091125;0.15400001406669617;0.06700000166893005;-0.8500000238418579;0.2410000115633011;0.42500001192092896
727186.0;-1.4260001182556152;0.39500001072883606;0.492000013589859;50.75;8.0625;-4.5625;-3361.0;-2382.0;2817.0;296.0;-58.0;-28.8125;-0.72576904296875;0.1358642578125;-0.49945068359375;-0.45318603515625;-0.5980000495910645;0.12200000882148743;0.04700000211596489;-0.831000030040741;0.25;0.45500001311302185
727196.0;-1.4300000667572021;0.37300002574920654;0.5020000338554382;50.75;8.0625;-4.5625;-3361.0;-2382.0;2817.0;296.0;-58.0;-28.8125;-0.72296142578125;0.13580322265625;-0.483642578125;-0.4742431640625;-0.6130000352859497;0.13100001215934753;0.013000000268220901;-0.812000036239624;0.25699999928474426;0.48500001430511475
727206.0;-1.4250000715255737;0.3890000283718109;0.49900001287460327;51.1875;1.5;-7.1875;-3411.0;-2459.0;2740.0;293.4375;-55.875;-27.875;-0.719970703125;0.1353759765625;-0.4674072265625;-0.494873046875;-0.6200000047683716;0.15400001406669617;-0.004000000189989805;-0.7910000085830688;0.26200002431869507;0.5160000324249268
727211.0;-1.4110000133514404;0.41600000858306885;0.5110000371932983;51.1875;1.5;-7.1875;-3314.0;-2593.0;2783.0;288.5;-51.625;-26.0;-0.7164306640625;0.13427734375;-0.45074462890625;-0.5152587890625;-0.5980000495910645;0.14800000190734863;0.012000000104308128;-0.7690000534057617;0.26600000262260437;0.5460000038146973
727221.0;-1.3670001029968262;0.4150000214576721;0.5590000152587891;51.1875;1.5;-7.1875;-3295.0;-2661.0;2912.0;286.0625;-49.375;-25.0625;-0.7122802734375;0.13250732421875;-0.43359375;-0.53582763671875;-0.6200000047683716;0.11800000816583633;0.013000000268220901;-0.7440000176429749;0.27000001072883606;0.5770000219345093
727231.0;-1.3650000095367432;0.3890000283718109;0.5900000333786011;51.1875;1.5;-7.1875;-3290.0;-2731.0;3032.0;283.5625;-47.125;-24.1875;-0.7073974609375;0.13018798828125;-0.41595458984375;-0.55645751953125;-0.6500000357627869;0.08900000154972076;-0.003000000026077032;-0.7190000414848328;0.27300000190734863;0.6080000400543213
727241.0;-1.3690000772476196;0.3620000183582306;0.6040000319480896;51.1875;1.5;-7.1875;-3290.0;-2731.0;3032.0;283.5625;-47.125;-24.1875;-0.7073974609375;0.13018798828125;-0.41595458984375;-0.55645751953125;-0.6500000357627869;0.08900000154972076;-0.003000000026077032;-0.6910000443458557;0.27400001883506775;0.6380000114440918
727244.0;-1.3690000772476196;0.3620000183582306;0.6040000319480896;51.1875;1.5;-7.1875;-3290.0;-2731.0;3032.0;283.5625;-47.125;-24.1875;-0.7073974609375;0.13018798828125;-0.41595458984375;-0.55645751953125;-0.6500000357627869;0.08900000154972076;-0.003000000026077032;-0.6910000443458557;0.27400001883506775;0.6380000114440918
727254.0;-1.3680000305175781;0.3400000035762787;0.6460000276565552;50.375;-4.25;-16.25;-3251.0;-2828.0;3067.0;281.1875;-44.8125;-23.25;-0.70208740234375;0.127197265625;-0.3978271484375;-0.5767822265625;-0.6760000586509705;0.06599999964237213;0.00800000037997961;-0.6620000600814819;0.27400001883506775;0.6680000424385071
727264.0;-1.290000081062317;0.3410000205039978;0.7040000557899475;50.375;-4.25;-16.25;-3164.0;-2906.0;3035.0;276.5625;-40.125;-21.375;-0.690673828125;0.1195068359375;-0.3604736328125;-0.61541748046875;-0.6210000514984131;0.0820000022649765;0.04700000211596489;-0.6320000290870667;0.27300000190734863;0.6970000267028809
727274.0;-1.253000020980835;0.35500001907348633;0.7450000643730164;50.375;-4.25;-16.25;-3082.0;-2981.0;3028.0;274.375;-37.75;-20.375;-0.68450927734375;0.11468505859375;-0.34130859375;-0.6339111328125;-0.6270000338554382;0.08500000089406967;0.05100000277161598;-0.6000000238418579;0.27000001072883606;0.7260000109672546
727278.0;-1.253000020980835;0.35500001907348633;0.7450000643730164;50.375;-4.25;-16.25;-3082.0;-2981.0;3028.0;274.375;-37.75;-20.375;-0.68450927734375;0.11468505859375;-0.34130859375;-0.6339111328125;-0.6270000338554382;0.08500000089406967;0.05100000277161598;-0.6000000238418579;0.27000001072883606;0.7260000109672546
727288.0;-1.227000117301941;0.35500001907348633;0.7780000567436218;50.375;-4.25;-16.25;-3011.0;-3061.0;3039.0;272.25;-35.3125;-19.375;-0.67816162109375;0.109375;-0.32171630859375;-0.65167236328125;-0.6030000448226929;0.07800000160932541;0.0860000029206276;-0.5670000314712524;0.26500001549720764;0.7540000081062317
727298.0;-1.1710000038146973;0.3440000116825104;0.8400000333786011;50.375;-4.25;-16.25;-2944.0;-3159.0;2984.0;272.25;-35.3125;-19.375;-0.67816162109375;0.109375;-0.32171630859375;-0.65167236328125;-0.6030000448226929;0.07800000160932541;0.0860000029206276;-0.5670000314712524;0.26500001549720764;0.7540000081062317
727308.0;-1.1480000019073486;0.30000001192092896;0.8760000467300415;44.875;-7.6875;-22.0;-2855.0;-3239.0;2900.0;270.25;-32.9375;-18.375;-0.6717529296875;0.10345458984375;-0.3018798828125;-0.66851806640625;-0.6140000224113464;0.04100000113248825;0.0950000062584877;-0.5330000519752502;0.2590000033378601;0.7800000309944153
727312.0;-1.1180000305175781;0.25200000405311584;0.9000000357627869;44.875;-7.6875;-22.0;-2753.0;-3338.0;2814.0;268.375;-30.5;-17.3125;-0.6590576171875;0.08953857421875;-0.26153564453125;-0.699462890625;-0.6290000081062317;-0.01900000125169754;0.07300000637769699;-0.46000000834465027;0.24300001561641693;0.8300000429153442
727322.0;-1.090000033378601;0.22300000488758087;0.9040000438690186;44.875;-7.6875;-22.0;-2606.0;-3447.0;2740.0;266.5625;-28.0;-16.25;-0.6527099609375;0.0810546875;-0.24139404296875;-0.71356201171875;-0.6180000305175781;-0.03100000135600567;0.07300000637769699;-0.4220000207424164;0.23400001227855682;0.8530000448226929
727332.0;-1.040000081062317;0.203000009059906;0.9270000457763672;44.875;-7.6875;-22.0;-2420.0;-3562.0;2682.0;264.875;-25.5;-15.3125;-0.646240234375;0.07159423828125;-0.22119140625;-0.72686767578125;-0.628000020980835;-0.026000000536441803;0.06000000238418579;-0.38200002908706665;0.2240000069141388;0.8740000128746033
727342.0;-1.0110000371932983;0.1980000138282776;0.9350000619888306;44.875;-7.6875;-22.0;-2266.0;-3676.0;2634.0;263.25;-22.9375;-14.375;-0.646240234375;0.07159423828125;-0.22119140625;-0.72686767578125;-0.628000020980835;-0.026000000536441803;0.06000000238418579;-0.38200002908706665;0.2240000069141388;0.8740000128746033
727345.0;-1.0110000371932983;0.1980000138282776;0.9350000619888306;44.875;-7.6875;-22.0;-2266.0;-3676.0;2634.0;263.25;-22.9375;-14.375;-0.646240234375;0.07159423828125;-0.22119140625;-0.72686767578125;-0.628000020980835;-0.026000000536441803;0.06000000238418579;-0.38200002908706665;0.2240000069141388;0.8740000128746033
727355.0;-0.9810000658035278;0.1850000023841858;0.9300000667572021;37.875;-10.6875;-31.875;-2161.0;-3774.0;2569.0;261.6875;-20.3125;-13.4375;-0.6397705078125;0.06146240234375;-0.200927734375;-0.73931884765625;-0.64000004529953;-0.02800000086426735;0.036000002175569534;-0.3410000205039978;0.21400001645088196;0.8940000534057617
727365.0;-0.9540000557899475;0.164000004529953;0.9180000424385071;37.875;-10.6875;-31.875;-2084.0;-3850.0;2487.0;260.25;-17.75;-12.5;-0.63323974609375;0.05084228515625;-0.1805419921875;-0.75091552734375;-0.6360000371932983;-0.07400000095367432;-0.012000000104308128;-0.25600001215934753;0.1900000125169754;0.9270000457763672
727375.0;-0.8920000195503235;0.11500000208616257;0.9140000343322754;37.875;-10.6875;-31.875;-2032.0;-3918.0;2388.0;258.875;-15.125;-11.5625;-0.626708984375;0.039794921875;-0.15997314453125;-0.7615966796875;-0.6570000052452087;-0.06200000271201134;-0.05900000408291817;-0.2120000123977661;0.17600001394748688;0.9410000443458557
727379.0;-0.8920000195503235;0.11500000208616257;0.9140000343322754;37.875;-10.6875;-31.875;-2032.0;-3918.0;2388.0;258.875;-15.125;-11.5625;-0.626708984375;0.039794921875;-0.15997314453125;-0.7615966796875;-0.6570000052452087;-0.06200000271201134;-0.05900000408291817;-0.2120000123977661;0.17600001394748688;0.9410000443458557
727389.0;-0.8690000176429749;0.11300000548362732;0.8810000419616699;37.875;-10.6875;-31.875;-1983.0;-3992.0;2280.0;257.5625;-12.5;-10.5625;-0.62030029296875;0.02838134765625;-0.13922119140625;-0.7713623046875;-0.6740000247955322;-0.04800000041723251;-0.0950000062584877;-0.16700001060962677;0.16100001335144043;0.9520000219345093
727399.0;-0.8420000672340393;0.1120000034570694;0.8570000529289246;37.875;-10.6875;-31.875;-1928.0;-4056.0;2178.0;256.375;-9.8125;-9.5625;-0.6138916015625;0.0166015625;-0.118408203125;-0.7802734375;-0.6740000247955322;-0.04800000041723251;-0.0950000062584877;-0.16700001060962677;0.16100001335144043;0.9520000219345093
727409.0;-0.8040000200271606;0.09700000286102295;0.8500000238418579;28.5625;-12.1875;-39.375;-1832.0;-4084.0;2138.0;255.1875;-7.1875;-8.625;-0.6072998046875;0.00433349609375;-0.0977783203125;-0.7884521484375;-0.6810000538825989;-0.04800000041723251;-0.11100000888109207;-0.12300000339746475;0.14500001072883606;0.9610000252723694
727413.0;-0.7200000286102295;0.0820000022649765;0.8370000123977661;28.5625;-12.1875;-39.375;-1691.0;-4105.0;2143.0;254.0;-4.5625;-7.6875;-0.6002197265625;-0.0084228515625;-0.07757568359375;-0.7960205078125;-0.6420000195503235;-0.04800000041723251;-0.13100001215934753;-0.07800000160932541;0.13100001215934753;0.968000054359436
727423.0;-0.6670000553131104;0.06100000441074371;0.8160000443458557;28.5625;-12.1875;-39.375;-1516.0;-4103.0;2174.0;252.8125;-1.9375;-6.8125;-0.5926513671875;-0.021728515625;-0.05810546875;-0.80303955078125;-0.6330000162124634;-0.055000003427267075;-0.15700000524520874;-0.032999999821186066;0.11600000411272049;0.9730000495910645
727433.0;-0.6080000400543213;0.02800000086426735;0.8400000333786011;28.5625;-12.1875;-39.375;-1307.0;-4092.0;2235.0;251.625;0.625;-6.0;-0.58441162109375;-0.03564453125;-0.03948974609375;-0.80975341796875;-0.6200000047683716;-0.07500000298023224;-0.1340000033378601;0.01100000087171793;0.10300000756978989;0.9750000238418579
727443.0;-0.5330000519752502;-0.0010000000474974513;0.893000066280365;28.5625;-12.1875;-39.375;-1107.0;-4063.0;2293.0;250.375;3.1875;-5.3125;-0.575439453125;-0.050048828125;-0.021728515625;-0.81597900390625;-0.5890000462532043;-0.09200000762939453;-0.08100000023841858;0.055000003427267075;0.09100000560283661;0.9740000367164612
727447.0;-0.5330000519752502;-0.0010000000474974513;0.893000066280365;28.5625;-12.1875;-39.375;-1107.0;-4063.0;2293.0;250.375;3.1875;-5.3125;-0.575439453125;-0.050048828125;-0.021728515625;-0.81597900390625;-0.5890000462532043;-0.09200000762939453;-0.08100000023841858;0.055000003427267075;0.09100000560283661;0.9740000367164612
727457.0;-0.5040000081062317;0.029000001028180122;0.89000004529953;17.5;-10.75;-44.6875;-966.0;-4072.0;2273.0;249.125;5.8125;-4.625;-0.56622314453125;-0.06494140625;-0.004638671875;-0.82171630859375;-0.6040000319480896;-0.049000002443790436;-0.0820000022649765;0.0990000069141388;0.07900000363588333;0.9720000624656677
727467.0;-0.4710000157356262;0.032999999821186066;0.8680000305175781;17.5;-10.75;-44.6875;-920.0;-4086.0;2152.0;247.9375;8.375;-3.9375;-0.55712890625;-0.07989501953125;0.0123291015625;-0.82647705078125;-0.6140000224113464;-0.032999999821186066;-0.0990000069141388;0.14300000667572021;0.06700000166893005;0.9670000672340393
727477.0;-0.44600000977516174;0.015000000596046448;0.8490000367164612;17.5;-10.75;-44.6875;-946.0;-4061.0;2040.0;246.8125;10.875;-3.1875;-0.5482177734375;-0.0947265625;0.02923583984375;-0.8304443359375;-0.6310000419616699;-0.03800000250339508;-0.1120000034570694;0.1850000023841858;0.05400000140070915;0.9610000252723694
727484.0;-0.3660000264644623;-0.02500000037252903;0.8010000586509705;17.5;-10.75;-44.6875;-1015.0;-4046.0;1923.0;245.8125;13.375;-2.375;-0.53948974609375;-0.10919189453125;0.04638671875;-0.8336181640625;-0.593000054359436;-0.0650000050663948;-0.1510000079870224;0.22700001299381256;0.039000000804662704;0.9530000686645508
727494.0;-0.3160000145435333;-0.06100000441074371;0.7850000262260437;17.5;-10.75;-44.6875;-1041.0;-4020.0;1765.0;244.8125;15.875;-1.4375;-0.53118896484375;-0.1234130859375;0.06341552734375;-0.8358154296875;-0.5850000381469727;-0.0860000029206276;-0.15700000524520874;0.2680000066757202;0.024000000208616257;0.9420000314712524
727504.0;-0.2600000202655792;-0.11000000685453415;0.7750000357627869;7.875;-9.5625;-48.0;-998.0;-3984.0;1640.0;243.9375;18.25;-0.5625;-0.52313232421875;-0.13763427734375;0.08001708984375;-0.8372802734375;-0.5680000185966492;-0.11900000274181366;-0.1550000011920929;0.30800002813339233;0.009000000543892384;0.9300000667572021
727514.0;-0.21400001645088196;-0.14400000870227814;0.7980000376701355;7.875;-9.5625;-48.0;-920.0;-3965.0;1547.0;243.125;20.6875;0.25;-0.51513671875;-0.15191650390625;0.09613037109375;-0.83807373046875;-0.5610000491142273;-0.14000000059604645;-0.11800000816583633;0.3460000157356262;-0.004000000189989805;0.9170000553131104
727518.0;-0.21400001645088196;-0.14400000870227814;0.7980000376701355;7.875;-9.5625;-48.0;-920.0;-3965.0;1547.0;243.125;20.6875;0.25;-0.51513671875;-0.15191650390625;0.09613037109375;-0.83807373046875;-0.5610000491142273;-0.14000000059604645;-0.11800000816583633;0.3460000157356262;-0.004000000189989805;0.9170000553131104
727528.0;-0.14100000262260437;-0.15600000321865082;0.8030000329017639;7.875;-9.5625;-48.0;-841.0;-3973.0;1438.0;242.3125;23.0625;1.125;-0.50726318359375;-0.16644287109375;0.11181640625;-0.838134765625;-0.5260000228881836;-0.13700000941753387;-0.09800000488758087;0.3840000033378601;-0.018000001087784767;0.9010000228881836
727538.0;-0.13199999928474426;-0.1510000079870224;0.8170000314712524;7.875;-9.5625;-48.0;-763.0;-4005.0;1299.0;241.625;25.5;2.0;-0.49969482421875;-0.1812744140625;0.12701416015625;-0.83740234375;-0.5550000071525574;-0.12000000476837158;-0.06700000166893005;0.4220000207424164;-0.030000001192092896;0.8840000629425049
727548.0;-0.13700000941753387;-0.11600000411272049;0.7980000376701355;7.875;-9.5625;-48.0;-708.0;-4048.0;1136.0;241.0;27.875;2.8125;-0.4925537109375;-0.196533203125;0.141845703125;-0.83587646484375;-0.5960000157356262;-0.07400000095367432;-0.06599999964237213;0.45900002121925354;-0.04200000315904617;0.8650000691413879
727551.0;-0.13700000941753387;-0.11600000411272049;0.7980000376701355;-3.5625;-6.6875;-49.5625;-665.0;-4050.0;1016.0;240.4375;30.3125;3.625;-0.485595703125;-0.21185302734375;0.1563720703125;-0.8336181640625;-0.5550000071525574;-0.055000003427267075;-0.13500000536441803;0.49500003457069397;-0.05300000309944153;0.8440000414848328
727561.0;-0.06000000238418579;-0.10900000482797623;0.7090000510215759;-3.5625;-6.6875;-49.5625;-560.0;-4056.0;946.0;239.875;32.6875;4.4375;-0.47857666015625;-0.2274169921875;0.17022705078125;-0.830810546875;-0.5770000219345093;-0.04200000315904617;-0.1730000078678131;0.5300000309944153;-0.06300000101327896;0.8220000267028809
727571.0;-0.046000003814697266;-0.10600000619888306;0.6480000019073486;-3.5625;-6.6875;-49.5625;-388.0;-4033.0;885.0;239.3125;35.125;5.125;-0.471435546875;-0.2432861328125;0.18316650390625;-0.82769775390625;-0.5730000138282776;-0.01100000087171793;-0.19700001180171967;0.5640000104904175;-0.07200000435113907;0.7980000376701355
727581.0;-0.00800000037997961;-0.08400000631809235;0.6010000109672546;-3.5625;-6.6875;-49.5625;-187.0;-4018.0;859.0;238.6875;37.4375;5.8125;-0.46392822265625;-0.25946044921875;0.19500732421875;-0.82427978515625;-0.5720000267028809;0.027000000700354576;-0.1990000158548355;0.5960000157356262;-0.07900000363588333;0.7740000486373901
727586.0;-0.00800000037997961;-0.08400000631809235;0.6010000109672546;-3.5625;-6.6875;-49.5625;-187.0;-4018.0;859.0;238.6875;37.4375;5.8125;-0.46392822265625;-0.25946044921875;0.19500732421875;-0.82427978515625;-0.5720000267028809;0.027000000700354576;-0.1990000158548355;0.5960000157356262;-0.07900000363588333;0.7740000486373901
727596.0;0.024000000208616257;-0.05100000277161598;0.5740000009536743;-3.5625;-6.6875;-49.5625;-15.0;-3960.0;873.0;238.0625;39.8125;6.4375;-0.4559326171875;-0.27569580078125;0.2059326171875;-0.82080078125;-0.5760000348091125;0.09100000560283661;-0.23600001633167267;0.6270000338554382;-0.08400000631809235;0.7480000257492065
727606.0;0.05100000277161598;0.006000000052154064;0.5110000371932983;-3.5625;-6.6875;-49.5625;-15.0;-3960.0;873.0;238.0625;39.8125;6.4375;-0.44744873046875;-0.29156494140625;0.2161865234375;-0.81732177734375;-0.5450000166893005;0.1080000028014183;-0.2370000183582306;0.6570000052452087;-0.09000000357627869;0.7220000624656677
727616.0;0.11100000888109207;0.017000000923871994;0.48500001430511475;-14.75;-5.5625;-47.5;85.0;-3858.0;940.0;237.375;42.0625;7.125;-0.438720703125;-0.30706787109375;0.2261962890625;-0.81365966796875;-0.5410000085830688;0.13100001215934753;-0.22700001299381256;0.6840000152587891;-0.09600000083446503;0.6950000524520874
727619.0;0.11100000888109207;0.017000000923871994;0.48500001430511475;-14.75;-5.5625;-47.5;85.0;-3858.0;940.0;237.375;42.0625;7.125;-0.438720703125;-0.30706787109375;0.2261962890625;-0.81365966796875;-0.5410000085830688;0.13100001215934753;-0.22700001299381256;0.6840000152587891;-0.09600000083446503;0.6950000524520874
727629.0;0.1420000046491623;0.03400000184774399;0.46800002455711365;-14.75;-5.5625;-47.5;34.0;-3753.0;922.0;235.9375;46.4375;8.75;-0.43017578125;-0.32208251953125;0.23614501953125;-0.8095703125;-0.5470000505447388;0.13700000941753387;-0.23800000548362732;0.7100000381469727;-0.10300000756978989;0.6670000553131104
727639.0;0.16300000250339508;0.03400000184774399;0.42900002002716064;-14.75;-5.5625;-47.5;-95.0;-3706.0;972.0;235.25;48.5;9.875;-0.42144775390625;-0.33642578125;0.24658203125;-0.80523681640625;-0.5560000538825989;0.13600000739097595;-0.2680000066757202;0.7350000143051147;-0.11100000888109207;0.6390000581741333
727649.0;0.17800000309944153;0.024000000208616257;0.3700000047683716;-14.75;-5.5625;-47.5;-268.0;-3668.0;1039.0;234.5;50.625;11.1875;-0.41265869140625;-0.35003662109375;0.2576904296875;-0.80047607421875;-0.550000011920929;0.12800000607967377;-0.3060000240802765;0.7580000162124634;-0.1210000067949295;0.6100000143051147
727659.0;0.20800000429153442;0.007000000216066837;0.30300000309944153;-14.75;-5.5625;-47.5;-268.0;-3668.0;1039.0;234.5;50.625;11.1875;-0.41265869140625;-0.35003662109375;0.2576904296875;-0.80047607421875;-0.5490000247955322;0.13500000536441803;-0.35600000619888306;0.7790000438690186;-0.13300000131130219;0.5790000557899475
727661.0;0.23000000417232513;0.0010000000474974513;0.22300000488758087;-24.75;-5.0625;-44.6875;-425.0;-3649.0;1138.0;233.75;52.625;12.875;-0.403564453125;-0.36285400390625;0.26947021484375;-0.79547119140625;-0.5490000247955322;0.13500000536441803;-0.35600000619888306;0.7990000247955322;-0.14600001275539398;0.5490000247955322
727671.0;0.2800000011920929;-0.00800000037997961;0.09800000488758087;-24.75;-5.0625;-44.6875;-530.0;-3607.0;1206.0;232.1875;56.375;17.1875;-0.384765625;-0.38671875;0.2938232421875;-0.784912109375;-0.406000018119812;0.08500000089406967;-0.6310000419616699;0.8170000314712524;-0.1600000113248825;0.5180000066757202
727681.0;0.4100000262260437;-0.07500000298023224;-0.11300000548362732;-24.75;-5.0625;-44.6875;-560.0;-3540.0;1280.0;231.375;58.0625;19.6875;-0.37506103515625;-0.3974609375;0.3056640625;-0.77972412109375;-0.35600000619888306;0.05400000140070915;-0.6200000047683716;0.8320000171661377;-0.17500001192092896;0.4870000183582306
727691.0;0.47600001096725464;-0.12000000476837158;-0.13300000131130219;-24.75;-5.0625;-44.6875;-556.0;-3375.0;1325.0;230.5625;59.5625;22.4375;-0.3658447265625;-0.40704345703125;0.31707763671875;-0.7745361328125;-0.32600000500679016;0.04100000113248825;-0.6040000319480896;0.8450000286102295;-0.18900001049041748;0.4580000340938568
727701.0;0.5190000534057617;-0.1469999998807907;-0.14500001072883606;-24.75;-5.0625;-44.6875;-610.0;-3157.0;1308.0;230.5625;59.5625;22.4375;-0.3658447265625;-0.40704345703125;0.31707763671875;-0.7745361328125;-0.32600000500679016;0.04100000113248825;-0.6040000319480896;0.8450000286102295;-0.18900001049041748;0.4580000340938568
727711.0;0.5300000309944153;-0.20600001513957977;-0.1980000138282776;-31.5;-1.75;-39.6875;-741.0;-2903.0;1131.0;229.875;60.875;25.25;-0.35791015625;-0.41552734375;0.328125;-0.7691650390625;-0.32600000500679016;-0.003000000026077032;-0.628000020980835;0.8570000529289246;-0.203000009059906;0.4300000071525574
727718.0;0.5300000309944153;-0.20600001513957977;-0.1980000138282776;-31.5;-1.75;-39.6875;-741.0;-2903.0;1131.0;229.875;60.875;25.25;-0.35791015625;-0.41552734375;0.328125;-0.7691650390625;-0.32600000500679016;-0.003000000026077032;-0.628000020980835;0.8570000529289246;-0.203000009059906;0.4300000071525574
727728.0;0.5400000214576721;-0.2510000169277191;-0.22200001776218414;-31.5;-1.75;-39.6875;-910.0;-2612.0;857.0;229.4375;62.0625;27.9375;-0.3475341796875;-0.4290771484375;0.3486328125;-0.75738525390625;-0.3630000054836273;-0.04200000315904617;-0.6330000162124634;0.8740000128746033;-0.22500000894069672;0.38100001215934753
727738.0;0.5110000371932983;-0.2670000195503235;-0.25200000405311584;-31.5;-1.75;-39.6875;-1077.0;-2314.0;627.0;229.25;63.125;30.5625;-0.34423828125;-0.433837890625;0.35858154296875;-0.75146484375;-0.3060000240802765;-0.007000000216066837;-0.6460000276565552;0.8810000419616699;-0.23500001430511475;0.359000027179718
727748.0;0.5750000476837158;-0.242000013589859;-0.28700000047683716;-31.5;-1.75;-39.6875;-1234.0;-2033.0;579.0;229.1875;64.0;33.1875;-0.341796875;-0.43701171875;0.36846923828125;-0.74591064453125;-0.20500001311302185;-0.05300000309944153;-0.6930000185966492;0.8860000371932983;-0.2460000067949295;0.33900001645088196
727758.0;0.6810000538825989;-0.2990000247955322;-0.3530000150203705;-31.5;-1.75;-39.6875;-1385.0;-1725.0;584.0;229.1875;64.625;35.875;-0.341796875;-0.43701171875;0.36846923828125;-0.74591064453125;-0.20500001311302185;-0.05300000309944153;-0.6930000185966492;0.8860000371932983;-0.2460000067949295;0.33900001645088196
727758.0;0.6810000538825989;-0.2990000247955322;-0.3530000150203705;-31.5;-1.75;-39.6875;-1385.0;-1725.0;584.0;229.1875;64.625;35.875;-0.341796875;-0.43701171875;0.36846923828125;-0.74591064453125;-0.20500001311302185;-0.05300000309944153;-0.6930000185966492;0.8860000371932983;-0.2460000067949295;0.33900001645088196
727768.0;0.675000011920929;-0.3240000009536743;-0.38100001215934753;-37.75;1.1875;-34.25;-1233.0;-1554.0;253.0;229.375;65.3125;38.125;-0.340576171875;-0.4404296875;0.376708984375;-0.7403564453125;-0.2150000035762787;-0.07100000232458115;-0.703000009059906;0.8910000324249268;-0.25200000405311584;0.32100000977516174
727778.0;0.6830000281333923;-0.34700000286102295;-0.39500001072883606;-37.75;1.1875;-34.25;-852.0;-1380.0;183.0;229.4375;65.875;40.0;-0.339111328125;-0.44390869140625;0.3829345703125;-0.73577880859375;-0.2110000103712082;-0.09000000357627869;-0.7020000219345093;0.8980000615119934;-0.2600000202655792;0.2930000126361847
727788.0;0.7130000591278076;-0.3570000231266022;-0.4230000078678131;-37.75;1.1875;-34.25;-249.0;-1310.0;281.0;229.25;66.375;41.5625;-0.3359375;-0.44793701171875;0.38690185546875;-0.732666015625;-0.17800000309944153;-0.026000000536441803;-0.6460000276565552;0.9010000228881836;-0.26200002431869507;0.28200000524520874
727798.0;0.7230000495910645;-0.2880000174045563;-0.36400002241134644;-37.75;1.1875;-34.25;423.0;-1334.0;266.0;228.75;66.875;42.875;-0.3311767578125;-0.45330810546875;0.38824462890625;-0.7308349609375;-0.18800000846385956;0.005000000353902578;-0.5850000381469727;0.9050000309944153;-0.2600000202655792;0.2710000276565552
727808.0;0.7160000205039978;-0.2540000081062317;-0.31300002336502075;-37.75;1.1875;-34.25;1020.0;-1349.0;172.0;228.0;67.375;43.75;-0.32525634765625;-0.45989990234375;0.3870849609375;-0.72998046875;-0.18800000846385956;0.005000000353902578;-0.5850000381469727;0.9050000309944153;-0.2600000202655792;0.2710000276565552
727812.0;0.7150000333786011;-0.23900000751018524;-0.2630000114440918;-41.0625;4.1875;-30.5625;1473.0;-1374.0;150.0;227.0625;67.9375;44.4375;-0.31829833984375;-0.4674072265625;0.38409423828125;-0.7298583984375;-0.19300000369548798;0.018000001087784767;-0.5260000228881836;0.9080000519752502;-0.2580000162124634;0.26200002431869507
727822.0;0.7600000500679016;-0.21800000965595245;-0.203000009059906;-41.0625;4.1875;-30.5625;1746.0;-1396.0;242.0;226.0;68.375;45.125;-0.3101806640625;-0.4752197265625;0.3802490234375;-0.73028564453125;-0.1510000079870224;0.03700000047683716;-0.4580000340938568;0.9120000600814819;-0.2550000250339508;0.2540000081062317
727832.0;0.7800000309944153;-0.2150000035762787;-0.16700001060962677;-41.0625;4.1875;-30.5625;1843.0;-1406.0;362.0;224.75;68.875;45.9375;-0.30133056640625;-0.48291015625;0.3763427734375;-0.73101806640625;-0.1340000033378601;0.03800000250339508;-0.41200003027915955;0.9140000343322754;-0.2540000081062317;0.24500000476837158
727842.0;0.796000063419342;-0.2200000137090683;-0.1730000078678131;-41.0625;4.1875;-30.5625;1777.0;-1392.0;461.0;223.5;69.25;47.0;-0.292236328125;-0.4901123046875;0.37286376953125;-0.731689453125;-0.12000000476837158;0.032999999821186066;-0.4100000262260437;0.9170000553131104;-0.2540000081062317;0.23600001633167267
727852.0;0.8190000653266907;-0.25;-0.1860000044107437;-41.0625;4.1875;-30.5625;1569.0;-1349.0;573.0;222.25;69.5;48.25;-0.28326416015625;-0.49658203125;0.370361328125;-0.73211669921875;-0.0990000069141388;0.004000000189989805;-0.4140000343322754;0.9180000424385071;-0.2550000250339508;0.22700001299381256
727854.0;0.8190000653266907;-0.25;-0.1860000044107437;-41.0625;4.1875;-30.5625;1569.0;-1349.0;573.0;222.25;69.5;48.25;-0.28326416015625;-0.49658203125;0.370361328125;-0.73211669921875;-0.0990000069141388;0.004000000189989805;-0.4140000343322754;0.9180000424385071;-0.2550000250339508;0.22700001299381256
727864.0;0.843000054359436;-0.27800002694129944;-0.20400001108646393;-42.1875;3.0;-28.5;1283.0;-1319.0;689.0;221.125;69.75;49.875;-0.274658203125;-0.50225830078125;0.369140625;-0.732177734375;-0.07600000500679016;-0.018000001087784767;-0.4230000078678131;0.9200000166893005;-0.2590000033378601;0.21800000965595245
727874.0;0.8390000462532043;-0.28700000047683716;-0.19600000977516174;-42.1875;3.0;-28.5;932.0;-1285.0;777.0;220.0;69.875;51.75;-0.26666259765625;-0.50701904296875;0.36944580078125;-0.73162841796875;-0.08100000023841858;-0.02200000174343586;-0.4050000309944153;0.9200000166893005;-0.2639999985694885;0.20800000429153442
727884.0;0.8390000462532043;-0.3060000240802765;-0.1990000158548355;-42.1875;3.0;-28.5;554.0;-1220.0;865.0;219.0625;69.875;53.875;-0.25946044921875;-0.51080322265625;0.371337890625;-0.73065185546875;-0.08100000023841858;-0.03400000184774399;-0.3970000147819519;0.9200000166893005;-0.2720000147819519;0.1980000138282776
727894.0;0.8470000624656677;-0.33000001311302185;-0.20200000703334808;-42.1875;3.0;-28.5;214.0;-1136.0;981.0;218.1875;69.8125;56.1875;-0.25286865234375;-0.5135498046875;0.37469482421875;-0.7293701171875;-0.07200000435113907;-0.049000002443790436;-0.39000001549720764;0.9200000166893005;-0.281000018119812;0.18800000846385956
727904.0;0.8290000557899475;-0.36400002241134644;-0.18700000643730164;-42.1875;3.0;-28.5;-55.0;-1072.0;1043.0;217.4375;69.625;58.625;-0.246826171875;-0.5155029296875;0.379150390625;-0.72772216796875;-0.08900000154972076;-0.07200000435113907;-0.36500000953674316;0.9190000295639038;-0.29100000858306885;0.1770000010728836
727904.0;0.8290000557899475;-0.36400002241134644;-0.18700000643730164;-42.1875;3.0;-28.5;-55.0;-1072.0;1043.0;217.4375;69.625;58.625;-0.246826171875;-0.5155029296875;0.379150390625;-0.72772216796875;-0.08900000154972076;-0.07200000435113907;-0.36500000953674316;0.9190000295639038;-0.29100000858306885;0.1770000010728836
727914.0;0.8360000252723694;-0.3840000033378601;-0.1850000023841858;-43.6875;1.5625;-25.875;-261.0;-942.0;1068.0;216.75;69.3125;61.0;-0.2415771484375;-0.51666259765625;0.38427734375;-0.7259521484375;-0.08000000566244125;-0.08100000023841858;-0.35200002789497375;0.9170000553131104;-0.3020000159740448;0.16700001060962677
727924.0;0.8420000672340393;-0.4140000343322754;-0.19700001180171967;-43.6875;1.5625;-25.875;-428.0;-825.0;1052.0;216.1875;69.0;63.1875;-0.23699951171875;-0.51715087890625;0.38983154296875;-0.72418212890625;-0.07300000637769699;-0.10000000149011612;-0.35500001907348633;0.9150000214576721;-0.31300002336502075;0.15800000727176666
727934.0;0.8540000319480896;-0.4570000171661377;-0.22600001096725464;-43.6875;1.5625;-25.875;-581.0;-695.0;1030.0;215.75;68.625;65.25;-0.23321533203125;-0.51690673828125;0.395751953125;-0.72235107421875;-0.05900000408291817;-0.13300000131130219;-0.3760000169277191;0.9130000472068787;-0.3240000009536743;0.14900000393390656
727944.0;0.8720000386238098;-0.5139999985694885;-0.21900001168251038;-43.6875;1.5625;-25.875;-689.0;-573.0;978.0;215.375;68.25;67.0625;-0.23016357421875;-0.51617431640625;0.4017333984375;-0.72052001953125;-0.03800000250339508;-0.18000000715255737;-0.36000001430511475;0.9100000262260437;-0.33400002121925354;0.14100000262260437
727954.0;0.8670000433921814;-0.5370000004768372;-0.21700000762939453;-43.6875;1.5625;-25.875;-704.0;-446.0;943.0;215.125;67.8125;68.625;-0.2275390625;-0.5150146484375;0.407470703125;-0.71893310546875;-0.04000000283122063;-0.19200000166893005;-0.35200002789497375;0.9080000519752502;-0.3440000116825104;0.1340000033378601
727954.0;0.8670000433921814;-0.5370000004768372;-0.21700000762939453;-43.6875;1.5625;-25.875;-704.0;-446.0;943.0;215.125;67.8125;68.625;-0.2275390625;-0.5150146484375;0.407470703125;-0.71893310546875;-0.04000000283122063;-0.19200000166893005;-0.35200002789497375;0.9080000519752502;-0.3440000116825104;0.1340000033378601
727964.0;0.8670000433921814;-0.5370000004768372;-0.21700000762939453;-43.6875;1.5625;-25.875;-659.0;-354.0;902.0;214.8125;67.375;70.0;-0.22515869140625;-0.51361083984375;0.41290283203125;-0.7176513671875;-0.055000003427267075;-0.20200000703334808;-0.3570000231266022;0.9050000309944153;-0.3540000021457672;0.12800000607967377
727974.0;0.8500000238418579;-0.5560000538825989;-0.22800001502037048;-45.375;4.875;-23.875;-580.0;-254.0;810.0;214.5625;66.9375;71.0625;-0.22308349609375;-0.51214599609375;0.41754150390625;-0.7166748046875;-0.055000003427267075;-0.23400001227855682;-0.3890000283718109;0.9020000696182251;-0.3620000183582306;0.12400000542402267
727984.0;0.8460000157356262;-0.597000002861023;-0.26500001549720764;-45.375;4.875;-23.875;-463.0;-177.0;728.0;214.3125;66.5625;71.875;-0.22119140625;-0.5106201171875;0.4215087890625;-0.71600341796875;-0.06200000271201134;-0.2330000102519989;-0.37800002098083496;0.8990000486373901;-0.3700000047683716;0.12000000476837158
727994.0;0.8370000123977661;-0.6030000448226929;-0.2580000162124634;-45.375;4.875;-23.875;-317.0;-119.0;641.0;214.0625;66.1875;72.5;-0.2193603515625;-0.50927734375;0.424560546875;-0.7156982421875;-0.07100000232458115;-0.22300000488758087;-0.359000027179718;0.8970000147819519;-0.3760000169277191;0.11800000816583633
728004.0;0.8260000348091125;-0.6000000238418579;-0.2410000115633011;-45.375;4.875;-23.875;-147.0;-61.0;577.0;213.75;65.875;72.9375;-0.21746826171875;-0.508056640625;0.4267578125;-0.71588134765625;-0.07100000232458115;-0.1980000138282776;-0.3460000157356262;0.8950000405311584;-0.38200002908706665;0.11700000613927841
728006.0;0.8260000348091125;-0.6000000238418579;-0.2410000115633011;-45.375;4.875;-23.875;-147.0;-61.0;577.0;213.75;65.875;72.9375;-0.21746826171875;-0.508056640625;0.4267578125;-0.71588134765625;-0.07100000232458115;-0.1980000138282776;-0.3460000157356262;0.8950000405311584;-0.38200002908706665;0.11700000613927841
728016.0;0.8240000605583191;-0.5800000429153442;-0.2290000170469284;-45.375;4.875;-23.875;-147.0;-61.0;577.0;213.4375;65.625;73.125;-0.21539306640625;-0.50701904296875;0.427978515625;-0.71649169921875;-0.06200000271201134;-0.18700000643730164;-0.3790000081062317;0.893000066280365;-0.38700002431869507;0.11700000613927841
728026.0;0.8300000429153442;-0.5750000476837158;-0.26100000739097595;-45.75;7.5;-23.5;37.0;-18.0;505.0;213.4375;65.625;73.125;-0.2135009765625;-0.50628662109375;0.42816162109375;-0.71746826171875;-0.04500000178813934;-0.19500000774860382;-0.41700002551078796;0.8910000324249268;-0.39000001549720764;0.11800000816583633
728036.0;0.8460000157356262;-0.5850000381469727;-0.2980000078678131;-45.75;7.5;-23.5;346.0;125.0;186.0;212.875;65.25;72.8125;-0.212158203125;-0.50579833984375;0.42724609375;-0.71881103515625;-0.02500000037252903;-0.22300000488758087;-0.46300002932548523;0.89000004529953;-0.39100003242492676;0.12000000476837158
728039.0;0.8460000157356262;-0.5850000381469727;-0.2980000078678131;-45.75;7.5;-23.5;346.0;125.0;186.0;212.875;65.25;72.8125;-0.212158203125;-0.50579833984375;0.42724609375;-0.71881103515625;-0.02500000037252903;-0.22300000488758087;-0.46300002932548523;0.89000004529953;-0.39100003242492676;0.12000000476837158
728049.0;0.8650000691413879;-0.6140000224113464;-0.34200000762939453;-45.75;7.5;-23.5;480.0;256.0;-4.0;212.6875;65.1875;72.1875;-0.21142578125;-0.50537109375;0.42510986328125;-0.7205810546875;-0.036000002175569534;-0.2580000162124634;-0.4790000319480896;0.89000004529953;-0.39100003242492676;0.125
728059.0;0.8530000448226929;-0.6490000486373901;-0.3530000150203705;-45.75;7.5;-23.5;538.0;440.0;-275.0;212.6875;65.25;71.1875;-0.2120361328125;-0.5048828125;0.42181396484375;-0.72259521484375;-0.03800000250339508;-0.2680000066757202;-0.46800002455711365;0.8910000324249268;-0.38700002431869507;0.13100001215934753
728069.0;0.8520000576972961;-0.656000018119812;-0.3360000252723694;-45.75;7.5;-23.5;538.0;440.0;-275.0;212.6875;65.25;71.1875;-0.2120361328125;-0.5048828125;0.42181396484375;-0.72259521484375;-0.03800000250339508;-0.2680000066757202;-0.46800002455711365;0.8920000195503235;-0.38100001215934753;0.13900001347064972
728079.0;0.8540000319480896;-0.6430000066757202;-0.33100003004074097;-44.25;9.0;-23.0625;521.0;626.0;-551.0;212.875;65.4375;69.875;-0.21417236328125;-0.5042724609375;0.41766357421875;-0.724853515625;-0.03800000250339508;-0.26100000739097595;-0.4710000157356262;0.8920000195503235;-0.38100001215934753;0.13900001347064972
728089.0;0.8530000448226929;-0.6450000405311584;-0.3490000069141388;-44.25;9.0;-23.0625;469.0;813.0;-800.0;213.9375;66.0625;66.1875;-0.22265625;-0.50238037109375;0.40740966796875;-0.72943115234375;-0.05900000408291817;-0.2800000011920929;-0.5410000085830688;0.8960000276565552;-0.3630000054836273;0.1600000113248825
728092.0;0.8370000123977661;-0.6430000066757202;-0.38100001215934753;-44.25;9.0;-23.0625;420.0;980.0;-1005.0;214.625;66.4375;63.875;-0.228515625;-0.5009765625;0.4013671875;-0.73193359375;-0.07900000363588333;-0.281000018119812;-0.5350000262260437;0.8990000486373901;-0.35100001096725464;0.1720000058412552
728102.0;0.8190000653266907;-0.6330000162124634;-0.3620000183582306;-44.25;9.0;-23.0625;402.0;1129.0;-1171.0;215.4375;66.75;61.25;-0.23504638671875;-0.4993896484375;0.39483642578125;-0.7344970703125;-0.10300000756978989;-0.28600001335144043;-0.534000039100647;0.9010000228881836;-0.33800002932548523;0.1850000023841858
728112.0;0.7970000505447388;-0.625;-0.34800001978874207;-44.25;9.0;-23.0625;409.0;1247.0;-1292.0;215.4375;66.75;61.25;-0.23504638671875;-0.4993896484375;0.39483642578125;-0.7344970703125;-0.10300000756978989;-0.28600001335144043;-0.534000039100647;0.9010000228881836;-0.33800002932548523;0.1850000023841858
728122.0;0.7720000147819519;-0.6110000014305115;-0.3360000252723694;-43.875;7.875;-24.5625;585.0;1373.0;-1400.0;216.25;67.0625;58.1875;-0.24176025390625;-0.4976806640625;0.38720703125;-0.737548828125;-0.13100001215934753;-0.28700000047683716;-0.5360000133514404;0.9030000567436218;-0.3240000009536743;0.20000000298023224
728125.0;0.7720000147819519;-0.6110000014305115;-0.3360000252723694;-43.875;7.875;-24.5625;585.0;1373.0;-1400.0;216.25;67.0625;58.1875;-0.24176025390625;-0.4976806640625;0.38720703125;-0.737548828125;-0.13100001215934753;-0.28700000047683716;-0.5360000133514404;0.9030000567436218;-0.3240000009536743;0.20000000298023224
728135.0;0.7300000190734863;-0.5490000247955322;-0.2980000078678131;-43.875;7.875;-24.5625;585.0;1373.0;-1400.0;217.0625;67.3125;55.0625;-0.25482177734375;-0.49432373046875;0.37030029296875;-0.7440185546875;-0.18900001049041748;-0.2120000123977661;-0.51500004529953;0.906000018119812;-0.2930000126361847;0.23200000822544098
728145.0;0.7170000076293945;-0.5049999952316284;-0.28200000524520874;-43.875;7.875;-24.5625;869.0;1434.0;-1473.0;217.75;67.5625;51.5625;-0.26104736328125;-0.49285888671875;0.36041259765625;-0.7476806640625;-0.20100000500679016;-0.18000000715255737;-0.5110000371932983;0.9070000648498535;-0.2760000228881836;0.24900001287460327
728155.0;0.7050000429153442;-0.45600003004074097;-0.26100000739097595;-43.875;7.875;-24.5625;992.0;1467.0;-1523.0;218.4375;67.6875;47.875;-0.26739501953125;-0.49139404296875;0.35003662109375;-0.7513427734375;-0.20400001108646393;-0.15200001001358032;-0.5049999952316284;0.9070000648498535;-0.2580000162124634;0.26600000262260437
728165.0;0.703000009059906;-0.4100000262260437;-0.23800000548362732;-43.875;7.875;-24.5625;1049.0;1495.0;-1581.0;219.125;67.75;44.0;-0.26739501953125;-0.49139404296875;0.35003662109375;-0.7513427734375;-0.20400001108646393;-0.15200001001358032;-0.5049999952316284;0.9070000648498535;-0.2580000162124634;0.26600000262260437
728175.0;0.7050000429153442;-0.320000022649765;-0.18900001049041748;-43.1875;4.25;-28.6875;1056.0;1540.0;-1628.0;219.875;67.6875;40.0625;-0.27392578125;-0.48974609375;0.33941650390625;-0.75494384765625;-0.20100000500679016;-0.08000000566244125;-0.47300001978874207;0.9070000648498535;-0.23900000751018524;0.2840000092983246
728177.0;0.7050000429153442;-0.320000022649765;-0.18900001049041748;-43.1875;4.25;-28.6875;1056.0;1540.0;-1628.0;219.875;67.6875;40.0625;-0.27392578125;-0.48974609375;0.33941650390625;-0.75494384765625;-0.20100000500679016;-0.08000000566244125;-0.47300001978874207;0.9070000648498535;-0.23900000751018524;0.2840000092983246
728187.0;0.7120000123977661;-0.2800000011920929;-0.17900000512599945;-43.1875;4.25;-28.6875;1015.0;1604.0;-1611.0;220.5625;67.5625;36.125;-0.28057861328125;-0.4876708984375;0.328857421875;-0.75848388671875;-0.12600000202655792;-0.11600000411272049;-0.4610000252723694;0.9040000438690186;-0.20000000298023224;0.320000022649765
728197.0;0.7780000567436218;-0.31700000166893005;-0.14000000059604645;-43.1875;4.25;-28.6875;1113.0;1710.0;-1765.0;221.3125;67.25;31.9375;-0.2877197265625;-0.4854736328125;0.31732177734375;-0.76214599609375;-0.1730000078678131;-0.07200000435113907;-0.4540000259876251;0.9020000696182251;-0.1770000010728836;0.3400000035762787
728207.0;0.7290000319480896;-0.24900001287460327;-0.11300000548362732;-43.1875;4.25;-28.6875;1193.0;1823.0;-1957.0;222.1875;66.875;27.5;-0.2955322265625;-0.483154296875;0.3046875;-0.7657470703125;-0.23100000619888306;-0.039000000804662704;-0.4830000102519989;0.8980000615119934;-0.15400001406669617;0.36000001430511475
728211.0;0.6660000085830688;-0.1940000057220459;-0.12200000882148743;-43.1875;4.25;-28.6875;1198.0;1900.0;-1919.0;223.0;66.375;23.1875;-0.30328369140625;-0.48040771484375;0.29193115234375;-0.7694091796875;-0.23100000619888306;-0.039000000804662704;-0.4830000102519989;0.8980000615119934;-0.15400001406669617;0.36000001430511475
728221.0;0.6830000281333923;-0.09100000560283661;-0.11100000888109207;-41.0;-0.875;-30.75;1001.0;1881.0;-1903.0;223.875;65.6875;19.25;-0.31134033203125;-0.47723388671875;0.280029296875;-0.77264404296875;-0.2110000103712082;0.04100000113248825;-0.492000013589859;0.8940000534057617;-0.13199999928474426;0.3800000250339508
728231.0;0.7250000238418579;-0.0820000022649765;-0.10200000554323196;-41.0;-0.875;-30.75;858.0;1983.0;-2019.0;224.875;64.9375;15.375;-0.3203125;-0.47344970703125;0.26812744140625;-0.77545166015625;-0.16300000250339508;0.027000000700354576;-0.5020000338554382;0.8880000710487366;-0.11000000685453415;0.39900001883506775
728241.0;0.6440000534057617;-0.16200000047683716;-0.04700000211596489;-41.0;-0.875;-30.75;811.0;2115.0;-1793.0;225.6875;63.9375;12.0625;-0.32855224609375;-0.4686279296875;0.2567138671875;-0.77880859375;-0.23600001633167267;-0.07200000435113907;-0.46700000762939453;0.8810000419616699;-0.09000000357627869;0.42000001668930054
728244.0;0.6440000534057617;-0.16200000047683716;-0.04700000211596489;-41.0;-0.875;-30.75;811.0;2115.0;-1793.0;225.6875;63.9375;12.0625;-0.32855224609375;-0.4686279296875;0.2567138671875;-0.77880859375;-0.23600001633167267;-0.07200000435113907;-0.46700000762939453;0.8810000419616699;-0.09000000357627869;0.42000001668930054
728254.0;0.6020000576972961;-0.15900000929832458;-0.036000002175569534;-41.0;-0.875;-30.75;887.0;2201.0;-1575.0;226.4375;62.8125;9.1875;-0.3358154296875;-0.4632568359375;0.24530029296875;-0.7825927734375;-0.26900002360343933;-0.08700000494718552;-0.4780000150203705;0.8720000386238098;-0.07100000232458115;0.4410000145435333
728264.0;0.5879999995231628;-0.08700000494718552;0.04400000348687172;-41.0;-0.875;-30.75;860.0;2240.0;-1359.0;227.0;61.5625;6.75;-0.3421630859375;-0.45721435546875;0.23443603515625;-0.78668212890625;-0.27400001883506775;-0.03200000151991844;-0.4180000126361847;0.862000048160553;-0.05400000140070915;0.4620000123977661
728274.0;0.5740000009536743;-0.004000000189989805;0.10300000756978989;-38.0625;-6.5;-34.0625;697.0;2270.0;-1434.0;227.625;60.3125;4.5;-0.3492431640625;-0.45074462890625;0.22393798828125;-0.7904052734375;-0.2770000100135803;0.032999999821186066;-0.3790000081062317;0.8520000576972961;-0.03800000250339508;0.4830000102519989
728279.0;0.5740000009536743;-0.004000000189989805;0.10300000756978989;-38.0625;-6.5;-34.0625;697.0;2270.0;-1434.0;227.625;60.3125;4.5;-0.3492431640625;-0.45074462890625;0.22393798828125;-0.7904052734375;-0.2770000100135803;0.032999999821186066;-0.3790000081062317;0.8520000576972961;-0.03800000250339508;0.4830000102519989
728289.0;0.46800002455711365;0.17400000989437103;0.21700000762939453;-38.0625;-6.5;-34.0625;268.0;2353.0;-1519.0;228.5;58.9375;2.625;-0.357666015625;-0.44317626953125;0.21484375;-0.79339599609375;-0.3710000216960907;0.1980000138282776;-0.28600001335144043;0.8400000333786011;-0.023000001907348633;0.5040000081062317
728299.0;0.4710000157356262;0.20500001311302185;0.22700001299381256;-38.0625;-6.5;-34.0625;-392.0;2473.0;-1361.0;229.5;57.5;1.4375;-0.3670654296875;-0.43359375;0.2086181640625;-0.79608154296875;-0.35500001907348633;0.21900001168251038;-0.2990000247955322;0.8270000219345093;-0.013000000268220901;0.5260000228881836
728309.0;0.5330000519752502;0.22800001502037048;0.2840000092983246;-38.0625;-6.5;-34.0625;-1071.0;2588.0;-1335.0;230.625;55.9375;0.8125;-0.3779296875;-0.42205810546875;0.20501708984375;-0.79815673828125;-0.27800002694129944;0.2370000183582306;-0.2639999985694885;0.812000036239624;-0.00800000037997961;0.5480000376701355
728319.0;0.597000002861023;0.2110000103712082;0.32100000977516174;-38.0625;-6.5;-34.0625;-1461.0;2709.0;-1493.0;232.0;54.3125;0.375;-0.39031982421875;-0.4093017578125;0.202392578125;-0.79949951171875;-0.1990000158548355;0.2150000035762787;-0.24900001287460327;0.796000063419342;-0.004000000189989805;0.5710000395774841
728329.0;0.5320000052452087;0.13700000941753387;0.35200002789497375;-32.5;-11.6875;-38.1875;-1634.0;2765.0;-1528.0;233.4375;52.625;0.125;-0.4031982421875;-0.39581298828125;0.20025634765625;-0.8004150390625;-0.24700000882148743;0.1380000114440918;-0.242000013589859;0.7790000438690186;-0.0010000000474974513;0.5940000414848328
728333.0;0.47600001096725464;0.1469999998807907;0.3400000035762787;-32.5;-11.6875;-38.1875;-1779.0;2725.0;-1390.0;234.8125;51.0;0.125;-0.41558837890625;-0.38189697265625;0.19903564453125;-0.8011474609375;-0.28600001335144043;0.14800000190734863;-0.2760000228881836;0.7620000243186951;-0.0010000000474974513;0.6160000562667847
728343.0;0.45500001311302185;0.18000000715255737;0.3100000023841858;-32.5;-11.6875;-38.1875;-1980.0;2627.0;-1230.0;236.125;49.375;0.375;-0.427490234375;-0.36767578125;0.19915771484375;-0.801513671875;-0.289000004529953;0.1850000023841858;-0.3270000219345093;0.7440000176429749;-0.004000000189989805;0.6370000243186951
728353.0;0.46000000834465027;0.21000000834465027;0.30300000309944153;-32.5;-11.6875;-38.1875;-2189.0;2562.0;-1133.0;237.375;47.875;0.9375;-0.43914794921875;-0.35302734375;0.20037841796875;-0.80145263671875;-0.26600000262260437;0.22100001573562622;-0.3530000150203705;0.7270000576972961;-0.010000000707805157;0.6570000052452087
728363.0;0.4400000274181366;0.17400000989437103;0.2850000262260437;-32.5;-11.6875;-38.1875;-2261.0;2584.0;-1067.0;238.6875;46.3125;1.5625;-0.45050048828125;-0.337890625;0.20196533203125;-0.80126953125;-0.26900002360343933;0.19300000369548798;-0.39100003242492676;0.7090000510215759;-0.018000001087784767;0.6760000586509705
728367.0;0.4400000274181366;0.17400000989437103;0.2850000262260437;-32.5;-11.6875;-38.1875;-2261.0;2584.0;-1067.0;238.6875;46.3125;1.5625;-0.45050048828125;-0.337890625;0.20196533203125;-0.80126953125;-0.26900002360343933;0.19300000369548798;-0.39100003242492676;0.7090000510215759;-0.018000001087784767;0.6760000586509705
728377.0;0.4400000274181366;0.17400000989437103;0.2850000262260437;-26.875;-11.25;-41.5;-2184.0;2683.0;-965.0;239.8125;44.6875;2.25;-0.4613037109375;-0.32232666015625;0.20306396484375;-0.80133056640625;-0.2939999997615814;0.15900000929832458;-0.41700002551078796;0.690000057220459;-0.027000000700354576;0.6960000395774841
728387.0;0.3960000276565552;0.13100001215934753;0.27800002694129944;-26.875;-11.25;-41.5;-2010.0;2839.0;-818.0;240.8125;43.0;2.875;-0.47113037109375;-0.3062744140625;0.2032470703125;-0.80181884765625;-0.33400002121925354;0.13600000739097595;-0.49400001764297485;0.6690000295639038;-0.036000002175569534;0.7150000333786011
728397.0;0.33400002121925354;0.10000000149011612;0.22100001573562622;-26.875;-11.25;-41.5;-1705.0;2959.0;-684.0;241.6875;41.25;3.4375;-0.4798583984375;-0.2901611328125;0.20196533203125;-0.802978515625;-0.4190000295639038;0.05700000375509262;-0.6200000047683716;0.6470000147819519;-0.04400000348687172;0.7350000143051147
728401.0;0.22700001299381256;0.012000000104308128;0.11400000751018524;-26.875;-11.25;-41.5;-1235.0;3004.0;-578.0;242.375;39.4375;3.8125;-0.48736572265625;-0.27484130859375;0.19866943359375;-0.8046875;-0.4480000138282776;0.017000000923871994;-0.6140000224113464;0.6230000257492065;-0.05000000074505806;0.7550000548362732
728411.0;0.17500001192092896;-0.032999999821186066;0.14000000059604645;-26.875;-11.25;-41.5;-597.0;3111.0;-508.0;242.875;37.625;3.8125;-0.49359130859375;-0.2606201171875;0.1923828125;-0.80712890625;-0.47200003266334534;-0.006000000052154064;-0.6180000305175781;0.5980000495910645;-0.052000001072883606;0.7740000486373901
728421.0;0.12600000202655792;-0.058000002056360245;0.15600000321865082;-26.875;-11.25;-41.5;-597.0;3111.0;-508.0;242.875;37.625;3.8125;-0.49859619140625;-0.24786376953125;0.18218994140625;-0.8104248046875;-0.4750000238418579;-0.046000003814697266;-0.6610000133514404;0.5720000267028809;-0.04700000211596489;0.7950000166893005
728431.0;0.09600000083446503;-0.09300000220537186;0.13300000131130219;-20.1875;-8.375;-44.75;240.0;3253.0;-507.0;243.1875;35.6875;3.375;-0.50262451171875;-0.237060546875;0.16741943359375;-0.8143310546875;-0.5110000371932983;-0.13199999928474426;-0.6910000443458557;0.5430000424385071;-0.032999999821186066;0.815000057220459
728434.0;0.09600000083446503;-0.09300000220537186;0.13300000131130219;-20.1875;-8.375;-44.75;240.0;3253.0;-507.0;243.1875;35.6875;3.375;-0.50262451171875;-0.237060546875;0.16741943359375;-0.8143310546875;-0.5110000371932983;-0.13199999928474426;-0.6910000443458557;0.5430000424385071;-0.032999999821186066;0.815000057220459
728444.0;0.03200000151991844;-0.16600000858306885;0.12300000339746475;-20.1875;-8.375;-44.75;2105.0;3563.0;-650.0;243.375;31.5;0.75;-0.50579833984375;-0.22784423828125;0.1480712890625;-0.8187255859375;-0.5560000538825989;-0.13500000536441803;-0.7140000462532043;0.5120000243186951;-0.01100000087171793;0.8350000381469727
728454.0;-0.0430000014603138;-0.1469999998807907;0.1210000067949295;-20.1875;-8.375;-44.75;2872.0;3804.0;-772.0;243.375;29.1875;-1.1875;-0.50848388671875;-0.2196044921875;0.12451171875;-0.8232421875;-0.6080000400543213;-0.10500000417232513;-0.7280000448226929;0.4780000150203705;0.017000000923871994;0.8550000190734863
728464.0;-0.1290000081062317;-0.08700000494718552;0.12700000405311584;-20.1875;-8.375;-44.75;3383.0;4005.0;-955.0;243.375;26.75;-3.5;-0.51116943359375;-0.2117919921875;0.097900390625;-0.82720947265625;-0.7390000224113464;0.0690000057220459;-0.6920000314712524;0.4410000145435333;0.05300000309944153;0.8730000257492065
728468.0;-0.1290000081062317;-0.08700000494718552;0.12700000405311584;-20.1875;-8.375;-44.75;3383.0;4005.0;-955.0;243.375;26.75;-3.5;-0.51116943359375;-0.2117919921875;0.097900390625;-0.82720947265625;-0.7390000224113464;0.0690000057220459;-0.6920000314712524;0.4410000145435333;0.05300000309944153;0.8730000257492065
728478.0;-0.2980000078678131;0.12200000882148743;0.1810000091791153;-20.1875;-8.375;-44.75;3383.0;4005.0;-955.0;243.375;26.75;-3.5;-0.51116943359375;-0.2117919921875;0.097900390625;-0.82720947265625;-0.7390000224113464;0.0690000057220459;-0.6920000314712524;0.4010000228881836;0.09200000762939453;0.8890000581741333
728488.0;-0.3720000088214874;0.2120000123977661;0.20000000298023224;-12.0625;-6.875;-47.6875;3595.0;4194.0;-1199.0;243.5;24.1875;-5.875;-0.51434326171875;-0.2037353515625;0.06951904296875;-0.83013916015625;-0.7740000486373901;0.11900000274181366;-0.6890000104904175;0.4010000228881836;0.09200000762939453;0.8890000581741333
728498.0;-0.4360000193119049;0.27000001072883606;0.27000001072883606;-12.0625;-6.875;-47.6875;3512.0;4362.0;-1451.0;244.3125;18.625;-10.3125;-0.5233154296875;-0.18389892578125;0.01348876953125;-0.83197021484375;-0.8050000667572021;0.16100001335144043;-0.5380000472068787;0.31300002336502075;0.16600000858306885;0.9130000472068787
728504.0;-0.4910000264644623;0.328000009059906;0.3750000298023224;-12.0625;-6.875;-47.6875;3054.0;4403.0;-1697.0;245.0;15.8125;-11.875;-0.52978515625;-0.17059326171875;-0.0103759765625;-0.8306884765625;-0.812000036239624;0.22200001776218414;-0.3750000298023224;0.2670000195503235;0.1940000057220459;0.9230000376701355
728514.0;-0.5450000166893005;0.41700002551078796;0.5470000505447388;-12.0625;-6.875;-47.6875;2214.0;4431.0;-1949.0;245.9375;12.875;-12.6875;-0.53765869140625;-0.1541748046875;-0.02972412109375;-0.828369140625;-0.8050000667572021;0.242000013589859;-0.33100003004074097;0.21900001168251038;0.21000000834465027;0.9320000410079956
728524.0;-0.5860000252723694;0.4520000219345093;0.6010000109672546;-12.0625;-6.875;-47.6875;1144.0;4440.0;-2131.0;245.9375;12.875;-12.6875;-0.53765869140625;-0.1541748046875;-0.02972412109375;-0.828369140625;-0.8050000667572021;0.242000013589859;-0.33100003004074097;0.21900001168251038;0.21000000834465027;0.9320000410079956
728534.0;-0.6460000276565552;0.48500001430511475;0.5980000495910645;-0.875;-14.1875;-45.5625;51.0;4515.0;-2240.0;247.0;9.9375;-12.875;-0.54656982421875;-0.1341552734375;-0.0445556640625;-0.825439453125;-0.815000057220459;0.26900002360343933;-0.34300002455711365;0.16900001466274261;0.2150000035762787;0.9410000443458557
728544.0;-0.703000009059906;0.49500003457069397;0.578000009059906;-0.875;-14.1875;-45.5625;-834.0;4672.0;-2220.0;248.0625;6.875;-12.5;-0.56341552734375;-0.0855712890625;-0.06512451171875;-0.81915283203125;-0.8550000190734863;0.15700000524520874;-0.4270000159740448;0.0650000050663948;0.1990000158548355;0.9570000171661377
728554.0;-0.7890000343322754;0.35600000619888306;0.5300000309944153;-0.875;-14.1875;-45.5625;-1365.0;4755.0;-2011.0;249.0;3.8125;-11.6875;-0.56927490234375;-0.060302734375;-0.0733642578125;-0.816650390625;-0.831000030040741;0.05700000375509262;-0.37300002574920654;0.014000000432133675;0.18400001525878906;0.9620000720024109
728558.0;-0.7890000343322754;0.35600000619888306;0.5300000309944153;-0.875;-14.1875;-45.5625;-1365.0;4755.0;-2011.0;249.0;3.8125;-11.6875;-0.56927490234375;-0.060302734375;-0.0733642578125;-0.816650390625;-0.831000030040741;0.05700000375509262;-0.37300002574920654;0.014000000432133675;0.18400001525878906;0.9620000720024109
728568.0;-0.8170000314712524;0.242000013589859;0.5890000462532043;-0.875;-14.1875;-45.5625;-1476.0;4688.0;-1627.0;249.75;0.8125;-10.8125;-0.57275390625;-0.03704833984375;-0.0819091796875;-0.81475830078125;-0.8260000348091125;-0.0430000014603138;-0.25699999928474426;-0.03200000151991844;0.1720000058412552;0.9640000462532043
728578.0;-0.859000027179718;0.12800000607967377;0.7070000171661377;-0.875;-14.1875;-45.5625;-1203.0;4456.0;-1164.0;250.1875;-1.875;-10.125;-0.57275390625;-0.03704833984375;-0.0819091796875;-0.81475830078125;-0.8260000348091125;-0.0430000014603138;-0.25699999928474426;-0.03200000151991844;0.1720000058412552;0.9640000462532043
728588.0;-0.9040000438690186;0.07100000232458115;0.8180000185966492;10.5625;-16.5;-43.25;-651.0;4260.0;-834.0;250.4375;-4.5;-9.6875;-0.57452392578125;-0.016357421875;-0.0921630859375;-0.8131103515625;-0.8270000219345093;-0.09400000423192978;-0.14400000870227814;-0.07700000703334808;0.16500000655651093;0.9630000591278076
728592.0;-0.9940000176429749;0.030000001192092896;0.8710000514984131;10.5625;-16.5;-43.25;151.0;4259.0;-741.0;250.6875;-7.125;-9.8125;-0.575439453125;0.0018310546875;-0.10577392578125;-0.81097412109375;-0.8950000405311584;-0.15900000929832458;-0.1290000081062317;-0.16600000858306885;0.17500001192092896;0.9500000476837158
728602.0;-1.062000036239624;0.01600000075995922;0.8200000524520874;10.5625;-16.5;-43.25;1048.0;4298.0;-790.0;251.0;-9.75;-10.4375;-0.5762939453125;0.0174560546875;-0.12322998046875;-0.8077392578125;-0.9120000600814819;-0.2110000103712082;-0.1300000101327896;-0.2120000123977661;0.19300000369548798;0.937000036239624
728612.0;-1.125;-0.017000000923871994;0.8070000410079956;10.5625;-16.5;-43.25;1987.0;4367.0;-886.0;251.375;-12.4375;-11.625;-0.57720947265625;0.03057861328125;-0.1448974609375;-0.80303955078125;-0.9750000238418579;-0.22500000894069672;0.0;-0.2590000033378601;0.2160000056028366;0.9200000166893005
728622.0;-1.2350000143051147;-0.009000000543892384;0.9200000166893005;10.5625;-16.5;-43.25;2708.0;4477.0;-1532.0;252.25;-15.3125;-13.1875;-0.58050537109375;0.04248046875;-0.169677734375;-0.7952880859375;-0.9750000238418579;-0.22500000894069672;0.0;-0.2590000033378601;0.2160000056028366;0.9200000166893005
728626.0;-1.2350000143051147;-0.009000000543892384;0.9200000166893005;10.5625;-16.5;-43.25;2708.0;4477.0;-1532.0;252.25;-15.3125;-13.1875;-0.58050537109375;0.04248046875;-0.169677734375;-0.7952880859375;-0.9750000238418579;-0.22500000894069672;0.0;-0.2590000033378601;0.2160000056028366;0.9200000166893005
728636.0;-1.2620000839233398;0.0820000022649765;0.9580000638961792;22.1875;-12.375;-41.1875;3137.0;4422.0;-2145.0;253.5;-18.25;-14.875;-0.5859375;0.0533447265625;-0.19586181640625;-0.7845458984375;-0.9550000429153442;-0.15700000524520874;0.058000002056360245;-0.3070000112056732;0.24000000953674316;0.8990000486373901
728646.0;-1.2630000114440918;0.18400001525878906;1.0480000972747803;22.1875;-12.375;-41.1875;3318.0;4342.0;-2188.0;254.8125;-21.125;-16.6875;-0.5911865234375;0.06329345703125;-0.2222900390625;-0.772705078125;-0.909000039100647;-0.07800000160932541;0.1720000058412552;-0.3530000150203705;0.2630000114440918;0.8750000596046448
728656.0;-1.2420001029968262;0.24300001561641693;1.0440000295639038;22.1875;-12.375;-41.1875;3408.0;4252.0;-2376.0;256.25;-24.0;-18.5;-0.59674072265625;0.07275390625;-0.24853515625;-0.759521484375;-0.843000054359436;-0.04100000113248825;0.19500000774860382;-0.39900001883506775;0.2850000262260437;0.8490000367164612
728661.0;-1.221000075340271;0.29500001668930054;0.8960000276565552;22.1875;-12.375;-41.1875;3501.0;4162.0;-2788.0;258.0625;-26.9375;-20.3125;-0.60345458984375;0.08203125;-0.27447509765625;-0.744140625;-0.7770000100135803;-0.007000000216066837;0.07600000500679016;-0.4440000355243683;0.30300000309944153;0.8190000653266907
728671.0;-1.2610000371932983;0.31300002336502075;0.8490000367164612;22.1875;-12.375;-41.1875;3525.0;4040.0;-3100.0;260.0625;-29.875;-21.9375;-0.61102294921875;0.09112548828125;-0.2996826171875;-0.72705078125;-0.7720000147819519;-0.004000000189989805;0.06100000441074371;-0.48900002241134644;0.31800001859664917;0.7880000472068787
728681.0;-1.321000099182129;0.30000001192092896;0.8070000410079956;32.5625;-16.875;-32.375;3585.0;3906.0;-2939.0;262.0;-32.75;-23.6875;-0.61749267578125;0.09912109375;-0.324462890625;-0.70965576171875;-0.7900000214576721;-0.03100000135600567;0.052000001072883606;-0.5300000309944153;0.33100003004074097;0.7540000081062317
728691.0;-1.3100000619888306;0.2200000137090683;0.7300000190734863;32.5625;-16.875;-32.375;3789.0;3729.0;-2501.0;263.8125;-35.4375;-25.6875;-0.6221923828125;0.10498046875;-0.349365234375;-0.69268798828125;-0.7410000562667847;-0.12600000202655792;0.010000000707805157;-0.5680000185966492;0.3460000157356262;0.7190000414848328
728694.0;-1.3100000619888306;0.2200000137090683;0.7300000190734863;32.5625;-16.875;-32.375;3789.0;3729.0;-2501.0;263.8125;-35.4375;-25.6875;-0.6221923828125;0.10498046875;-0.349365234375;-0.69268798828125;-0.7410000562667847;-0.12600000202655792;0.010000000707805157;-0.5680000185966492;0.3460000157356262;0.7190000414848328
728704.0;-1.3990000486373901;0.19100001454353333;0.6620000600814819;32.5625;-16.875;-32.375;3999.0;3603.0;-2411.0;265.6875;-38.0625;-27.875;-0.62628173828125;0.10943603515625;-0.37432861328125;-0.675048828125;-0.7950000166893005;-0.16900001466274261;-0.020000001415610313;-0.6040000319480896;0.36100003123283386;0.6820000410079956
728714.0;-1.3970000743865967;0.20200000703334808;0.6460000276565552;32.5625;-16.875;-32.375;4296.0;3494.0;-2276.0;267.5625;-40.5625;-30.3125;-0.629638671875;0.11212158203125;-0.399658203125;-0.65673828125;-0.7590000629425049;-0.1730000078678131;0.004000000189989805;-0.6370000243186951;0.3760000169277191;0.6420000195503235
728724.0;-1.4300000667572021;0.3500000238418579;0.6940000057220459;32.5625;-16.875;-32.375;4488.0;3432.0;-2839.0;269.875;-43.1875;-32.6875;-0.634521484375;0.11505126953125;-0.4246826171875;-0.63543701171875;-0.7580000162124634;-0.036000002175569534;0.09300000220537186;-0.6710000038146973;0.38600000739097595;0.6000000238418579
728728.0;-1.4300000667572021;0.3500000238418579;0.6940000057220459;32.5625;-16.875;-32.375;4488.0;3432.0;-2839.0;269.875;-43.1875;-32.6875;-0.634521484375;0.11505126953125;-0.4246826171875;-0.63543701171875;-0.7580000162124634;-0.036000002175569534;0.09300000220537186;-0.6710000038146973;0.38600000739097595;0.6000000238418579
728738.0;-1.4300000667572021;0.3500000238418579;0.6940000057220459;41.75;-15.6875;-21.375;4748.0;3566.0;-3455.0;272.6875;-46.1875;-35.0625;-0.64056396484375;0.1187744140625;-0.4501953125;-0.61065673828125;-0.8360000252723694;0.11500000208616257;0.17500001192092896;-0.7070000171661377;0.3890000283718109;0.5550000071525574
728748.0;-1.6180000305175781;0.5230000019073486;0.7380000352859497;41.75;-15.6875;-21.375;4504.0;3415.0;-3079.0;275.3125;-48.9375;-37.4375;-0.64483642578125;0.12176513671875;-0.47406005859375;-0.5870361328125;-0.878000020980835;0.13100001215934753;0.22700001299381256;-0.7390000224113464;0.39100003242492676;0.5100000500679016
728758.0;-1.6430001258850098;0.5040000081062317;0.6920000314712524;41.75;-15.6875;-21.375;3956.0;2990.0;-2250.0;277.4375;-51.1875;-39.9375;-0.6466064453125;0.1231689453125;-0.49481201171875;-0.56732177734375;-0.878000020980835;0.11000000685453415;0.22100001573562622;-0.7640000581741333;0.39400002360343933;0.4700000286102295
728768.0;-1.5840001106262207;0.5110000371932983;0.6380000114440918;41.75;-15.6875;-21.375;3438.0;2528.0;-1940.0;279.3125;-53.125;-42.1875;-0.64788818359375;0.1240234375;-0.5123291015625;-0.5499267578125;-0.7990000247955322;0.11600000411272049;0.203000009059906;-0.784000039100647;0.39400002360343933;0.4350000321865082
728778.0;-1.5840001106262207;0.5110000371932983;0.6380000114440918;41.75;-15.6875;-21.375;2986.0;2314.0;-2344.0;281.375;-55.125;-43.875;-0.65020751953125;0.1268310546875;-0.52728271484375;-0.53216552734375;-0.6630000472068787;0.0430000014603138;0.10700000822544098;-0.8040000200271606;0.3880000114440918;0.40300002694129944
728782.0;-1.467000126838684;0.4320000112056732;0.5110000371932983;47.75;-13.875;-9.875;2639.0;2129.0;-2478.0;283.4375;-57.0625;-45.1875;-0.65283203125;0.130615234375;-0.5401611328125;-0.51470947265625;-0.6440000534057617;-0.04400000348687172;0.18300001323223114;-0.8230000138282776;0.37800002098083496;0.37400001287460327
728792.0;-1.468000054359436;0.3330000042915344;0.5580000281333923;47.75;-13.875;-9.875;2429.0;1894.0;-2322.0;285.4375;-58.875;-46.4375;-0.6552734375;0.13397216796875;-0.55157470703125;-0.4984130859375;-0.625;-0.08700000494718552;0.22500000894069672;-0.8390000462532043;0.3660000264644623;0.34800001978874207
728802.0;-1.4640001058578491;0.27900001406669617;0.5730000138282776;47.75;-13.875;-9.875;2475.0;1782.0;-2448.0;287.625;-60.6875;-47.5625;-0.65814208984375;0.13720703125;-0.56243896484375;-0.4813232421875;-0.5760000348091125;-0.02800000086426735;0.22300000488758087;-0.8550000190734863;0.3530000150203705;0.3230000138282776
728812.0;-1.4320000410079956;0.32500001788139343;0.5460000038146973;47.75;-13.875;-9.875;2609.0;1834.0;-2857.0;290.0625;-62.75;-48.5;-0.66168212890625;0.14129638671875;-0.5732421875;-0.46221923828125;-0.5360000133514404;0.3020000159740448;0.24700000882148743;-0.8710000514984131;0.3360000252723694;0.2970000207424164
728815.0;-1.4320000410079956;0.32500001788139343;0.5460000038146973;47.75;-13.875;-9.875;2609.0;1834.0;-2857.0;290.0625;-62.75;-48.5;-0.66168212890625;0.14129638671875;-0.5732421875;-0.46221923828125;-0.5360000133514404;0.3020000159740448;0.24700000882148743;-0.8710000514984131;0.3360000252723694;0.2970000207424164
728825.0;-1.408000111579895;0.6390000581741333;0.5440000295639038;47.75;-13.875;-9.875;2594.0;1892.0;-3039.0;292.75;-64.875;-49.375;-0.66510009765625;0.14599609375;-0.583740234375;-0.4422607421875;-0.5630000233650208;0.41600000858306885;0.23400001227855682;-0.8880000710487366;0.3150000274181366;0.27000001072883606
728835.0;-1.4510000944137573;0.7320000529289246;0.5040000081062317;47.75;-13.875;-9.875;2594.0;1892.0;-3039.0;292.75;-64.875;-49.375;-0.6680908203125;0.1514892578125;-0.59283447265625;-0.42340087890625;-0.5790000557899475;0.47300001978874207;0.22500000894069672;-0.9020000696182251;0.2930000126361847;0.2460000067949295
728845.0;-1.4810000658035278;0.7670000195503235;0.4710000157356262;50.375;-8.6875;-2.0625;2239.0;1799.0;-2982.0;295.25;-66.9375;-50.0;-0.67047119140625;0.15826416015625;-0.5994873046875;-0.40740966796875;-0.5860000252723694;0.5090000033378601;0.2110000103712082;-0.9140000343322754;0.27000001072883606;0.22600001096725464
728849.0;-1.4810000658035278;0.7670000195503235;0.4710000157356262;50.375;-8.6875;-2.0625;2239.0;1799.0;-2982.0;295.25;-66.9375;-50.0;-0.67047119140625;0.15826416015625;-0.5994873046875;-0.40740966796875;-0.5860000252723694;0.5090000033378601;0.2110000103712082;-0.9140000343322754;0.27000001072883606;0.22600001096725464
728859.0;-1.5010000467300415;0.7800000309944153;0.43800002336502075;50.375;-8.6875;-2.0625;822.0;1320.0;-2553.0;299.125;-70.5625;-49.5;-0.67242431640625;0.16619873046875;-0.603759765625;-0.39459228515625;-0.5420000553131104;0.4390000104904175;0.15000000596046448;-0.9240000247955322;0.24800001084804535;0.2110000103712082
728869.0;-1.467000126838684;0.687000036239624;0.3620000183582306;50.375;-8.6875;-2.0625;336.0;1167.0;-2436.0;300.625;-72.125;-48.4375;-0.67401123046875;0.17523193359375;-0.60638427734375;-0.38385009765625;-0.5060000419616699;0.39400002360343933;0.1850000023841858;-0.9330000281333923;0.2240000069141388;0.1990000158548355
728879.0;-1.4390000104904175;0.6190000176429749;0.3840000033378601;50.375;-8.6875;-2.0625;216.0;1115.0;-2389.0;302.0625;-73.625;-47.0;-0.6754150390625;0.184326171875;-0.6085205078125;-0.37359619140625;-0.4790000319480896;0.3370000123977661;0.20100000500679016;-0.9410000443458557;0.20100000500679016;0.18700000643730164
728883.0;-1.4200000762939453;0.5390000343322754;0.3880000114440918;50.375;-8.6875;-2.0625;216.0;1115.0;-2389.0;302.0625;-73.625;-47.0;-0.6754150390625;0.184326171875;-0.6085205078125;-0.37359619140625;-0.4790000319480896;0.3370000123977661;0.20100000500679016;-0.9480000734329224;0.17900000512599945;0.17500001192092896
728893.0;-1.4040000438690186;0.36000001430511475;0.34200000762939453;51.5;-1.25;2.5;497.0;1112.0;-2353.0;303.625;-75.125;-45.5625;-0.67694091796875;0.1922607421875;-0.61114501953125;-0.3624267578125;-0.45600003004074097;0.1810000091791153;0.16700001060962677;-0.9540000557899475;0.15800000727176666;0.16200000047683716
728903.0;-1.3970000743865967;0.3100000023841858;0.3440000116825104;51.5;-1.25;2.5;1040.0;1092.0;-2275.0;307.5;-77.875;-43.0625;-0.680908203125;0.200439453125;-0.6192626953125;-0.33563232421875;-0.42900002002716064;0.15700000524520874;0.1940000057220459;-0.9590000510215759;0.13900001347064972;0.14900000393390656
728913.0;-1.3880000114440918;0.2970000207424164;0.34300002455711365;51.5;-1.25;2.5;1704.0;1030.0;-2082.0;309.75;-79.0625;-42.5625;-0.683349609375;0.19921875;-0.625;-0.3204345703125;-0.41100001335144043;0.17900000512599945;0.18200001120567322;-0.9620000720024109;0.125;0.13600000739097595
728917.0;-1.3880000114440918;0.2970000207424164;0.34300002455711365;51.5;-1.25;2.5;1704.0;1030.0;-2082.0;309.75;-79.0625;-42.5625;-0.683349609375;0.19921875;-0.625;-0.3204345703125;-0.41100001335144043;0.17900000512599945;0.18200001120567322;-0.9620000720024109;0.125;0.13600000739097595
728927.0;-1.374000072479248;0.3050000071525574;0.3190000057220459;51.5;-1.25;2.5;2398.0;952.0;-1755.0;312.0625;-80.0;-43.0;-0.68585205078125;0.1944580078125;-0.631591796875;-0.30474853515625;-0.3850000202655792;0.24800001084804535;0.10000000149011612;-0.9650000333786011;0.11500000208616257;0.12400000542402267
728937.0;-1.3510000705718994;0.36400002241134644;0.2240000069141388;51.5;-1.25;2.5;2979.0;868.0;-1371.0;312.0625;-80.0;-43.0;-0.68585205078125;0.1944580078125;-0.631591796875;-0.30474853515625;-0.3850000202655792;0.24800001084804535;0.10000000149011612;-0.9650000333786011;0.11500000208616257;0.12400000542402267
728947.0;-1.3200000524520874;0.406000018119812;0.19300000369548798;51.375;5.375;4.75;3370.0;763.0;-1028.0;314.4375;-80.75;-44.3125;-0.68829345703125;0.1868896484375;-0.63861083984375;-0.2889404296875;-0.35200002789497375;0.29600000381469727;0.08100000023841858;-0.968000054359436;0.10900000482797623;0.1120000034570694
728951.0;-1.2850000858306885;0.4480000138282776;0.15800000727176666;51.375;5.375;4.75;3484.0;683.0;-797.0;316.75;-81.375;-46.125;-0.69256591796875;0.16888427734375;-0.65179443359375;-0.2589111328125;-0.2840000092983246;0.3830000162124634;0.030000001192092896;-0.971000075340271;0.10100000351667404;0.09100000560283661
728961.0;-1.255000114440918;0.48500001430511475;0.1210000067949295;51.375;5.375;4.75;3370.0;592.0;-708.0;319.0;-81.9375;-47.9375;-0.69451904296875;0.16094970703125;-0.65704345703125;-0.24493408203125;-0.2630000114440918;0.3540000021457672;0.026000000536441803;-0.9720000624656677;0.09600000083446503;0.08300000429153442
728971.0;-1.2350000143051147;0.45100003480911255;0.10900000482797623;51.375;5.375;4.75;3081.0;513.0;-781.0;321.125;-82.5;-49.1875;-0.6966552734375;0.15521240234375;-0.66094970703125;-0.231689453125;-0.21400001645088196;0.32100000977516174;0.0;-0.9730000495910645;0.08800000697374344;0.07600000500679016
728981.0;-1.187000036239624;0.4090000092983246;0.07600000500679016;51.375;5.375;4.75;2646.0;381.0;-1004.0;323.1875;-83.125;-49.0625;-0.6966552734375;0.15521240234375;-0.66094970703125;-0.231689453125;-0.21400001645088196;0.32100000977516174;0.0;-0.9730000495910645;0.08800000697374344;0.07600000500679016
728985.0;-1.187000036239624;0.4090000092983246;0.07600000500679016;51.375;5.375;4.75;2646.0;381.0;-1004.0;323.1875;-83.125;-49.0625;-0.6966552734375;0.15521240234375;-0.66094970703125;-0.231689453125;-0.21400001645088196;0.32100000977516174;0.0;-0.9730000495910645;0.08800000697374344;0.07600000500679016
728995.0;-1.1490000486373901;0.39000001549720764;0.06800000369548798;49.875;9.75;4.75;2093.0;294.0;-1377.0;325.1875;-83.875;-4.375;-0.698974609375;0.1527099609375;-0.66339111328125;-0.2191162109375;-0.17400000989437103;0.3140000104904175;-0.003000000026077032;-0.9750000238418579;0.07500000298023224;0.07100000232458115
729005.0;-1.1050000190734863;0.3460000157356262;0.058000002056360245;49.875;9.75;4.75;1574.0;274.0;-1559.0;327.0;-84.625;-3.5;-0.7010498046875;0.15264892578125;-0.6649169921875;-0.20758056640625;-0.12400000542402267;0.26100000739097595;-0.017000000923871994;-0.9770000576972961;0.04500000178813934;0.06400000303983688
729015.0;-1.1019999980926514;0.3060000240802765;0.046000003814697266;49.875;9.75;4.75;1128.0;269.0;-1552.0;328.5625;-85.375;-2.625;-0.70263671875;0.15423583984375;-0.6658935546875;-0.1976318359375;-0.1290000081062317;0.24000000953674316;-0.005000000353902578;-0.9780000448226929;0.03100000135600567;0.06100000441074371
729019.0;-1.1019999980926514;0.3060000240802765;0.046000003814697266;49.875;9.75;4.75;1128.0;269.0;-1552.0;328.5625;-85.375;-2.625;-0.70263671875;0.15423583984375;-0.6658935546875;-0.1976318359375;-0.1290000081062317;0.24000000953674316;-0.005000000353902578;-0.9780000448226929;0.03100000135600567;0.06100000441074371
729029.0;-1.1069999933242798;0.2710000276565552;0.0560000017285347;49.875;9.75;4.75;781.0;228.0;-1435.0;329.875;-85.9375;-1.8125;-0.7039794921875;0.15655517578125;-0.6663818359375;-0.18939208984375;-0.1290000081062317;0.24000000953674316;-0.005000000353902578;-0.9780000448226929;0.018000001087784767;0.05900000408291817
729039.0;-1.1120001077651978;0.23800000548362732;0.0560000017285347;49.875;9.75;4.75;563.0;168.0;-1287.0;330.9375;-86.3125;-1.0625;-0.70513916015625;0.1591796875;-0.66644287109375;-0.1824951171875;-0.13300000131130219;0.2200000137090683;-0.003000000026077032;-0.9780000448226929;0.018000001087784767;0.05900000408291817
729049.0;-1.1030000448226929;0.1600000113248825;0.02500000037252903;50.5625;12.375;4.75;452.0;122.0;-1195.0;331.9375;-86.5;-0.3125;-0.7061767578125;0.16180419921875;-0.66632080078125;-0.17633056640625;-0.125;0.15400001406669617;-0.03200000151991844;-0.9780000448226929;0.006000000052154064;0.058000002056360245
729053.0;-1.0950000286102295;0.11500000208616257;0.005000000353902578;50.5625;12.375;4.75;408.0;97.0;-1178.0;332.875;-86.625;0.3125;-0.707275390625;0.16455078125;-0.66607666015625;-0.17041015625;-0.11600000411272049;0.1210000067949295;-0.052000001072883606;-0.9780000448226929;-0.005000000353902578;0.05700000375509262
729063.0;-1.0880000591278076;0.06400000303983688;-0.021000001579523087;50.5625;12.375;4.75;381.0;88.0;-1192.0;333.8125;-86.5;1.0;-0.7083740234375;0.1673583984375;-0.66571044921875;-0.16455078125;-0.10900000482797623;0.0820000022649765;-0.07700000703334808;-0.9780000448226929;-0.017000000923871994;0.0560000017285347
729073.0;-1.0850000381469727;0.021000001579523087;-0.02200000174343586;50.5625;12.375;4.75;337.0;109.0;-1221.0;334.75;-86.25;1.75;-0.70928955078125;0.1705322265625;-0.665283203125;-0.15869140625;-0.10600000619888306;0.05100000277161598;-0.07700000703334808;-0.9780000448226929;-0.030000001192092896;0.055000003427267075
729083.0;-1.1140000820159912;-0.01600000075995922;-0.03200000151991844;50.5625;12.375;4.75;305.0;157.0;-1291.0;335.6875;-85.9375;2.5;-0.7100830078125;0.17401123046875;-0.66497802734375;-0.15264892578125;-0.13600000739097595;0.027000000700354576;-0.0860000029206276;-0.9780000448226929;-0.0430000014603138;0.05400000140070915
729087.0;-1.1140000820159912;-0.01600000075995922;-0.03200000151991844;50.5625;12.375;4.75;305.0;157.0;-1291.0;335.6875;-85.9375;2.5;-0.7100830078125;0.17401123046875;-0.66497802734375;-0.15264892578125;-0.13600000739097595;0.027000000700354576;-0.0860000029206276;-0.9780000448226929;-0.0430000014603138;0.05400000140070915
729097.0;-1.1299999952316284;-0.04500000178813934;-0.03400000184774399;49.0625;17.375;3.1875;323.0;185.0;-1318.0;336.6875;-85.4375;3.3125;-0.7108154296875;0.1776123046875;-0.6646728515625;-0.1463623046875;-0.15300001204013824;0.01100000087171793;-0.08700000494718552;-0.9770000576972961;-0.0560000017285347;0.052000001072883606
729107.0;-1.1100000143051147;-0.0820000022649765;-0.03500000014901161;49.0625;17.375;3.1875;494.0;163.0;-1193.0;337.6875;-84.9375;4.0;-0.71160888671875;0.1800537109375;-0.66455078125;-0.1400146484375;-0.13300000131130219;-0.013000000268220901;-0.0860000029206276;-0.9760000705718994;-0.06800000369548798;0.05000000074505806
729117.0;-1.1030000448226929;-0.06300000101327896;-0.05300000309944153;49.0625;17.375;3.1875;421.0;139.0;-1092.0;338.625;-84.4375;4.625;-0.7122802734375;0.182373046875;-0.664306640625;-0.13427734375;-0.12700000405311584;0.01600000075995922;-0.10300000756978989;-0.9760000705718994;-0.07900000363588333;0.049000002443790436
729121.0;-1.7700001001358032;1.8870000839233398;1.4830000400543213;49.0625;17.375;3.1875;492.0;25.0;-885.0;339.4375;-84.0;5.1875;-0.71331787109375;0.18365478515625;-0.6639404296875;-0.12921142578125;-0.7950000166893005;1.9760000705718994;1.433000087738037;-0.9750000238418579;-0.08800000697374344;0.049000002443790436
729131.0;-1.3100000619888306;2.703000068664551;0.6970000267028809;49.0625;17.375;3.1875;1853.0;75.0;-136.0;340.5625;-83.9375;5.1875;-0.71490478515625;0.17718505859375;-0.665283203125;-0.12213134765625;-0.33500000834465027;2.7920000553131104;0.6460000276565552;-0.9750000238418579;-0.08900000154972076;0.05000000074505806
729141.0;-0.9310000538825989;1.725000023841858;-0.003000000026077032;48.25;18.75;4.375;3339.0;-91.0;601.0;342.125;-84.25;4.6875;-0.71783447265625;0.16241455078125;-0.66754150390625;-0.11273193359375;0.04400000348687172;1.8060001134872437;-0.058000002056360245;-0.9750000238418579;-0.08100000023841858;0.05400000140070915
729151.0;-0.7120000123977661;0.020000001415610313;-0.19500000774860382;48.25;18.75;4.375;2622.0;-221.0;1260.0;342.8125;-84.75;3.875;-0.72003173828125;0.14788818359375;-0.6693115234375;-0.1083984375;0.2639999985694885;0.0860000029206276;-0.2550000250339508;-0.9760000705718994;-0.06599999964237213;0.05900000408291817
729159.0;-0.7120000123977661;0.020000001415610313;-0.19500000774860382;48.25;18.75;4.375;2622.0;-221.0;1260.0;342.8125;-84.75;3.875;-0.72003173828125;0.14788818359375;-0.6693115234375;-0.1083984375;0.2639999985694885;0.0860000029206276;-0.2550000250339508;-0.9760000705718994;-0.06599999964237213;0.05900000408291817
729169.0;-0.7820000648498535;-0.27900001406669617;0.08500000089406967;48.25;18.75;4.375;892.0;-76.0;1684.0;342.3125;-85.4375;2.8125;-0.719970703125;0.13848876953125;-0.6707763671875;-0.11175537109375;0.19500000774860382;-0.23100000619888306;0.02500000037252903;-0.9770000576972961;-0.04800000041723251;0.06000000238418579
729179.0;-0.8600000143051147;-0.3150000274181366;0.328000009059906;48.25;18.75;4.375;-540.0;-103.0;1367.0;341.1875;-85.8125;2.0;-0.7191162109375;0.1356201171875;-0.6710205078125;-0.118896484375;0.11700000613927841;-0.2800000011920929;0.26600000262260437;-0.9780000448226929;-0.03400000184774399;0.06100000441074371
729189.0;-0.8600000143051147;-0.3150000274181366;0.328000009059906;48.25;18.75;4.375;-1094.0;127.0;211.0;340.4375;-86.0;1.9375;-0.7177734375;0.13909912109375;-0.67095947265625;-0.12347412109375;0.08500000089406967;-0.242000013589859;0.15700000524520874;-0.9780000448226929;-0.032999999821186066;0.05900000408291817
729199.0;-0.893000066280365;-0.2750000059604645;0.21700000762939453;48.6875;19.875;1.5;-1096.0;349.0;-1026.0;340.4375;-85.8125;2.5625;-0.71636962890625;0.1470947265625;-0.67083740234375;-0.12322998046875;-0.0560000017285347;-0.30000001192092896;-0.25;-0.9780000448226929;-0.04400000348687172;0.055000003427267075
729209.0;-1.034000039100647;-0.3450000286102295;-0.1940000057220459;48.6875;19.875;1.5;-1229.0;503.0;-1617.0;340.75;-85.3125;3.5625;-0.71466064453125;0.1578369140625;-0.67059326171875;-0.12109375;-0.14000000059604645;-0.3060000240802765;-0.2510000169277191;-0.9770000576972961;-0.06100000441074371;0.049000002443790436
729214.0;-1.1180000305175781;-0.3680000305175781;-0.20100000500679016;48.6875;19.875;1.5;-1531.0;289.0;-1286.0;340.625;-84.8125;4.4375;-0.713134765625;0.1683349609375;-0.66961669921875;-0.12139892578125;-0.16100001335144043;-0.3760000169277191;-0.2770000100135803;-0.9760000705718994;-0.07500000298023224;0.04500000178813934
729224.0;-1.1380000114440918;-0.4520000219345093;-0.23100000619888306;48.6875;19.875;1.5;-1473.0;-131.0;-435.0;340.0625;-84.5;4.6875;-0.7125244140625;0.17529296875;-0.66778564453125;-0.12506103515625;-0.10500000417232513;-0.47700002789497375;-0.25699999928474426;-0.9760000705718994;-0.08100000023841858;0.04500000178813934
729234.0;-1.0810000896453857;-0.5580000281333923;-0.2110000103712082;48.6875;19.875;1.5;-996.0;-427.0;388.0;339.25;-84.5625;4.5;-0.71282958984375;0.17742919921875;-0.66583251953125;-0.13043212890625;0.08000000566244125;-0.578000009059906;-0.03200000151991844;-0.9760000705718994;-0.07700000703334808;0.049000002443790436
729244.0;-0.8950000405311584;-0.656000018119812;0.017000000923871994;48.6875;19.875;1.5;-996.0;-427.0;388.0;339.25;-84.5625;4.5;-0.71356201171875;0.175537109375;-0.66473388671875;-0.13482666015625;0.13500000536441803;-0.4710000157356262;0.09000000357627869;-0.9760000705718994;-0.0690000057220459;0.05300000309944153
729254.0;-0.8410000205039978;-0.5410000085830688;0.14300000667572021;47.1875;19.5625;3.1875;-303.0;-432.0;770.0;338.5625;-84.8125;4.0625;-0.71405029296875;0.17242431640625;-0.66461181640625;-0.13690185546875;0.12200000882148743;-0.18000000715255737;0.18900001049041748;-0.9770000576972961;-0.06300000101327896;0.0560000017285347
729264.0;-0.8540000319480896;-0.24300001561641693;0.24500000476837158;47.1875;19.5625;3.1875;436.0;-40.0;350.0;338.3125;-85.1875;3.4375;-0.71435546875;0.16949462890625;-0.6650390625;-0.13671875;0.004000000189989805;0.5200000405311584;0.17100000381469727;-0.9770000576972961;-0.05900000408291817;0.0560000017285347
729271.0;-0.9730000495910645;0.4610000252723694;0.22700001299381256;47.1875;19.5625;3.1875;736.0;166.0;-123.0;338.8125;-85.1875;3.5;-0.7144775390625;0.16729736328125;-0.6661376953125;-0.133544921875;0.015000000596046448;0.7410000562667847;0.0;-0.9770000576972961;-0.05900000408291817;0.055000003427267075
729281.0;-0.9610000252723694;0.6810000538825989;0.05400000140070915;47.1875;19.5625;3.1875;1020.0;212.0;-495.0;339.6875;-85.0625;3.75;-0.7149658203125;0.16534423828125;-0.66717529296875;-0.12786865234375;0.04200000315904617;0.6710000038146973;-0.13500000536441803;-0.9770000576972961;-0.06400000303983688;0.05400000140070915
729291.0;-0.9340000152587891;0.6060000061988831;-0.08100000023841858;47.1875;19.5625;3.1875;1020.0;212.0;-495.0;339.6875;-85.0625;3.75;-0.7149658203125;0.16534423828125;-0.66717529296875;-0.12786865234375;0.04200000315904617;0.6710000038146973;-0.13500000536441803;-0.9760000705718994;-0.0690000057220459;0.05300000309944153
729301.0;-0.9460000395774841;0.3160000145435333;-0.05000000074505806;48.6875;19.1875;3.1875;820.0;67.0;-540.0;340.5;-84.8125;4.0625;-0.7158203125;0.1641845703125;-0.66748046875;-0.12286376953125;0.030000001192092896;0.38600000739097595;-0.10400000214576721;-0.9760000705718994;-0.07300000637769699;0.05400000140070915
729311.0;-1.0070000886917114;-0.13300000131130219;-0.027000000700354576;48.6875;19.1875;3.1875;79.0;-26.0;-355.0;340.5;-84.5;4.375;-0.716064453125;0.16796875;-0.66632080078125;-0.1226806640625;-0.039000000804662704;-0.17000000178813934;-0.0990000069141388;-0.9760000705718994;-0.07500000298023224;0.05400000140070915
729314.0;-1.0070000886917114;-0.13300000131130219;-0.027000000700354576;48.6875;19.1875;3.1875;79.0;-26.0;-355.0;340.5;-84.5;4.375;-0.716064453125;0.16796875;-0.66632080078125;-0.1226806640625;-0.039000000804662704;-0.17000000178813934;-0.0990000069141388;-0.9760000705718994;-0.07500000298023224;0.05400000140070915
729324.0;-1.0150001049041748;-0.2460000067949295;-0.04500000178813934;48.6875;19.1875;3.1875;-588.0;-70.0;-193.0;340.1875;-84.375;4.5625;-0.7156982421875;0.17193603515625;-0.66534423828125;-0.124755859375;-0.04000000283122063;-0.27000001072883606;-0.07500000298023224;-0.9750000238418579;-0.07800000160932541;0.05400000140070915
729334.0;-1.0160000324249268;-0.3490000069141388;-0.021000001579523087;48.6875;19.1875;3.1875;-836.0;-64.0;-250.0;339.875;-84.1875;4.8125;-0.71533203125;0.17626953125;-0.66424560546875;-0.1265869140625;-0.02200000174343586;-0.34300002455711365;-0.06400000303983688;-0.9750000238418579;-0.0820000022649765;0.05400000140070915
729344.0;-0.9980000257492065;-0.42500001192092896;-0.009000000543892384;48.6875;19.1875;3.1875;-860.0;-57.0;-317.0;339.875;-84.1875;4.8125;-0.71533203125;0.17626953125;-0.66424560546875;-0.1265869140625;-0.02200000174343586;-0.34300002455711365;-0.06400000303983688;-0.9750000238418579;-0.0820000022649765;0.05400000140070915
729349.0;-0.9980000257492065;-0.42500001192092896;-0.009000000543892384;48.6875;19.1875;3.1875;-860.0;-57.0;-317.0;339.875;-84.1875;4.8125;-0.71533203125;0.17626953125;-0.66424560546875;-0.1265869140625;-0.02200000174343586;-0.34300002455711365;-0.06400000303983688;-0.9750000238418579;-0.0820000022649765;0.05400000140070915
729359.0;-0.9690000414848328;-0.3020000159740448;0.027000000700354576;47.5625;20.75;2.75;-773.0;-34.0;-275.0;339.625;-84.0625;5.0;-0.71490478515625;0.18017578125;-0.663330078125;-0.1282958984375;0.005000000353902578;-0.2160000056028366;-0.026000000536441803;-0.9750000238418579;-0.08500000089406967;0.05400000140070915
729369.0;-0.9770000576972961;-0.1770000010728836;0.0430000014603138;47.5625;20.75;2.75;-657.0;-26.0;-65.0;339.25;-84.0;5.0625;-0.71405029296875;0.18389892578125;-0.66241455078125;-0.13238525390625;-0.0020000000949949026;-0.01100000087171793;0.004000000189989805;-0.9750000238418579;-0.08500000089406967;0.05300000309944153
729379.0;-0.9780000448226929;-0.09600000083446503;0.058000002056360245;47.5625;20.75;2.75;-405.0;-34.0;137.0;338.9375;-84.0625;5.0;-0.71392822265625;0.18353271484375;-0.66241455078125;-0.133544921875;0.0020000000949949026;0.024000000208616257;0.02800000086426735;-0.9750000238418579;-0.08300000429153442;0.05400000140070915
729389.0;-0.9730000495910645;-0.05900000408291817;0.0820000022649765;47.5625;20.75;2.75;-103.0;-46.0;204.0;338.75;-84.125;4.875;-0.71405029296875;0.18267822265625;-0.6624755859375;-0.13385009765625;0.0;0.09000000357627869;0.04100000113248825;-0.9750000238418579;-0.08100000023841858;0.05400000140070915
729399.0;-0.9750000238418579;0.009000000543892384;0.0950000062584877;47.5625;20.75;2.75;80.0;-30.0;153.0;338.75;-84.1875;4.75;-0.71405029296875;0.18267822265625;-0.6624755859375;-0.13385009765625;0.0;0.09000000357627869;0.04100000113248825;-0.9750000238418579;-0.08100000023841858;0.05400000140070915
729403.0;-0.9810000658035278;0.04000000283122063;0.09400000423192978;47.1875;20.375;4.0;132.0;23.0;38.0;338.8125;-84.25;4.75;-0.71405029296875;0.1820068359375;-0.6627197265625;-0.133544921875;-0.005000000353902578;0.12200000882148743;0.04000000283122063;-0.9750000238418579;-0.08100000023841858;0.05400000140070915
729413.0;-0.9830000400543213;0.05000000074505806;0.08700000494718552;47.1875;20.375;4.0;61.0;40.0;-53.0;338.875;-84.25;4.75;-0.7139892578125;0.1820068359375;-0.662841796875;-0.133056640625;-0.013000000268220901;0.1510000079870224;0.046000003814697266;-0.9750000238418579;-0.08300000429153442;0.05300000309944153
729423.0;-0.9890000224113464;0.06700000166893005;0.10000000149011612;47.1875;20.375;4.0;-81.0;16.0;-124.0;338.875;-84.1875;4.8125;-0.71392822265625;0.18280029296875;-0.6627197265625;-0.13287353515625;-0.01900000125169754;0.11500000208616257;0.05900000408291817;-0.9750000238418579;-0.08500000089406967;0.05300000309944153
729433.0;-0.9950000643730164;0.030000001192092896;0.11300000548362732;47.1875;20.375;4.0;-207.0;-43.0;-194.0;338.875;-84.0625;4.9375;-0.71405029296875;0.1842041015625;-0.6622314453125;-0.1329345703125;-0.04200000315904617;0.08800000697374344;0.07900000363588333;-0.9750000238418579;-0.08700000494718552;0.05400000140070915
729437.0;-0.9950000643730164;0.030000001192092896;0.11300000548362732;47.1875;20.375;4.0;-207.0;-43.0;-194.0;338.875;-84.0625;4.9375;-0.71405029296875;0.1842041015625;-0.6622314453125;-0.1329345703125;-0.04200000315904617;0.08800000697374344;0.07900000363588333;-0.9750000238418579;-0.08700000494718552;0.05400000140070915
729447.0;-1.0170000791549683;0.0;0.1340000033378601;47.1875;20.375;4.0;-229.0;-99.0;-206.0;338.875;-83.9375;5.125;-0.71429443359375;0.18572998046875;-0.6614990234375;-0.133056640625;-0.04200000315904617;0.08800000697374344;0.07900000363588333;-0.9750000238418579;-0.08700000494718552;0.05400000140070915
729457.0;-1.0700000524520874;0.0;0.1900000125169754;48.0;21.5;3.5625;-75.0;-140.0;-245.0;339.25;-83.75;5.25;-0.71527099609375;0.18499755859375;-0.6611328125;-0.130615234375;-0.0950000062584877;0.09000000357627869;0.1340000033378601;-0.9740000367164612;-0.09000000357627869;0.0560000017285347
729467.0;-1.002000093460083;0.11000000685453415;0.17400000989437103;48.0;21.5;3.5625;26.0;-236.0;-279.0;339.4375;-83.5;5.4375;-0.71630859375;0.18572998046875;-0.6600341796875;-0.12969970703125;-0.027000000700354576;0.203000009059906;0.11600000411272049;-0.9740000367164612;-0.09300000220537186;0.058000002056360245
729471.0;-0.9780000448226929;0.18800000846385956;0.1730000078678131;48.0;21.5;3.5625;-243.0;-429.0;-58.0;339.3125;-83.375;5.4375;-0.71759033203125;0.18658447265625;-0.65814208984375;-0.1307373046875;-0.004000000189989805;0.28200000524520874;0.11000000685453415;-0.9740000367164612;-0.09300000220537186;0.06200000271201134
729481.0;-0.9530000686645508;0.242000013589859;0.203000009059906;48.0;21.5;3.5625;-352.0;-427.0;80.0;339.0625;-83.25;5.4375;-0.71868896484375;0.18731689453125;-0.6563720703125;-0.1326904296875;0.020000001415610313;0.33500000834465027;0.13600000739097595;-0.9730000495910645;-0.09300000220537186;0.06599999964237213
729491.0;-0.9520000219345093;0.26600000262260437;0.22700001299381256;48.0;21.5;3.5625;-494.0;-454.0;132.0;338.6875;-83.125;5.375;-0.71966552734375;0.18841552734375;-0.6544189453125;-0.1353759765625;0.021000001579523087;0.3580000102519989;0.15600000321865082;-0.9730000495910645;-0.09200000762939453;0.07100000232458115
729501.0;-0.971000075340271;0.2750000059604645;0.25699999928474426;47.1875;20.75;4.0;-703.0;-435.0;156.0;338.3125;-83.0625;50.5625;-0.72052001953125;0.189453125;-0.65264892578125;-0.137939453125;0.0010000000474974513;0.3660000264644623;0.18200001120567322;-0.9730000495910645;-0.09100000560283661;0.07400000095367432
729509.0;-0.971000075340271;0.2750000059604645;0.25699999928474426;47.1875;20.75;4.0;-703.0;-435.0;156.0;338.3125;-83.0625;50.5625;-0.72052001953125;0.189453125;-0.65264892578125;-0.137939453125;0.0010000000474974513;0.3660000264644623;0.18200001120567322;-0.9730000495910645;-0.09100000560283661;0.07400000095367432
729519.0;-0.9830000400543213;0.3050000071525574;0.26900002360343933;47.1875;20.75;4.0;-966.0;-405.0;178.0;337.625;-83.0;49.0625;-0.72076416015625;0.19219970703125;-0.65057373046875;-0.142333984375;-0.009000000543892384;0.3960000276565552;0.19100001454353333;-0.9730000495910645;-0.09000000357627869;0.07800000160932541
729529.0;-1.00600004196167;0.32600000500679016;0.2770000100135803;47.1875;20.75;4.0;-1287.0;-454.0;228.0;336.75;-82.9375;47.4375;-0.7208251953125;0.19598388671875;-0.6480712890625;-0.14813232421875;-0.032999999821186066;0.4150000214576721;0.19600000977516174;-0.9730000495910645;-0.08800000697374344;0.08100000023841858
729539.0;-1.0520000457763672;0.3450000286102295;0.28700000047683716;47.1875;20.75;4.0;-1665.0;-539.0;345.0;335.5625;-82.8125;45.375;-0.720703125;0.20068359375;-0.64508056640625;-0.1556396484375;-0.07900000363588333;0.4310000240802765;0.20100000500679016;-0.9730000495910645;-0.0860000029206276;0.08500000089406967
729547.0;-1.0730000734329224;0.36000001430511475;0.2840000092983246;47.1875;20.75;4.0;-2149.0;-669.0;495.0;334.0625;-82.75;42.75;-0.72021484375;0.20660400390625;-0.6412353515625;-0.16558837890625;-0.10000000149011612;0.4440000355243683;0.1940000057220459;-0.9720000624656677;-0.08300000429153442;0.09000000357627869
729557.0;-1.0880000591278076;0.37800002098083496;0.3020000159740448;48.25;20.375;2.75;-2702.0;-857.0;645.0;332.1875;-82.625;39.375;-0.7196044921875;0.21368408203125;-0.6363525390625;-0.17779541015625;-0.11600000411272049;0.4570000171661377;0.20500001311302185;-0.9720000624656677;-0.07900000363588333;0.09600000083446503
729567.0;-1.093000054359436;0.39400002360343933;0.320000022649765;48.25;20.375;2.75;-3297.0;-980.0;773.0;329.9375;-82.4375;35.75;-0.71832275390625;0.22265625;-0.6302490234375;-0.19287109375;-0.1210000067949295;0.4690000116825104;0.2160000056028366;-0.9720000624656677;-0.07500000298023224;0.10400000214576721
729577.0;-1.1470000743865967;0.406000018119812;0.3320000171661377;48.25;20.375;2.75;-3848.0;-1040.0;858.0;327.25;-82.1875;32.25;-0.71624755859375;0.2332763671875;-0.623291015625;-0.2100830078125;-0.17500001192092896;0.47600001096725464;0.2200000137090683;-0.971000075340271;-0.07000000029802322;0.1120000034570694
729587.0;-1.2010000944137573;0.4190000295639038;0.3360000252723694;48.25;20.375;2.75;-4306.0;-1108.0;880.0;324.375;-81.875;29.125;-0.71337890625;0.245361328125;-0.615234375;-0.2288818359375;-0.23000000417232513;0.4870000183582306;0.2160000056028366;-0.9700000286102295;-0.06700000166893005;0.12000000476837158
729591.0;-1.2010000944137573;0.4190000295639038;0.3360000252723694;48.25;20.375;2.75;-4665.0;-1197.0;877.0;321.3125;-81.5;26.375;-0.7099609375;0.258544921875;-0.60601806640625;-0.24884033203125;-0.28200000524520874;0.492000013589859;0.20000000298023224;-0.9690000414848328;-0.06400000303983688;0.1290000081062317
729601.0;-1.252000093460083;0.4280000329017639;0.3290000259876251;49.0625;18.1875;3.5625;-4885.0;-1266.0;883.0;318.1875;-81.0625;24.0625;-0.70587158203125;0.27227783203125;-0.5958251953125;-0.2694091796875;-0.3100000023841858;0.45000001788139343;0.1730000078678131;-0.968000054359436;-0.06200000271201134;0.13900001347064972
729611.0;-1.2790000438690186;0.3880000114440918;0.31200000643730164;49.0625;18.1875;3.5625;-4942.0;-1360.0;882.0;315.0625;-80.5;22.0;-0.7015380859375;0.28582763671875;-0.58477783203125;-0.29010009765625;-0.33500000834465027;0.2639999985694885;0.14100000262260437;-0.9670000672340393;-0.06000000238418579;0.14900000393390656
729621.0;-1.3020000457763672;0.203000009059906;0.29100000858306885;49.0625;18.1875;3.5625;-4821.0;-1459.0;868.0;312.0;-79.875;20.25;-0.69720458984375;0.2987060546875;-0.57305908203125;-0.310302734375;-0.3320000171661377;0.1730000078678131;0.13300000131130219;-0.9650000333786011;-0.05900000408291817;0.16100001335144043
729625.0;-1.3020000457763672;0.203000009059906;0.29100000858306885;49.0625;18.1875;3.5625;-4821.0;-1459.0;868.0;312.0;-79.875;20.25;-0.69720458984375;0.2987060546875;-0.57305908203125;-0.310302734375;-0.3320000171661377;0.1730000078678131;0.13300000131130219;-0.9650000333786011;-0.05900000408291817;0.16100001335144043
729635.0;-1.2980000972747803;0.11300000548362732;0.29500001668930054;49.0625;18.1875;3.5625;-4506.0;-1573.0;857.0;309.125;-79.125;18.625;-0.6932373046875;0.30999755859375;-0.56109619140625;-0.32940673828125;-0.32500001788139343;0.10900000482797623;0.13900001347064972;-0.9630000591278076;-0.058000002056360245;0.17400000989437103
729645.0;-1.2880001068115234;0.05000000074505806;0.3140000104904175;49.0625;18.1875;3.5625;-4052.0;-1718.0;885.0;306.5;-78.3125;16.875;-0.68994140625;0.31915283203125;-0.549072265625;-0.347412109375;-0.3320000171661377;0.09400000423192978;0.1469999998807907;-0.9600000381469727;-0.05700000375509262;0.18900001049041748
729655.0;-1.2920000553131104;0.036000002175569534;0.3370000123977661;49.0625;18.1875;3.5625;-4052.0;-1718.0;885.0;306.5;-78.3125;16.875;-0.68743896484375;0.3258056640625;-0.537109375;-0.364501953125;-0.36400002241134644;0.20000000298023224;0.21000000834465027;-0.9570000171661377;-0.055000003427267075;0.20600001513957977
729657.0;-1.2920000553131104;0.036000002175569534;0.3370000123977661;49.0625;18.1875;3.5625;-4052.0;-1718.0;885.0;306.5;-78.3125;16.875;-0.68743896484375;0.3258056640625;-0.537109375;-0.364501953125;-0.36400002241134644;0.20000000298023224;0.21000000834465027;-0.9570000171661377;-0.055000003427267075;0.20600001513957977
729667.0;-1.321000099182129;0.14500001072883606;0.41700002551078796;49.0625;14.6875;4.0;-3590.0;-1895.0;982.0;304.125;-77.375;14.9375;-0.685302734375;0.33056640625;-0.52520751953125;-0.38116455078125;-0.3960000276565552;0.24300001561641693;0.2240000069141388;-0.9530000686645508;-0.05100000277161598;0.22500000894069672
729677.0;-1.349000096321106;0.19100001454353333;0.4490000307559967;49.0625;14.6875;4.0;-3118.0;-2142.0;1166.0;299.5625;-75.1875;11.0;-0.68328857421875;0.334228515625;-0.51312255859375;-0.397705078125;-0.42500001192092896;0.2580000162124634;0.19700001180171967;-0.9480000734329224;-0.04700000211596489;0.24500000476837158
729687.0;-1.374000072479248;0.2110000103712082;0.44200003147125244;49.0625;14.6875;4.0;-3165.0;-2245.0;1176.0;297.3125;-74.0;9.4375;-0.68115234375;0.337646484375;-0.50030517578125;-0.41436767578125;-0.4440000355243683;0.2240000069141388;0.1850000023841858;-0.9420000314712524;-0.04400000348687172;0.26600000262260437
729692.0;-1.3870000839233398;0.18000000715255737;0.45100003480911255;49.0625;14.6875;4.0;-3334.0;-2357.0;1170.0;295.0625;-72.6875;8.375;-0.6787109375;0.34130859375;-0.48651123046875;-0.43145751953125;-0.4360000193119049;0.1850000023841858;0.16200000047683716;-0.9360000491142273;-0.04200000315904617;0.28700000047683716
729702.0;-1.3720000982284546;0.1420000046491623;0.45000001788139343;49.0625;14.6875;4.0;-3334.0;-2357.0;1170.0;295.0625;-72.6875;8.375;-0.6787109375;0.34130859375;-0.48651123046875;-0.43145751953125;-0.4360000193119049;0.1850000023841858;0.16200000047683716;-0.9290000200271606;-0.04200000315904617;0.3100000023841858
729712.0;-1.3480000495910645;0.10400000214576721;0.45000001788139343;49.5;11.0625;1.5625;-3503.0;-2466.0;1118.0;292.8125;-71.3125;7.8125;-0.67596435546875;0.34527587890625;-0.47161865234375;-0.44879150390625;-0.4190000295639038;0.1469999998807907;0.14000000059604645;-0.921000063419342;-0.04400000348687172;0.3330000042915344
729722.0;-1.3360000848770142;0.07700000703334808;0.47200003266334534;49.5;11.0625;1.5625;-3612.0;-2538.0;1020.0;288.4375;-68.375;7.8125;-0.67022705078125;0.3536376953125;-0.43914794921875;-0.482666015625;-0.43300002813339233;0.1080000028014183;0.16200000047683716;-0.9110000729560852;-0.049000002443790436;0.3570000231266022
729725.0;-1.3360000848770142;0.07700000703334808;0.47200003266334534;49.5;11.0625;1.5625;-3612.0;-2538.0;1020.0;288.4375;-68.375;7.8125;-0.67022705078125;0.3536376953125;-0.43914794921875;-0.482666015625;-0.43300002813339233;0.1080000028014183;0.16200000047683716;-0.9110000729560852;-0.049000002443790436;0.3570000231266022
729735.0;-1.3450000286102295;0.05900000408291817;0.5190000534057617;49.5;11.0625;1.5625;-3626.0;-2607.0;934.0;286.4375;-66.875;8.125;-0.66741943359375;0.3572998046875;-0.42205810546875;-0.498779296875;-0.4570000171661377;0.12800000607967377;0.15000000596046448;-0.9020000696182251;-0.05400000140070915;0.3800000250339508
729745.0;-1.3590000867843628;0.07300000637769699;0.531000018119812;49.5;11.0625;1.5625;-3551.0;-2676.0;857.0;284.5;-65.25;8.5625;-0.664794921875;0.36016845703125;-0.40472412109375;-0.51434326171875;-0.4830000102519989;0.14300000667572021;0.13500000536441803;-0.89000004529953;-0.06100000441074371;0.4050000309944153
729755.0;-1.374000072479248;0.0820000022649765;0.5400000214576721;49.5;11.0625;1.5625;-3428.0;-2778.0;815.0;284.5;-65.25;8.5625;-0.664794921875;0.36016845703125;-0.40472412109375;-0.51434326171875;-0.4830000102519989;0.14300000667572021;0.13500000536441803;-0.89000004529953;-0.06100000441074371;0.4050000309944153
729765.0;-1.377000093460083;0.06000000238418579;0.5330000519752502;50.5;8.75;-0.5625;-3297.0;-2905.0;857.0;282.625;-63.625;8.9375;-0.6622314453125;0.36187744140625;-0.3870849609375;-0.52978515625;-0.49800002574920654;0.12800000607967377;0.10300000756978989;-0.878000020980835;-0.06700000166893005;0.42900002002716064
729775.0;-1.3380000591278076;-0.015000000596046448;0.5530000329017639;50.5;8.75;-0.5625;-3159.0;-3088.0;1079.0;280.75;-61.875;9.0;-0.656005859375;0.36053466796875;-0.35186767578125;-0.56201171875;-0.4540000259876251;0.06300000101327896;0.09400000423192978;-0.8500000238418579;-0.07600000500679016;0.4820000231266022
729779.0;-1.3380000591278076;-0.015000000596046448;0.5530000329017639;50.5;8.75;-0.5625;-3159.0;-3088.0;1079.0;280.75;-61.875;9.0;-0.656005859375;0.36053466796875;-0.35186767578125;-0.56201171875;-0.4540000259876251;0.06300000101327896;0.09400000423192978;-0.8500000238418579;-0.07600000500679016;0.4820000231266022
729789.0;-1.3050000667572021;-0.012000000104308128;0.5770000219345093;50.5;8.75;-0.5625;-2987.0;-3228.0;1265.0;278.8125;-60.0625;8.9375;-0.6527099609375;0.3577880859375;-0.3348388671875;-0.5777587890625;-0.4480000138282776;0.07900000363588333;0.11600000411272049;-0.8340000510215759;-0.07800000160932541;0.5090000033378601
729799.0;-1.283000111579895;0.0010000000474974513;0.625;50.5;8.75;-0.5625;-2746.0;-3260.0;1335.0;276.9375;-58.25;8.75;-0.64947509765625;0.35400390625;-0.3184814453125;-0.59283447265625;-0.46400001645088196;0.15600000321865082;0.16300000250339508;-0.8170000314712524;-0.08000000566244125;0.5350000262260437
729809.0;-1.2820000648498535;0.07500000298023224;0.6990000605583191;50.5;8.75;-0.5625;-2504.0;-3256.0;1348.0;275.1875;-56.4375;8.5;-0.64947509765625;0.35400390625;-0.3184814453125;-0.59283447265625;-0.46400001645088196;0.15600000321865082;0.16300000250339508;-0.8170000314712524;-0.08000000566244125;0.5350000262260437
729819.0;-1.3030000925064087;0.08400000631809235;0.7110000252723694;51.25;5.875;-7.0625;-2361.0;-3250.0;1318.0;273.5;-54.5625;8.375;-0.646240234375;0.349609375;-0.30230712890625;-0.60723876953125;-0.5040000081062317;0.16700001060962677;0.14900000393390656;-0.7990000247955322;-0.08300000429153442;0.5610000491142273
729829.0;-1.3140000104904175;0.058000002056360245;0.7080000042915344;51.25;5.875;-7.0625;-2250.0;-3257.0;1308.0;271.9375;-52.75;8.3125;-0.6429443359375;0.34466552734375;-0.286376953125;-0.62115478515625;-0.5460000038146973;0.12000000476837158;0.08400000631809235;-0.7610000371932983;-0.08800000697374344;0.6110000014305115
729829.0;-1.3140000104904175;0.058000002056360245;0.7080000042915344;51.25;5.875;-7.0625;-2250.0;-3257.0;1308.0;271.9375;-52.75;8.3125;-0.6429443359375;0.34466552734375;-0.286376953125;-0.62115478515625;-0.5460000038146973;0.12000000476837158;0.08400000631809235;-0.7610000371932983;-0.08800000697374344;0.6110000014305115
729839.0;-1.3070000410079956;0.03200000151991844;0.6960000395774841;51.25;5.875;-7.0625;-2154.0;-3289.0;1350.0;270.375;-50.875;8.1875;-0.639404296875;0.33905029296875;-0.2705078125;-0.63482666015625;-0.51500004529953;0.036000002175569534;0.0;-0.7400000095367432;-0.09000000357627869;0.6350000500679016
729849.0;-1.25600004196167;-0.05400000140070915;0.6360000371932983;51.25;5.875;-7.0625;-2049.0;-3309.0;1417.0;268.8125;-49.0625;8.0625;-0.63555908203125;0.33282470703125;-0.25494384765625;-0.6483154296875;-0.5090000033378601;-0.017000000923871994;-0.04700000211596489;-0.7190000414848328;-0.09200000762939453;0.659000039100647
729859.0;-1.2280000448226929;-0.10900000482797623;0.6110000014305115;51.25;5.875;-7.0625;-1909.0;-3296.0;1448.0;267.3125;-47.1875;7.9375;-0.63153076171875;0.32586669921875;-0.2398681640625;-0.661376953125;-0.5090000033378601;-0.017000000923871994;-0.04700000211596489;-0.7190000414848328;-0.09200000762939453;0.659000039100647
729869.0;-1.2190001010894775;-0.13700000941753387;0.6240000128746033;49.375;3.5625;-14.875;-1748.0;-3281.0;1424.0;265.875;-45.375;7.8125;-0.6275634765625;0.31842041015625;-0.2252197265625;-0.673828125;-0.5210000276565552;-0.0430000014603138;-0.05700000375509262;-0.6970000267028809;-0.09400000423192978;0.6820000410079956
729879.0;-1.2110000848770142;-0.11400000751018524;0.6770000457763672;49.375;3.5625;-14.875;-1596.0;-3349.0;1358.0;264.5625;-43.4375;7.75;-0.6239013671875;0.31005859375;-0.210693359375;-0.68572998046875;-0.5360000133514404;-0.018000001087784767;-0.027000000700354576;-0.6740000247955322;-0.09600000083446503;0.7050000429153442
729883.0;-1.1710000038146973;0.0010000000474974513;0.7730000615119934;49.375;3.5625;-14.875;-1500.0;-3441.0;1282.0;263.3125;-41.5;7.6875;-0.6204833984375;0.30108642578125;-0.19598388671875;-0.69708251953125;-0.5210000276565552;0.10000000149011612;0.046000003814697266;-0.6500000357627869;-0.09800000488758087;0.7270000576972961
729893.0;-1.1540000438690186;0.03700000047683716;0.8200000524520874;49.375;3.5625;-14.875;-1439.0;-3503.0;1239.0;262.125;-39.5;7.6875;-0.61712646484375;0.29156494140625;-0.18109130859375;-0.70806884765625;-0.5300000309944153;0.1380000114440918;0.07000000029802322;-0.6240000128746033;-0.10100000351667404;0.7490000128746033
729903.0;-1.1400001049041748;0.036000002175569534;0.8330000638961792;49.375;3.5625;-14.875;-1420.0;-3544.0;1217.0;260.9375;-37.4375;7.6875;-0.6136474609375;0.28167724609375;-0.16607666015625;-0.71868896484375;-0.5430000424385071;0.14100000262260437;0.06200000271201134;-0.5960000157356262;-0.10400000214576721;0.7700000405311584
729913.0;-1.121000051498413;0.0;0.8200000524520874;45.1875;0.75;-24.75;-1426.0;-3560.0;1209.0;259.8125;-35.4375;7.8125;-0.60992431640625;0.27166748046875;-0.15093994140625;-0.72900390625;-0.5520000457763672;0.1080000028014183;0.029000001028180122;-0.5680000185966492;-0.10900000482797623;0.7910000085830688
729923.0;-1.0640000104904175;-0.13100001215934753;0.8050000667572021;45.1875;0.75;-24.75;-1386.0;-3575.0;1205.0;258.6875;-33.375;7.9375;-0.60601806640625;0.2613525390625;-0.1357421875;-0.73895263671875;-0.5240000486373901;-0.017000000923871994;-0.004000000189989805;-0.5400000214576721;-0.11300000548362732;0.8100000619888306
729933.0;-1.0350000858306885;-0.1730000078678131;0.7940000295639038;45.1875;0.75;-24.75;-1254.0;-3582.0;1209.0;257.5625;-31.375;8.0625;-0.60198974609375;0.25048828125;-0.12103271484375;-0.74847412109375;-0.5240000486373901;-0.055000003427267075;-0.032999999821186066;-0.5100000500679016;-0.11800000816583633;0.8280000686645508
729935.0;-1.0350000858306885;-0.1730000078678131;0.7940000295639038;45.1875;0.75;-24.75;-1254.0;-3582.0;1209.0;257.5625;-31.375;8.0625;-0.60198974609375;0.25048828125;-0.12103271484375;-0.74847412109375;-0.5240000486373901;-0.055000003427267075;-0.032999999821186066;-0.5100000500679016;-0.11800000816583633;0.8280000686645508
729945.0;-1.0120000839233398;-0.18400001525878906;0.8100000619888306;45.1875;0.75;-24.75;-1029.0;-3585.0;1219.0;256.5625;-29.3125;8.0625;-0.59796142578125;0.23876953125;-0.107177734375;-0.757568359375;-0.5320000052452087;-0.06400000303983688;-0.03500000014901161;-0.48000001907348633;-0.12000000476837158;0.8460000157356262
729955.0;-0.971000075340271;-0.1680000126361847;0.8360000252723694;45.1875;0.75;-24.75;-774.0;-3591.0;1224.0;255.5625;-27.25;8.0;-0.593994140625;0.22613525390625;-0.09429931640625;-0.76629638671875;-0.5220000147819519;-0.046000003814697266;-0.026000000536441803;-0.4490000307559967;-0.1210000067949295;0.862000048160553
729965.0;-0.9470000267028809;-0.15700000524520874;0.8420000672340393;39.75;-0.0625;-30.875;-550.0;-3587.0;1251.0;254.5625;-25.1875;7.8125;-0.58990478515625;0.212646484375;-0.082275390625;-0.77459716796875;-0.5290000438690186;-0.036000002175569534;-0.03500000014901161;-0.4180000126361847;-0.1210000067949295;0.878000020980835
729968.0;-0.9470000267028809;-0.15700000524520874;0.8420000672340393;39.75;-0.0625;-30.875;-550.0;-3587.0;1251.0;254.5625;-25.1875;7.8125;-0.58990478515625;0.212646484375;-0.082275390625;-0.77459716796875;-0.5290000438690186;-0.036000002175569534;-0.03500000014901161;-0.4180000126361847;-0.1210000067949295;0.878000020980835
729978.0;-0.9110000729560852;-0.1510000079870224;0.8230000138282776;39.75;-0.0625;-30.875;-372.0;-3585.0;1270.0;253.625;-23.1875;7.5625;-0.58575439453125;0.19854736328125;-0.07098388671875;-0.7825927734375;-0.5250000357627869;-0.03200000151991844;-0.07000000029802322;-0.38600000739097595;-0.11900000274181366;0.893000066280365
729988.0;-0.8650000691413879;-0.1290000081062317;0.8580000400543213;39.75;-0.0625;-30.875;-315.0;-3574.0;1252.0;252.6875;-21.125;7.3125;-0.58148193359375;0.18426513671875;-0.0599365234375;-0.7901611328125;-0.5110000371932983;-0.012000000104308128;-0.04800000041723251;-0.3530000150203705;-0.11700000613927841;0.9070000648498535
729998.0;-0.7880000472068787;-0.1290000081062317;0.937000036239624;39.75;-0.0625;-30.875;-397.0;-3584.0;1177.0;251.75;-19.0625;7.1875;-0.57720947265625;0.170166015625;-0.04840087890625;-0.7972412109375;-0.46700000762939453;-0.012000000104308128;0.018000001087784767;-0.320000022649765;-0.11600000411272049;0.9190000295639038
730001.0;-0.7710000276565552;-0.13300000131130219;0.9590000510215759;39.75;-0.0625;-30.875;-508.0;-3572.0;1047.0;250.9375;-17.0;7.25;-0.5731201171875;0.1563720703125;-0.03631591796875;-0.8035888671875;-0.4830000102519989;-0.014000000432133675;0.029000001028180122;-0.28700000047683716;-0.11800000816583633;0.9300000667572021
730011.0;-0.7710000276565552;-0.13300000131130219;0.9590000510215759;33.0625;-1.5625;-37.0625;-629.0;-3575.0;886.0;250.25;-14.9375;7.375;-0.56939697265625;0.14288330078125;-0.0235595703125;-0.8092041015625;-0.5;-0.015000000596046448;0.018000001087784767;-0.25300002098083496;-0.12200000882148743;0.9390000700950623
730021.0;-0.753000020980835;-0.13700000941753387;0.9570000171661377;33.0625;-1.5625;-37.0625;-741.0;-3572.0;745.0;249.5625;-12.8125;7.625;-0.5660400390625;0.1297607421875;-0.01019287109375;-0.8140869140625;-0.5090000033378601;-0.023000001907348633;-0.014000000432133675;-0.21800000965595245;-0.12700000405311584;0.9470000267028809
730031.0;-0.7280000448226929;-0.15000000596046448;0.9330000281333923;33.0625;-1.5625;-37.0625;-802.0;-3557.0;640.0;249.0;-10.75;8.0;-0.56280517578125;0.11676025390625;0.00341796875;-0.81829833984375;-0.46800002455711365;-0.052000001072883606;-0.06000000238418579;-0.18300001323223114;-0.1340000033378601;0.9530000686645508
730036.0;-0.7280000448226929;-0.15000000596046448;0.9330000281333923;33.0625;-1.5625;-37.0625;-802.0;-3557.0;640.0;249.0;-10.75;8.0;-0.56280517578125;0.11676025390625;0.00341796875;-0.81829833984375;-0.46800002455711365;-0.052000001072883606;-0.06000000238418579;-0.18300001323223114;-0.1340000033378601;0.9530000686645508
730046.0;-0.6520000100135803;-0.18700000643730164;0.893000066280365;33.0625;-1.5625;-37.0625;-805.0;-3540.0;573.0;248.4375;-8.6875;8.375;-0.55963134765625;0.1038818359375;0.01708984375;-0.822021484375;-0.4580000340938568;-0.055000003427267075;-0.04800000041723251;-0.14800000190734863;-0.14100000262260437;0.9580000638961792
730056.0;-0.6070000529289246;-0.19600000977516174;0.9100000262260437;33.0625;-1.5625;-37.0625;-764.0;-3535.0;526.0;247.9375;-6.625;8.75;-0.5565185546875;0.0908203125;0.030517578125;-0.82525634765625;-0.45600003004074097;-0.04500000178813934;-0.036000002175569534;-0.11300000548362732;-0.14800000190734863;0.9620000720024109
730066.0;-0.5700000524520874;-0.1940000057220459;0.9260000586509705;33.0625;-1.5625;-37.0625;-764.0;-3535.0;526.0;247.9375;-6.625;8.75;-0.55340576171875;0.07757568359375;0.0438232421875;-0.828125;-0.4300000071525574;-0.024000000208616257;-0.029000001028180122;-0.07800000160932541;-0.1550000011920929;0.9650000333786011
730069.0;-0.5700000524520874;-0.1940000057220459;0.9260000586509705;33.0625;-1.5625;-37.0625;-764.0;-3535.0;526.0;247.9375;-6.625;8.75;-0.55340576171875;0.07757568359375;0.0438232421875;-0.828125;-0.4300000071525574;-0.024000000208616257;-0.029000001028180122;-0.07800000160932541;-0.1550000011920929;0.9650000333786011
730079.0;-0.5090000033378601;-0.17900000512599945;0.9350000619888306;24.5625;-1.5;-42.75;-715.0;-3536.0;487.0;247.0;-2.5;9.5;-0.55029296875;0.06414794921875;0.05682373046875;-0.83056640625;-0.445000022649765;-0.01600000075995922;-0.02800000086426735;-0.0430000014603138;-0.16100001335144043;0.9660000205039978
730089.0;-0.48900002241134644;-0.17800000309944153;0.937000036239624;24.5625;-1.5;-42.75;-609.0;-3523.0;384.0;246.625;-0.4375;9.8125;-0.5472412109375;0.05059814453125;0.069580078125;-0.83251953125;-0.4690000116825104;-0.014000000432133675;-0.03100000135600567;-0.007000000216066837;-0.16700001060962677;0.9660000205039978
730099.0;-0.47700002789497375;-0.18200001120567322;0.9340000152587891;24.5625;-1.5;-42.75;-576.0;-3512.0;352.0;246.1875;1.5625;10.1875;-0.544189453125;0.03692626953125;0.0821533203125;-0.8341064453125;-0.49800002574920654;-0.01100000087171793;-0.04200000315904617;0.027000000700354576;-0.1730000078678131;0.9640000462532043
730109.0;-0.4700000286102295;-0.18400001525878906;0.921000063419342;24.5625;-1.5;-42.75;-535.0;-3523.0;317.0;245.8125;3.625;10.5625;-0.54107666015625;0.0230712890625;0.09454345703125;-0.8353271484375;-0.4780000150203705;-0.01900000125169754;-0.08500000089406967;0.06200000271201134;-0.17900000512599945;0.9620000720024109
730119.0;-0.4150000214576721;-0.1990000158548355;0.8760000467300415;24.5625;-1.5;-42.75;-535.0;-3523.0;317.0;245.8125;3.625;10.5625;-0.54107666015625;0.0230712890625;0.09454345703125;-0.8353271484375;-0.46800002455711365;-0.02200000174343586;-0.09100000560283661;0.09700000286102295;-0.18400001525878906;0.9580000638961792
730121.0;-0.3700000047683716;-0.20600001513957977;0.8670000433921814;16.5;1.5;-46.5;-440.0;-3520.0;329.0;245.4375;5.6875;10.875;-0.53765869140625;0.00897216796875;0.10650634765625;-0.83636474609375;-0.46800002455711365;-0.02200000174343586;-0.09100000560283661;0.13199999928474426;-0.18700000643730164;0.9530000686645508
730131.0;-0.3330000042915344;-0.2120000123977661;0.8690000176429749;16.5;1.5;-46.5;-285.0;-3503.0;403.0;244.5;9.75;11.25;-0.52935791015625;-0.02032470703125;0.1279296875;-0.83843994140625;-0.4700000286102295;-0.015000000596046448;-0.09300000220537186;0.16600000858306885;-0.18900001049041748;0.9470000267028809
730141.0;-0.30400002002716064;-0.20400001108646393;0.8530000448226929;16.5;1.5;-46.5;-89.0;-3500.0;496.0;243.9375;11.75;11.3125;-0.5244140625;-0.0357666015625;0.13726806640625;-0.839599609375;-0.45900002121925354;0.014000000432133675;-0.12200000882148743;0.20000000298023224;-0.18900001049041748;0.9410000443458557
730151.0;-0.2590000033378601;-0.17400000989437103;0.8180000185966492;16.5;1.5;-46.5;103.0;-3499.0;566.0;243.375;13.75;11.375;-0.51898193359375;-0.05157470703125;0.14581298828125;-0.8406982421875;-0.4540000259876251;0.03700000047683716;-0.13199999928474426;0.2330000102519989;-0.18700000643730164;0.9330000281333923
730153.0;-0.2590000033378601;-0.17400000989437103;0.8180000185966492;16.5;1.5;-46.5;103.0;-3499.0;566.0;243.375;13.75;11.375;-0.51898193359375;-0.05157470703125;0.14581298828125;-0.8406982421875;-0.4540000259876251;0.03700000047683716;-0.13199999928474426;0.2330000102519989;-0.18700000643730164;0.9330000281333923
730163.0;-0.22100001573562622;-0.15000000596046448;0.8010000586509705;16.5;1.5;-46.5;274.0;-3503.0;619.0;243.375;13.75;11.375;-0.51898193359375;-0.05157470703125;0.14581298828125;-0.8406982421875;-0.4540000259876251;0.03700000047683716;-0.13199999928474426;0.2330000102519989;-0.18700000643730164;0.9330000281333923
730173.0;-0.17500001192092896;-0.1380000114440918;0.7900000214576721;8.0;0.25;-48.1875;408.0;-3500.0;659.0;242.6875;15.75;11.3125;-0.51312255859375;-0.06768798828125;0.15374755859375;-0.8416748046875;-0.44200003147125244;0.046000003814697266;-0.1340000033378601;0.26600000262260437;-0.1850000023841858;0.9250000715255737
730183.0;-0.09700000286102295;-0.1300000101327896;0.7720000147819519;8.0;0.25;-48.1875;496.0;-3488.0;706.0;242.0;17.75;11.25;-0.5003662109375;-0.10028076171875;0.1685791015625;-0.84326171875;-0.3970000147819519;0.06400000303983688;-0.14900000393390656;0.33100003004074097;-0.18000000715255737;0.9050000309944153
730188.0;-0.09700000286102295;-0.1300000101327896;0.7720000147819519;8.0;0.25;-48.1875;496.0;-3488.0;706.0;242.0;17.75;11.25;-0.5003662109375;-0.10028076171875;0.1685791015625;-0.84326171875;-0.3970000147819519;0.06400000303983688;-0.14900000393390656;0.33100003004074097;-0.18000000715255737;0.9050000309944153
730198.0;-0.06599999964237213;-0.11600000411272049;0.7560000419616699;8.0;0.25;-48.1875;521.0;-3504.0;723.0;241.3125;19.6875;11.25;-0.49383544921875;-0.1165771484375;0.176025390625;-0.843505859375;-0.4130000174045563;0.07000000029802322;-0.14300000667572021;0.3630000054836273;-0.17800000309944153;0.893000066280365
730208.0;-0.05000000074505806;-0.1080000028014183;0.7490000128746033;8.0;0.25;-48.1875;481.0;-3506.0;690.0;240.6875;21.6875;11.25;-0.48736572265625;-0.13262939453125;0.1837158203125;-0.84326171875;-0.43700000643730164;0.07200000435113907;-0.17900000512599945;0.39500001072883606;-0.1770000010728836;0.8790000677108765
730218.0;-0.04200000315904617;-0.10400000214576721;0.7000000476837158;8.0;0.25;-48.1875;409.0;-3511.0;639.0;240.0;23.75;11.375;-0.48736572265625;-0.13262939453125;0.1837158203125;-0.84326171875;-0.43700000643730164;0.07200000435113907;-0.17900000512599945;0.39500001072883606;-0.1770000010728836;0.8790000677108765
730224.0;0.01100000087171793;-0.10700000822544098;0.6630000472068787;-1.5;-0.375;-49.375;385.0;-3494.0;589.0;239.4375;25.75;11.4375;-0.48101806640625;-0.1485595703125;0.19134521484375;-0.84259033203125;-0.4140000343322754;0.06800000369548798;-0.20200000703334808;0.42600002884864807;-0.17600001394748688;0.8650000691413879
730234.0;0.052000001072883606;-0.1120000034570694;0.6460000276565552;-1.5;-0.375;-49.375;414.0;-3464.0;612.0;238.8125;27.6875;11.625;-0.47442626953125;-0.1644287109375;0.19879150390625;-0.8416748046875;-0.40300002694129944;0.0560000017285347;-0.20000000298023224;0.48500001430511475;-0.17400000989437103;0.8330000638961792
730244.0;0.0820000022649765;-0.11800000816583633;0.6330000162124634;-1.5;-0.375;-49.375;475.0;-3438.0;698.0;238.0625;29.625;11.8125;-0.4671630859375;-0.18011474609375;0.20587158203125;-0.84075927734375;-0.4010000228881836;0.0430000014603138;-0.1940000057220459;0.5130000114440918;-0.1730000078678131;0.8160000443458557
730254.0;0.1120000034570694;-0.1290000081062317;0.6220000386238098;-1.5;-0.375;-49.375;550.0;-3405.0;784.0;237.3125;31.5625;12.0;-0.45941162109375;-0.1956787109375;0.2125244140625;-0.83990478515625;-0.38200002908706665;0.024000000208616257;-0.1730000078678131;0.5410000085830688;-0.1730000078678131;0.7990000247955322
730264.0;0.15800000727176666;-0.14800000190734863;0.625;-1.5;-0.375;-49.375;629.0;-3373.0;841.0;236.5;33.4375;12.1875;-0.451171875;-0.211181640625;0.21875;-0.83905029296875;-0.38200002908706665;0.024000000208616257;-0.1730000078678131;0.5410000085830688;-0.1730000078678131;0.7990000247955322
730274.0;0.18200001120567322;-0.15300001204013824;0.6040000319480896;-9.5625;-0.6875;-47.75;691.0;-3351.0;869.0;235.625;35.3125;12.4375;-0.44256591796875;-0.22662353515625;0.22454833984375;-0.8380126953125;-0.3850000202655792;0.018000001087784767;-0.17600001394748688;0.5670000314712524;-0.1720000058412552;0.7800000309944153
730277.0;0.18200001120567322;-0.15300001204013824;0.6040000319480896;-9.5625;-0.6875;-47.75;691.0;-3351.0;869.0;235.625;35.3125;12.4375;-0.44256591796875;-0.22662353515625;0.22454833984375;-0.8380126953125;-0.3850000202655792;0.018000001087784767;-0.17600001394748688;0.5670000314712524;-0.1720000058412552;0.7800000309944153
730287.0;0.21400001645088196;-0.1600000113248825;0.578000009059906;-9.5625;-0.6875;-47.75;743.0;-3328.0;898.0;234.75;37.1875;12.6875;-0.4337158203125;-0.24200439453125;0.2301025390625;-0.8369140625;-0.37800002098083496;0.010000000707805157;-0.18200001120567322;0.5920000076293945;-0.17100000381469727;0.7610000371932983
730297.0;0.2710000276565552;-0.15900000929832458;0.5480000376701355;-9.5625;-0.6875;-47.75;804.0;-3310.0;959.0;233.8125;39.0;13.0;-0.42437744140625;-0.25726318359375;0.23529052734375;-0.835693359375;-0.3450000286102295;0.01100000087171793;-0.19300000369548798;0.6170000433921814;-0.17100000381469727;0.7420000433921814
730307.0;0.3110000193119049;-0.12300000339746475;0.5430000424385071;-9.5625;-0.6875;-47.75;847.0;-3310.0;992.0;232.8125;40.8125;13.3125;-0.41461181640625;-0.2724609375;0.24029541015625;-0.8343505859375;-0.3290000259876251;0.04800000041723251;-0.17800000309944153;0.6410000324249268;-0.17100000381469727;0.7210000157356262
730317.0;0.3410000205039978;-0.12600000202655792;0.5320000052452087;-9.5625;-0.6875;-47.75;854.0;-3266.0;977.0;231.8125;42.5625;13.75;-0.4049072265625;-0.2874755859375;0.24505615234375;-0.83270263671875;-0.32200002670288086;0.04500000178813934;-0.1680000126361847;0.6640000343322754;-0.17100000381469727;0.7000000476837158
730327.0;0.36000001430511475;-0.1420000046491623;0.5200000405311584;-18.0625;-1.0625;-45.25;829.0;-3239.0;965.0;230.8125;44.375;14.25;-0.3951416015625;-0.30218505859375;0.249755859375;-0.830810546875;-0.32500001788139343;0.030000001192092896;-0.15800000727176666;0.6850000619888306;-0.1720000058412552;0.6790000200271606
730335.0;0.38100001215934753;-0.15400001406669617;0.48100003600120544;-18.0625;-1.0625;-45.25;811.0;-3221.0;930.0;229.875;46.125;14.8125;-0.38543701171875;-0.31671142578125;0.25433349609375;-0.8284912109375;-0.32500001788139343;0.01900000125169754;-0.17500001192092896;0.706000030040741;-0.1730000078678131;0.6570000052452087
730345.0;0.37400001287460327;-0.15000000596046448;0.4610000252723694;-18.0625;-1.0625;-45.25;825.0;-3188.0;938.0;228.875;47.8125;15.4375;-0.3756103515625;-0.33099365234375;0.25872802734375;-0.8260498046875;-0.35200002789497375;0.024000000208616257;-0.1730000078678131;0.7260000109672546;-0.17500001192092896;0.6340000033378601
730355.0;0.3800000250339508;-0.1510000079870224;0.4280000329017639;-18.0625;-1.0625;-45.25;891.0;-3176.0;957.0;227.8125;49.5;16.125;-0.365478515625;-0.34527587890625;0.2628173828125;-0.823486328125;-0.36500000953674316;0.02500000037252903;-0.18200001120567322;0.7460000514984131;-0.17600001394748688;0.6110000014305115
730365.0;0.41200003027915955;-0.16700001060962677;0.3970000147819519;-18.0625;-1.0625;-45.25;1026.0;-3149.0;932.0;226.75;51.1875;16.8125;-0.3551025390625;-0.359619140625;0.26605224609375;-0.82086181640625;-0.35200002789497375;0.010000000707805157;-0.1900000125169754;0.7640000581741333;-0.1770000010728836;0.5879999995231628
730375.0;0.42100003361701965;-0.15300001204013824;0.3880000114440918;-26.0;-3.5;-42.75;1232.0;-3145.0;854.0;225.625;52.8125;17.375;-0.3446044921875;-0.374267578125;0.2681884765625;-0.81805419921875;-0.36000001430511475;0.024000000208616257;-0.17500001192092896;0.781000018119812;-0.1770000010728836;0.5640000104904175
730379.0;0.42100003361701965;-0.15300001204013824;0.3880000114440918;-26.0;-3.5;-42.75;1232.0;-3145.0;854.0;225.625;52.8125;17.375;-0.3446044921875;-0.374267578125;0.2681884765625;-0.81805419921875;-0.36000001430511475;0.024000000208616257;-0.17500001192092896;0.781000018119812;-0.1770000010728836;0.5640000104904175
730389.0;0.30000001192092896;-0.12000000476837158;0.39400002360343933;-26.0;-3.5;-42.75;1480.0;-3145.0;797.0;224.5;54.5;17.9375;-0.333740234375;-0.38934326171875;0.26904296875;-0.81524658203125;-0.4970000088214874;0.05400000140070915;-0.1469999998807907;0.7980000376701355;-0.17500001192092896;0.5410000085830688
730399.0;0.4190000295639038;-0.08500000089406967;0.3710000216960907;-26.0;-3.5;-42.75;1667.0;-3113.0;989.0;223.125;56.125;18.5625;-0.321533203125;-0.4041748046875;0.26934814453125;-0.81280517578125;-0.39400002360343933;0.08800000697374344;-0.14600001275539398;0.8140000104904175;-0.17400000989437103;0.5170000195503235
730409.0;0.48100003600120544;-0.04500000178813934;0.37300002574920654;-26.0;-3.5;-42.75;1662.0;-3035.0;1404.0;221.5;57.5625;19.75;-0.3076171875;-0.41796875;0.27032470703125;-0.8109130859375;-0.3460000157356262;0.13199999928474426;-0.1210000067949295;0.8270000219345093;-0.1770000010728836;0.49400001764297485
730413.0;0.4490000307559967;-0.04500000178813934;0.31800001859664917;-26.0;-3.5;-42.75;1570.0;-3066.0;1228.0;220.0;59.0625;20.9375;-0.29443359375;-0.43182373046875;0.271240234375;-0.8082275390625;-0.39100003242492676;0.1340000033378601;-0.1510000079870224;0.8410000205039978;-0.18000000715255737;0.4700000286102295
730423.0;0.4490000307559967;-0.04500000178813934;0.31800001859664917;-33.0;-4.375;-38.6875;1451.0;-3043.0;1219.0;218.5;60.5;22.4375;-0.28155517578125;-0.44525146484375;0.27252197265625;-0.80517578125;-0.39400002360343933;0.11400000751018524;-0.18000000715255737;0.8530000448226929;-0.18400001525878906;0.44600000977516174
730433.0;0.45900002121925354;-0.0690000057220459;0.26500001549720764;-33.0;-4.375;-38.6875;1355.0;-3077.0;1342.0;216.9375;61.875;24.3125;-0.2681884765625;-0.45831298828125;0.2744140625;-0.80169677734375;-0.3630000054836273;0.1120000034570694;-0.22100001573562622;0.8640000224113464;-0.1900000125169754;0.42100003361701965
730443.0;0.5010000467300415;-0.07800000160932541;0.1990000158548355;-33.0;-4.375;-38.6875;1310.0;-3095.0;1375.0;215.375;63.1875;26.5;-0.254638671875;-0.47119140625;0.27655029296875;-0.79791259765625;-0.320000022649765;0.08500000089406967;-0.3360000252723694;0.8750000596046448;-0.19700001180171967;0.39500001072883606
730447.0;0.5010000467300415;-0.07800000160932541;0.1990000158548355;-33.0;-4.375;-38.6875;1310.0;-3095.0;1375.0;215.375;63.1875;26.5;-0.254638671875;-0.47119140625;0.27655029296875;-0.79791259765625;-0.320000022649765;0.08500000089406967;-0.3360000252723694;0.8750000596046448;-0.19700001180171967;0.39500001072883606
730457.0;0.5550000071525574;-0.1120000034570694;0.058000002056360245;-33.0;-4.375;-38.6875;1280.0;-3066.0;1470.0;213.6875;64.4375;29.125;-0.24072265625;-0.48358154296875;0.27886962890625;-0.79400634765625;-0.3290000259876251;0.05700000375509262;-0.34800001978874207;0.8840000629425049;-0.20500001311302185;0.36900001764297485
730467.0;0.5550000071525574;-0.14800000190734863;0.021000001579523087;-33.0;-4.375;-38.6875;1240.0;-2975.0;1598.0;211.9375;65.5;32.125;-0.2264404296875;-0.49517822265625;0.281494140625;-0.79010009765625;-0.3410000205039978;0.04400000348687172;-0.3370000123977661;0.8920000195503235;-0.2160000056028366;0.3440000116825104
730477.0;0.550000011920929;-0.17100000381469727;0.006000000052154064;-33.0;-4.375;-38.6875;1240.0;-2975.0;1598.0;210.1875;66.375;35.4375;-0.212158203125;-0.5059814453125;0.2843017578125;-0.7862548828125;-0.33400002121925354;0.03100000135600567;-0.31800001859664917;0.8980000615119934;-0.22700001299381256;0.320000022649765
730482.0;0.5630000233650208;-0.19600000977516174;0.0010000000474974513;-39.1875;-4.0;-31.6875;1172.0;-2860.0;1663.0;208.375;67.0625;39.0;-0.1981201171875;-0.5159912109375;0.2874755859375;-0.7822265625;-0.3270000219345093;0.0;-0.2980000078678131;0.9030000567436218;-0.24000000953674316;0.29600000381469727
730492.0;0.5750000476837158;-0.24000000953674316;-0.0010000000474974513;-39.1875;-4.0;-31.6875;957.0;-2650.0;1759.0;206.625;67.5625;42.875;-0.1842041015625;-0.525146484375;0.291015625;-0.7781982421875;-0.34200000762939453;0.003000000026077032;-0.2840000092983246;0.906000018119812;-0.2540000081062317;0.27300000190734863
730502.0;0.5630000233650208;-0.2510000169277191;-0.010000000707805157;-39.1875;-4.0;-31.6875;860.0;-2533.0;1825.0;204.8125;67.875;46.9375;-0.17034912109375;-0.53350830078125;0.29498291015625;-0.774169921875;-0.3570000231266022;0.003000000026077032;-0.26900002360343933;0.9080000519752502;-0.26900002360343933;0.2510000169277191
730512.0;0.550000011920929;-0.26500001549720764;-0.018000001087784767;-39.1875;-4.0;-31.6875;782.0;-2449.0;1873.0;203.0;68.0;51.0625;-0.15667724609375;-0.541259765625;0.2991943359375;-0.77008056640625;-0.3630000054836273;-0.009000000543892384;-0.2840000092983246;0.909000039100647;-0.2850000262260437;0.23000000417232513
730515.0;0.550000011920929;-0.26500001549720764;-0.018000001087784767;-39.1875;-4.0;-31.6875;782.0;-2449.0;1873.0;203.0;68.0;51.0625;-0.15667724609375;-0.541259765625;0.2991943359375;-0.77008056640625;-0.3630000054836273;-0.009000000543892384;-0.2840000092983246;0.909000039100647;-0.2850000262260437;0.23000000417232513
730525.0;0.5450000166893005;-0.29500001668930054;-0.05300000309944153;-39.1875;-4.0;-31.6875;782.0;-2449.0;1873.0;203.0;68.0;51.0625;-0.15667724609375;-0.541259765625;0.2991943359375;-0.77008056640625;-0.33500000834465027;-0.0990000069141388;-0.4150000214576721;0.9080000519752502;-0.3020000159740448;0.21000000834465027
730535.0;0.5720000267028809;-0.4010000228881836;-0.20400001108646393;-44.0;-3.6875;-27.1875;867.0;-2344.0;1949.0;201.0;67.875;55.0625;-0.1424560546875;-0.54840087890625;0.3031005859375;-0.7662353515625;-0.29600000381469727;-0.1340000033378601;-0.4440000355243683;0.9070000648498535;-0.3190000057220459;0.19100001454353333
730545.0;0.6100000143051147;-0.453000009059906;-0.25300002098083496;-44.0;-3.6875;-27.1875;867.0;-2344.0;1949.0;197.0625;67.3125;62.75;-0.11383056640625;-0.56201171875;0.31011962890625;-0.75830078125;-0.25;-0.1720000058412552;-0.4790000319480896;0.9050000309944153;-0.33500000834465027;0.1720000058412552
730553.0;0.6540000438690186;-0.5080000162124634;-0.3070000112056732;-44.0;-3.6875;-27.1875;999.0;-2300.0;1936.0;195.0;66.875;66.125;-0.0994873046875;-0.56842041015625;0.31256103515625;-0.7545166015625;-0.1990000158548355;-0.2120000123977661;-0.49400001764297485;0.9020000696182251;-0.35100001096725464;0.1550000011920929
730563.0;0.7020000219345093;-0.5640000104904175;-0.33900001645088196;-44.0;-3.6875;-27.1875;1090.0;-2207.0;1864.0;193.25;66.5;68.875;-0.0875244140625;-0.57403564453125;0.31439208984375;-0.7509765625;-0.14600001275539398;-0.18900001049041748;-0.4190000295639038;0.8990000486373901;-0.36400002241134644;0.14000000059604645
730573.0;0.7520000338554382;-0.5530000329017639;-0.27900001406669617;-44.0;-3.6875;-27.1875;922.0;-1930.0;1509.0;193.25;66.5;68.875;-0.0875244140625;-0.57403564453125;0.31439208984375;-0.7509765625;-0.14600001275539398;-0.18900001049041748;-0.4190000295639038;0.8990000486373901;-0.36400002241134644;0.14000000059604645
730583.0;0.7410000562667847;-0.5200000405311584;-0.25;-46.875;1.5625;-21.0;678.0;-1733.0;1321.0;191.8125;66.125;71.375;-0.07733154296875;-0.5789794921875;0.31646728515625;-0.7474365234375;-0.15400001406669617;-0.14400000870227814;-0.37700000405311584;0.8960000276565552;-0.3760000169277191;0.12600000202655792
730593.0;0.7270000576972961;-0.5210000276565552;-0.2240000069141388;-46.875;1.5625;-21.0;395.0;-1537.0;1159.0;190.5625;65.6875;73.5625;-0.06201171875;-0.58697509765625;0.32208251953125;-0.740234375;-0.17900000512599945;-0.19300000369548798;-0.33800002932548523;0.8910000324249268;-0.3960000276565552;0.10100000351667404
730603.0;0.7120000123977661;-0.5890000462532043;-0.2370000183582306;-46.875;1.5625;-21.0;178.0;-1382.0;1042.0;189.5625;65.3125;75.625;-0.05560302734375;-0.59027099609375;0.32513427734375;-0.7366943359375;-0.1680000126361847;-0.2290000170469284;-0.367000013589859;0.8880000710487366;-0.4050000309944153;0.08900000154972076
730607.0;0.7120000123977661;-0.5890000462532043;-0.2370000183582306;-46.875;1.5625;-21.0;178.0;-1382.0;1042.0;189.5625;65.3125;75.625;-0.05560302734375;-0.59027099609375;0.32513427734375;-0.7366943359375;-0.1680000126361847;-0.2290000170469284;-0.367000013589859;0.8880000710487366;-0.4050000309944153;0.08900000154972076
730617.0;0.7190000414848328;-0.6340000033378601;-0.2770000100135803;-46.875;1.5625;-21.0;104.0;-1280.0;990.0;188.625;64.9375;77.4375;-0.04925537109375;-0.59332275390625;0.3280029296875;-0.73345947265625;-0.15300001204013824;-0.2550000250339508;-0.3960000276565552;0.8850000500679016;-0.4140000343322754;0.07900000363588333
730627.0;0.7310000061988831;-0.6690000295639038;-0.31700000166893005;-46.875;1.5625;-21.0;143.0;-1214.0;986.0;187.625;64.5;79.125;-0.04925537109375;-0.59332275390625;0.3280029296875;-0.73345947265625;-0.15300001204013824;-0.2550000250339508;-0.3960000276565552;0.8850000500679016;-0.4140000343322754;0.07900000363588333
730637.0;0.734000027179718;-0.6810000538825989;-0.3240000009536743;-48.75;3.375;-16.0625;205.0;-1143.0;998.0;186.6875;64.0;80.6875;-0.04278564453125;-0.5960693359375;0.33062744140625;-0.73046875;-0.1469999998807907;-0.25699999928474426;-0.39400002360343933;0.8810000419616699;-0.4230000078678131;0.0690000057220459
730641.0;0.718000054359436;-0.690000057220459;-0.3750000298023224;-48.75;3.375;-16.0625;247.0;-1066.0;994.0;185.6875;63.5;82.0;-0.03631591796875;-0.5985107421875;0.3330078125;-0.72772216796875;-0.1600000113248825;-0.2460000067949295;-0.4270000159740448;0.8740000128746033;-0.4410000145435333;0.052000001072883606
730651.0;0.7130000591278076;-0.687000036239624;-0.3750000298023224;-48.75;3.375;-16.0625;253.0;-999.0;971.0;184.6875;63.0;83.1875;-0.02996826171875;-0.60064697265625;0.3353271484375;-0.72515869140625;-0.15200001001358032;-0.2290000170469284;-0.4150000214576721;0.8700000643730164;-0.45000001788139343;0.04500000178813934
730661.0;0.7170000076293945;-0.6790000200271606;-0.3700000047683716;-48.75;3.375;-16.0625;245.0;-935.0;951.0;183.75;62.5;84.25;-0.02392578125;-0.6025390625;0.3375244140625;-0.7227783203125;-0.14800000190734863;-0.22600001096725464;-0.4180000126361847;0.8660000562667847;-0.4580000340938568;0.03800000250339508
730671.0;0.7170000076293945;-0.6850000619888306;-0.3800000250339508;-48.75;3.375;-16.0625;253.0;-856.0;908.0;182.875;62.0;85.1875;-0.01812744140625;-0.604248046875;0.33953857421875;-0.7205810546875;-0.14800000190734863;-0.22600001096725464;-0.4180000126361847;0.8660000562667847;-0.4580000340938568;0.03800000250339508
730671.0;0.7170000076293945;-0.6850000619888306;-0.3800000250339508;-48.75;3.375;-16.0625;253.0;-856.0;908.0;182.875;62.0;85.1875;-0.01812744140625;-0.604248046875;0.33953857421875;-0.7205810546875;-0.14800000190734863;-0.22600001096725464;-0.4180000126361847;0.8660000562667847;-0.4580000340938568;0.03800000250339508
730681.0;0.7280000448226929;-0.7150000333786011;-0.35200002789497375;-48.375;6.0625;-13.5625;261.0;-786.0;850.0;182.0;61.5;86.0;-0.01263427734375;-0.605712890625;0.34130859375;-0.7186279296875;-0.1340000033378601;-0.24900001287460327;-0.3850000202655792;0.862000048160553;-0.4660000205039978;0.03200000151991844
730691.0;0.7290000319480896;-0.7190000414848328;-0.3500000238418579;-48.375;6.0625;-13.5625;279.0;-711.0;814.0;181.125;61.0625;86.625;-0.00738525390625;-0.60693359375;0.3428955078125;-0.7169189453125;-0.1290000081062317;-0.2460000067949295;-0.37700000405311584;0.8540000319480896;-0.48000001907348633;0.023000001907348633
730701.0;0.7330000400543213;-0.7470000386238098;-0.3830000162124634;-48.375;6.0625;-13.5625;302.0;-618.0;755.0;180.375;60.625;87.1875;-0.00244140625;-0.60791015625;0.34423828125;-0.71551513671875;-0.12000000476837158;-0.26600000262260437;-0.406000018119812;0.8540000319480896;-0.48000001907348633;0.023000001907348633
730711.0;0.7480000257492065;-0.7660000324249268;-0.40300002694129944;-48.375;6.0625;-13.5625;274.0;-513.0;650.0;179.6875;60.25;87.5625;0.0018310546875;-0.60870361328125;0.34527587890625;-0.71435546875;-0.10200000554323196;-0.2800000011920929;-0.4230000078678131;0.8510000109672546;-0.48500001430511475;0.020000001415610313
730713.0;0.7480000257492065;-0.7660000324249268;-0.40300002694129944;-48.375;6.0625;-13.5625;274.0;-513.0;650.0;179.6875;60.25;87.5625;0.0018310546875;-0.60870361328125;0.34527587890625;-0.71435546875;-0.10200000554323196;-0.2800000011920929;-0.4230000078678131;0.8510000109672546;-0.48500001430511475;0.020000001415610313
730723.0;0.7440000176429749;-0.7550000548362732;-0.40800002217292786;-48.375;6.0625;-13.5625;246.0;-405.0;572.0;179.0625;59.875;87.875;0.00555419921875;-0.60919189453125;0.34619140625;-0.7135009765625;-0.10300000756978989;-0.2639999985694885;-0.42600002884864807;0.8480000495910645;-0.4910000264644623;0.017000000923871994
730733.0;0.7310000061988831;-0.7500000596046448;-0.41200003027915955;-48.6875;7.875;-12.75;234.0;-288.0;501.0;178.5625;59.625;88.0625;0.00872802734375;-0.60931396484375;0.34686279296875;-0.71295166015625;-0.11400000751018524;-0.2550000250339508;-0.4280000329017639;0.8460000157356262;-0.49500003457069397;0.01600000075995922
730743.0;0.7330000400543213;-0.7410000562667847;-0.41700002551078796;-48.6875;7.875;-12.75;241.0;-191.0;417.0;178.125;59.375;88.125;0.01141357421875;-0.6092529296875;0.3472900390625;-0.7127685546875;-0.11000000685453415;-0.242000013589859;-0.43300002813339233;0.843000054359436;-0.49900001287460327;0.01600000075995922
730753.0;0.7430000305175781;-0.7230000495910645;-0.43300002813339233;-48.6875;7.875;-12.75;269.0;-102.0;326.0;177.75;59.1875;88.0625;0.013671875;-0.6090087890625;0.34735107421875;-0.712890625;-0.09800000488758087;-0.22100001573562622;-0.45000001788139343;0.8420000672340393;-0.5020000338554382;0.01600000075995922
730763.0;0.7470000386238098;-0.7160000205039978;-0.4220000207424164;-48.6875;7.875;-12.75;315.0;-18.0;234.0;177.4375;59.0;87.9375;0.015625;-0.608642578125;0.346923828125;-0.71337890625;-0.09300000220537186;-0.2120000123977661;-0.4400000274181366;0.8410000205039978;-0.5040000081062317;0.018000001087784767
730767.0;0.7470000386238098;-0.7160000205039978;-0.4220000207424164;-48.6875;7.875;-12.75;315.0;-18.0;234.0;177.4375;59.0;87.9375;0.015625;-0.608642578125;0.346923828125;-0.71337890625;-0.09300000220537186;-0.2120000123977661;-0.4400000274181366;0.8410000205039978;-0.5040000081062317;0.018000001087784767
730777.0;0.7310000061988831;-0.7010000348091125;-0.4100000262260437;-48.6875;7.875;-12.75;355.0;87.0;112.0;177.25;58.9375;87.625;0.01702880859375;-0.60809326171875;0.345947265625;-0.71435546875;-0.1080000028014183;-0.19700001180171967;-0.4310000240802765;0.8400000333786011;-0.5040000081062317;0.020000001415610313
730787.0;0.7200000286102295;-0.6920000314712524;-0.4100000262260437;-48.25;9.0625;-11.5625;407.0;173.0;-41.0;177.125;58.9375;87.1875;0.017822265625;-0.60748291015625;0.34429931640625;-0.71563720703125;-0.11900000274181366;-0.18800000846385956;-0.43400001525878906;0.8400000333786011;-0.5040000081062317;0.024000000208616257
730797.0;0.6830000281333923;-0.6670000553131104;-0.40400001406669617;-48.25;9.0625;-11.5625;495.0;277.0;-240.0;177.0625;59.125;86.625;0.01800537109375;-0.6068115234375;0.3416748046875;-0.71746826171875;-0.15800000727176666;-0.16500000655651093;-0.43400001525878906;0.8410000205039978;-0.5020000338554382;0.029000001028180122
730807.0;0.6730000376701355;-0.5920000076293945;-0.43800002336502075;-48.25;9.0625;-11.5625;260.0;238.0;-83.0;177.0625;59.125;86.1875;0.01812744140625;-0.60601806640625;0.3404541015625;-0.71868896484375;-0.1680000126361847;-0.09000000357627869;-0.4710000157356262;0.8420000672340393;-0.5010000467300415;0.032999999821186066
730812.0;0.7910000085830688;-0.5300000309944153;-0.33100003004074097;-48.25;9.0625;-11.5625;-184.0;356.0;-313.0;177.5;59.3125;85.9375;0.01568603515625;-0.60528564453125;0.34014892578125;-0.71954345703125;-0.05100000277161598;-0.03100000135600567;-0.3660000264644623;0.843000054359436;-0.49800002574920654;0.03500000014901161
730822.0;0.8010000586509705;-0.6710000038146973;-0.3360000252723694;-48.25;9.0625;-11.5625;-120.0;692.0;-445.0;178.0;59.5625;85.25;0.01239013671875;-0.60345458984375;0.3392333984375;-0.7215576171875;-0.0430000014603138;-0.17600001394748688;-0.3760000169277191;0.8450000286102295;-0.49400001764297485;0.04000000283122063
730832.0;0.8010000586509705;-0.6710000038146973;-0.3360000252723694;-48.25;9.875;-11.875;21.0;726.0;-502.0;178.5;59.8125;84.4375;0.00921630859375;-0.6015625;0.33758544921875;-0.72393798828125;-0.1210000067949295;-0.19500000774860382;-0.39100003242492676;0.8480000495910645;-0.49000000953674316;0.04700000211596489
730842.0;0.7260000109672546;-0.6860000491142273;-0.3440000116825104;-48.25;9.875;-11.875;61.0;733.0;-668.0;179.0625;60.1875;83.5625;0.00555419921875;-0.59991455078125;0.33526611328125;-0.72637939453125;-0.0990000069141388;-0.12700000405311584;-0.40700000524520874;0.8510000109672546;-0.484000027179718;0.05400000140070915
730852.0;0.7510000467300415;-0.6110000014305115;-0.35200002789497375;-48.25;9.875;-11.875;-65.0;828.0;-706.0;179.8125;60.5625;82.625;0.00115966796875;-0.5980224609375;0.33331298828125;-0.7288818359375;-0.0820000022649765;-0.10700000822544098;-0.41200003027915955;0.8540000319480896;-0.47700002789497375;0.06100000441074371
730861.0;0.7710000276565552;-0.5850000381469727;-0.3500000238418579;-48.25;9.875;-11.875;-159.0;1043.0;-868.0;180.6875;61.0;81.5;-0.0045166015625;-0.59552001953125;0.3311767578125;-0.73187255859375;-0.09400000423192978;-0.17100000381469727;-0.4480000138282776;0.8570000529289246;-0.4700000286102295;0.07000000029802322
730871.0;0.7630000114440918;-0.6410000324249268;-0.37800002098083496;-48.25;9.875;-11.875;-236.0;1100.0;-1005.0;181.6875;61.5;80.25;-0.01104736328125;-0.59295654296875;0.32891845703125;-0.73492431640625;-0.1080000028014183;-0.09800000488758087;-0.4360000193119049;0.8610000610351562;-0.4610000252723694;0.07800000160932541
730881.0;0.753000020980835;-0.5590000152587891;-0.3570000231266022;-48.25;9.875;-11.875;-236.0;1100.0;-1005.0;182.9375;62.125;78.75;-0.01904296875;-0.59063720703125;0.3253173828125;-0.73822021484375;-0.07300000637769699;-0.12400000542402267;-0.41600000858306885;0.8670000433921814;-0.4480000138282776;0.08800000697374344
730891.0;0.7930000424385071;-0.5730000138282776;-0.3270000219345093;-48.6875;8.6875;-13.0625;-199.0;1206.0;-1361.0;184.25;62.8125;76.9375;-0.027587890625;-0.587646484375;0.32147216796875;-0.74200439453125;-0.0860000029206276;-0.16200000047683716;-0.41600000858306885;0.8720000386238098;-0.4360000193119049;0.10000000149011612
730901.0;0.7860000133514404;-0.5980000495910645;-0.3150000274181366;-48.6875;8.6875;-13.0625;-209.0;1502.0;-1360.0;185.5;63.375;74.9375;-0.0361328125;-0.583984375;0.31781005859375;-0.74609375;-0.15200001001358032;-0.15000000596046448;-0.4010000228881836;0.8770000338554382;-0.4230000078678131;0.11300000548362732
730903.0;0.7860000133514404;-0.5980000495910645;-0.3150000274181366;-48.6875;8.6875;-13.0625;-209.0;1502.0;-1360.0;185.5;63.375;74.9375;-0.0361328125;-0.583984375;0.31781005859375;-0.74609375;-0.15200001001358032;-0.15000000596046448;-0.4010000228881836;0.8770000338554382;-0.4230000078678131;0.11300000548362732
730913.0;0.7240000367164612;-0.5740000009536743;-0.28700000047683716;-48.6875;8.6875;-13.0625;-164.0;1575.0;-1247.0;186.6875;63.875;72.8125;-0.044189453125;-0.579833984375;0.3143310546875;-0.7503662109375;-0.1720000058412552;-0.16100001335144043;-0.39400002360343933;0.8800000548362732;-0.41200003027915955;0.12700000405311584
730923.0;0.7080000042915344;-0.5740000009536743;-0.2670000195503235;-48.6875;8.6875;-13.0625;-104.0;1601.0;-959.0;187.6875;64.125;70.5625;-0.05096435546875;-0.57501220703125;0.3114013671875;-0.75482177734375;-0.2150000035762787;-0.1600000113248825;-0.40400001406669617;0.8820000290870667;-0.40300002694129944;0.14100000262260437
730933.0;0.6660000085830688;-0.5640000104904175;-0.26200002431869507;-48.6875;8.6875;-13.0625;-104.0;1601.0;-959.0;187.6875;64.125;70.5625;-0.05096435546875;-0.57501220703125;0.3114013671875;-0.75482177734375;-0.2150000035762787;-0.1600000113248825;-0.40400001406669617;0.8830000162124634;-0.3960000276565552;0.15600000321865082
730936.0;0.6660000085830688;-0.5640000104904175;-0.26200002431869507;-48.6875;8.6875;-13.0625;-104.0;1601.0;-959.0;187.6875;64.125;70.5625;-0.05096435546875;-0.57501220703125;0.3114013671875;-0.75482177734375;-0.2150000035762787;-0.1600000113248825;-0.40400001406669617;0.8830000162124634;-0.3960000276565552;0.15600000321865082
730946.0;0.675000011920929;-0.550000011920929;-0.24900001287460327;-48.6875;6.5;-16.0;-54.0;1573.0;-741.0;188.5;64.1875;68.4375;-0.056640625;-0.5699462890625;0.30889892578125;-0.75927734375;-0.2070000171661377;-0.15300001204013824;-0.406000018119812;0.8830000162124634;-0.3890000283718109;0.17100000381469727
730956.0;0.753000020980835;-0.49400001764297485;-0.2070000171661377;-48.6875;6.5;-16.0;15.0;1594.0;-765.0;190.25;64.375;63.5625;-0.06903076171875;-0.5595703125;0.30169677734375;-0.768798828125;-0.12400000542402267;-0.07400000095367432;-0.4230000078678131;0.8840000629425049;-0.3790000081062317;0.18800000846385956
730966.0;0.7600000500679016;-0.453000009059906;-0.23500001430511475;-48.6875;6.5;-16.0;136.0;1726.0;-1093.0;191.375;64.6875;60.4375;-0.077392578125;-0.5543212890625;0.29559326171875;-0.774169921875;-0.15700000524520874;-0.05100000277161598;-0.4320000112056732;0.8860000371932983;-0.36400002241134644;0.20600001513957977
730976.0;0.7290000319480896;-0.41600000858306885;-0.22500000894069672;-48.6875;6.5;-16.0;233.0;1887.0;-1488.0;192.5625;64.8125;57.125;-0.086181640625;-0.54864501953125;0.28948974609375;-0.77960205078125;-0.31700000166893005;-0.024000000208616257;-0.4520000219345093;0.8870000243186951;-0.3490000069141388;0.22500000894069672
730986.0;0.5700000524520874;-0.37300002574920654;-0.22600001096725464;-48.6875;6.5;-16.0;197.0;1986.0;-1533.0;192.5625;64.8125;57.125;-0.086181640625;-0.54864501953125;0.28948974609375;-0.77960205078125;-0.31700000166893005;-0.024000000208616257;-0.4520000219345093;0.8870000243186951;-0.3490000069141388;0.22500000894069672
730986.0;0.5700000524520874;-0.37300002574920654;-0.22600001096725464;-48.6875;6.5;-16.0;197.0;1986.0;-1533.0;192.5625;64.8125;57.125;-0.086181640625;-0.54864501953125;0.28948974609375;-0.77960205078125;-0.31700000166893005;-0.024000000208616257;-0.4520000219345093;0.8870000243186951;-0.3490000069141388;0.22500000894069672
730996.0;0.5630000233650208;-0.37400001287460327;-0.21800000965595245;-47.1875;3.5;-19.6875;-30.0;2006.0;-1143.0;193.625;64.75;54.1875;-0.09405517578125;-0.54205322265625;0.28533935546875;-0.7847900390625;-0.3230000138282776;-0.03500000014901161;-0.4620000123977661;0.8870000243186951;-0.33900001645088196;0.24400001764297485
731006.0;0.6300000548362732;-0.37400001287460327;-0.20500001311302185;-47.1875;3.5;-19.6875;-274.0;1960.0;-720.0;194.5;64.375;51.8125;-0.10736083984375;-0.527099609375;0.282470703125;-0.79425048828125;-0.19200000166893005;-0.015000000596046448;-0.47600001096725464;0.8800000548362732;-0.3290000259876251;0.27900001406669617
731016.0;0.687000036239624;-0.3440000116825104;-0.19700001180171967;-47.1875;3.5;-19.6875;-418.0;2005.0;-581.0;195.375;63.875;49.625;-0.114501953125;-0.5186767578125;0.28082275390625;-0.79937744140625;-0.22500000894069672;0.021000001579523087;-0.5;0.8760000467300415;-0.3230000138282776;0.2980000078678131
731026.0;0.6500000357627869;-0.3020000159740448;-0.20200000703334808;-47.1875;3.5;-19.6875;-371.0;2196.0;-685.0;196.25;63.3125;47.3125;-0.122314453125;-0.5098876953125;0.2781982421875;-0.80474853515625;-0.26100000739097595;0.03200000151991844;-0.5290000438690186;0.8710000514984131;-0.3160000145435333;0.31800001859664917
731036.0;0.609000027179718;-0.28300002217292786;-0.21000000834465027;-47.1875;3.5;-19.6875;-266.0;2336.0;-848.0;197.25;62.6875;44.75;-0.122314453125;-0.5098876953125;0.2781982421875;-0.80474853515625;-0.26100000739097595;0.03200000151991844;-0.5290000438690186;0.8710000514984131;-0.3160000145435333;0.31800001859664917
731038.0;0.609000027179718;-0.28300002217292786;-0.21000000834465027;-47.1875;3.5;-19.6875;-266.0;2336.0;-848.0;197.25;62.6875;44.75;-0.122314453125;-0.5098876953125;0.2781982421875;-0.80474853515625;-0.26100000739097595;0.03200000151991844;-0.5290000438690186;0.8710000514984131;-0.3160000145435333;0.31800001859664917
731048.0;0.6010000109672546;-0.24500000476837158;-0.21400001645088196;-45.0;1.25;-23.0;-198.0;2425.0;-1104.0;198.375;62.0625;42.0625;-0.131103515625;-0.50103759765625;0.27447509765625;-0.81024169921875;-0.26500001549720764;0.06100000441074371;-0.5550000071525574;0.8660000562667847;-0.3070000112056732;0.3400000035762787
731058.0;0.593000054359436;-0.21700000762939453;-0.20900000631809235;-45.0;1.25;-23.0;-150.0;2562.0;-1405.0;199.625;61.4375;39.0625;-0.14117431640625;-0.491943359375;0.26959228515625;-0.81573486328125;-0.35200002789497375;0.09000000357627869;-0.5890000462532043;0.8550000190734863;-0.281000018119812;0.38700002431869507
731068.0;0.503000020980835;-0.1900000125169754;-0.20100000500679016;-45.0;1.25;-23.0;-95.0;2708.0;-1539.0;200.9375;60.75;35.9375;-0.15191650390625;-0.4822998046875;0.26397705078125;-0.82135009765625;-0.38200002908706665;0.10500000417232513;-0.5950000286102295;0.8480000495910645;-0.2670000195503235;0.41200003027915955
731071.0;0.4660000205039978;-0.16100001335144043;-0.18200001120567322;-45.0;1.25;-23.0;-17.0;2774.0;-1546.0;202.1875;59.875;32.9375;-0.1624755859375;-0.47235107421875;0.25787353515625;-0.8270263671875;-0.3840000033378601;0.11100000888109207;-0.6320000290870667;0.8390000462532043;-0.25300002098083496;0.43800002336502075
731081.0;0.45500001311302185;-0.14100000262260437;-0.1940000057220459;-45.0;1.25;-23.0;135.0;2835.0;-1558.0;203.4375;58.875;30.0;-0.17279052734375;-0.462158203125;0.25091552734375;-0.83282470703125;-0.3840000033378601;0.11100000888109207;-0.6320000290870667;0.8390000462532043;-0.25300002098083496;0.43800002336502075
731091.0;0.46300002932548523;-0.1420000046491623;-0.21400001645088196;-41.25;-0.875;-28.6875;343.0;2997.0;-1507.0;204.5;57.75;27.0625;-0.1824951171875;-0.45123291015625;0.242919921875;-0.839111328125;-0.36500000953674316;0.09600000083446503;-0.6800000071525574;0.8290000557899475;-0.23800000548362732;0.4650000333786011
731101.0;0.4180000126361847;-0.11500000208616257;-0.24700000882148743;-41.25;-0.875;-28.6875;478.0;3188.0;-1371.0;205.5;56.375;24.3125;-0.1915283203125;-0.439208984375;0.23443603515625;-0.8458251953125;-0.398000031709671;0.1080000028014183;-0.7410000562667847;0.8010000586509705;-0.21000000834465027;0.5240000486373901
731106.0;0.4180000126361847;-0.11500000208616257;-0.24700000882148743;-41.25;-0.875;-28.6875;478.0;3188.0;-1371.0;205.5;56.375;24.3125;-0.1915283203125;-0.439208984375;0.23443603515625;-0.8458251953125;-0.398000031709671;0.1080000028014183;-0.7410000562667847;0.8010000586509705;-0.21000000834465027;0.5240000486373901
731116.0;0.3680000305175781;-0.07700000703334808;-0.27400001883506775;-41.25;-0.875;-28.6875;475.0;3413.0;-1271.0;206.375;54.75;21.8125;-0.20025634765625;-0.42596435546875;0.22589111328125;-0.8529052734375;-0.4320000112056732;0.13199999928474426;-0.7990000247955322;0.8010000586509705;-0.21000000834465027;0.5240000486373901
731126.0;0.31300002336502075;-0.036000002175569534;-0.29600000381469727;-41.25;-0.875;-28.6875;398.0;3598.0;-1319.0;207.375;53.0;19.5;-0.2095947265625;-0.41168212890625;0.21728515625;-0.85986328125;-0.4700000286102295;0.1600000113248825;-0.8520000576972961;0.7830000519752502;-0.19700001180171967;0.5550000071525574
731136.0;0.203000009059906;-0.02200000174343586;-0.2510000169277191;-41.25;-0.875;-28.6875;285.0;3815.0;-1479.0;208.4375;51.125;17.3125;-0.219970703125;-0.39630126953125;0.20849609375;-0.86663818359375;-0.5600000023841858;0.1600000113248825;-0.8390000462532043;0.7630000114440918;-0.18300001323223114;0.5870000123977661
731146.0;0.1600000113248825;-0.0820000022649765;-0.203000009059906;-38.0;-3.1875;-34.875;166.0;4136.0;-1624.0;209.6875;49.0;15.25;-0.2315673828125;-0.37921142578125;0.199462890625;-0.87335205078125;-0.5800000429153442;0.0860000029206276;-0.8230000138282776;0.7400000095367432;-0.16900001466274261;0.6200000047683716
731156.0;0.09600000083446503;-0.16300000250339508;-0.17800000309944153;-38.0;-3.1875;-34.875;118.0;4382.0;-1733.0;210.9375;46.6875;13.3125;-0.24383544921875;-0.36090087890625;0.1900634765625;-0.8798828125;-0.6170000433921814;-0.007000000216066837;-0.8320000171661377;0.7130000591278076;-0.1550000011920929;0.6540000438690186
731158.0;0.09600000083446503;-0.16300000250339508;-0.17800000309944153;-38.0;-3.1875;-34.875;118.0;4382.0;-1733.0;210.9375;46.6875;13.3125;-0.24383544921875;-0.36090087890625;0.1900634765625;-0.8798828125;-0.6170000433921814;-0.007000000216066837;-0.8320000171661377;0.7130000591278076;-0.1550000011920929;0.6540000438690186
731168.0;0.01600000075995922;-0.23100000619888306;-0.14400000870227814;-38.0;-3.1875;-34.875;196.0;4468.0;-1788.0;212.25;44.25;11.5625;-0.25616455078125;-0.342041015625;0.179931640625;-0.885986328125;-0.6680000424385071;-0.09100000560283661;-0.8320000171661377;0.6840000152587891;-0.14000000059604645;0.687000036239624
731178.0;-0.13900001347064972;-0.30400002002716064;-0.018000001087784767;-38.0;-3.1875;-34.875;455.0;4448.0;-1749.0;213.375;41.8125;9.8125;-0.2677001953125;-0.32342529296875;0.1685791015625;-0.89178466796875;-0.7930000424385071;-0.17900000512599945;-0.737000048160553;0.6540000438690186;-0.125;0.7190000414848328
731188.0;-0.2200000137090683;-0.2930000126361847;0.0690000057220459;-38.0;-3.1875;-34.875;854.0;4394.0;-1602.0;214.3125;39.3125;8.125;-0.277587890625;-0.3052978515625;0.155517578125;-0.89752197265625;-0.843000054359436;-0.1850000023841858;-0.6800000071525574;0.6220000386238098;-0.10700000822544098;0.7500000596046448
731191.0;-0.30100002884864807;-0.2550000250339508;0.13199999928474426;-29.6875;-6.5;-41.875;1353.0;4411.0;-1433.0;215.0625;36.8125;6.375;-0.2857666015625;-0.2874755859375;0.14031982421875;-0.90338134765625;-0.8890000581741333;-0.16700001060962677;-0.6470000147819519;0.5870000123977661;-0.08700000494718552;0.7800000309944153
731201.0;-0.3500000238418579;-0.20800000429153442;0.15800000727176666;-29.6875;-6.5;-41.875;1900.0;4545.0;-1356.0;215.625;34.125;4.4375;-0.2926025390625;-0.26953125;0.12225341796875;-0.9093017578125;-0.9010000228881836;-0.14400000870227814;-0.6500000357627869;0.550000011920929;-0.06300000101327896;0.8080000281333923
731211.0;-0.4350000321865082;-0.1210000067949295;0.23600001633167267;-29.6875;-6.5;-41.875;2403.0;4618.0;-1441.0;216.1875;31.4375;2.3125;-0.2989501953125;-0.25189208984375;0.10150146484375;-0.914794921875;-0.9470000267028809;-0.08700000494718552;-0.5990000367164612;0.5110000371932983;-0.03400000184774399;0.8350000381469727
731221.0;-0.4870000183582306;-0.0690000057220459;0.29500001668930054;-29.6875;-6.5;-41.875;2721.0;4668.0;-1679.0;216.75;28.625;0.0625;-0.3057861328125;-0.23443603515625;0.0787353515625;-0.91943359375;-0.9570000171661377;-0.06800000369548798;-0.5649999976158142;0.4700000286102295;-0.0010000000474974513;0.8600000143051147
731227.0;-0.4870000183582306;-0.0690000057220459;0.29500001668930054;-29.6875;-6.5;-41.875;2721.0;4668.0;-1679.0;216.75;28.625;0.0625;-0.3057861328125;-0.23443603515625;0.0787353515625;-0.91943359375;-0.9570000171661377;-0.06800000369548798;-0.5649999976158142;0.4700000286102295;-0.0010000000474974513;0.8600000143051147
731237.0;-0.527999997138977;-0.007000000216066837;0.36100003123283386;-29.6875;-6.5;-41.875;2833.0;4732.0;-1963.0;217.5;25.75;-2.1875;-0.31365966796875;-0.216796875;0.05487060546875;-0.9228515625;-0.9540000557899475;-0.04100000113248825;-0.5200000405311584;0.42600002884864807;0.032999999821186066;0.8820000290870667
731247.0;-0.6080000400543213;0.14600001275539398;0.5270000100135803;-20.0;-11.25;-43.5625;2690.0;4715.0;-2220.0;218.4375;22.8125;-4.3125;-0.32257080078125;-0.19879150390625;0.03143310546875;-0.92486572265625;-0.9890000224113464;0.07800000160932541;-0.37300002574920654;0.3800000250339508;0.06800000369548798;0.9010000228881836
731257.0;-0.6080000400543213;0.14600001275539398;0.5270000100135803;-20.0;-11.25;-43.5625;2301.0;4721.0;-2475.0;219.5;19.8125;-6.1875;-0.3328857421875;-0.17999267578125;0.009521484375;-0.92559814453125;-0.984000027179718;0.1080000028014183;-0.34700000286102295;0.3330000042915344;0.10000000149011612;0.9160000681877136
731267.0;-0.6510000228881836;0.20800000429153442;0.5690000057220459;-20.0;-11.25;-43.5625;1695.0;4804.0;-2727.0;220.8125;16.75;-7.625;-0.34466552734375;-0.1595458984375;-0.009765625;-0.92498779296875;-0.9810000658035278;0.125;-0.33800002932548523;0.28200000524520874;0.125;0.9300000667572021
731277.0;-0.6980000138282776;0.25;0.5910000205039978;-20.0;-11.25;-43.5625;953.0;4906.0;-2982.0;222.375;13.5625;-8.625;-0.3580322265625;-0.13714599609375;-0.02587890625;-0.9232177734375;-0.9960000514984131;0.1380000114440918;-0.3450000286102295;0.23000000417232513;0.14300000667572021;0.9420000314712524
731285.0;-0.76500004529953;0.281000018119812;0.5960000157356262;-20.0;-11.25;-43.5625;200.0;5042.0;-3227.0;224.0625;10.25;-9.0625;-0.37274169921875;-0.1124267578125;-0.0386962890625;-0.9202880859375;-1.1069999933242798;0.0820000022649765;-0.38600000739097595;0.17400000989437103;0.15200001001358032;0.9520000219345093
731295.0;-0.9320000410079956;0.23400001227855682;0.5660000443458557;-20.0;-11.25;-43.5625;200.0;5042.0;-3227.0;225.875;6.8125;-9.0;-0.38818359375;-0.08563232421875;-0.0487060546875;-0.91632080078125;-1.1340000629425049;0.026000000536441803;-0.4280000329017639;0.11600000411272049;0.15200001001358032;0.9610000252723694
731305.0;-1.0170000791549683;0.17900000512599945;0.5330000519752502;-7.0625;-17.5625;-45.1875;-441.0;5180.0;-3387.0;227.6875;3.3125;-8.5625;-0.4031982421875;-0.05731201171875;-0.05670166015625;-0.91156005859375;-1.1480000019073486;-0.04400000348687172;-0.46300002932548523;0.05700000375509262;0.14600001275539398;0.9670000672340393
731315.0;-1.0910000801086426;0.10200000554323196;0.5040000081062317;-7.0625;-17.5625;-45.1875;-1146.0;5330.0;-3102.0;229.375;-0.0625;-7.9375;-0.41668701171875;-0.0283203125;-0.0634765625;-0.9063720703125;-1.1540000438690186;-0.1120000034570694;-0.46300002932548523;-0.0010000000474974513;0.13500000536441803;0.971000075340271
731325.0;-1.156000018119812;0.02200000174343586;0.5070000290870667;-7.0625;-17.5625;-45.1875;-1267.0;5308.0;-2721.0;230.75;-3.4375;-7.125;-0.4278564453125;0.00079345703125;-0.0694580078125;-0.90118408203125;-1.1970000267028809;-0.1550000011920929;-0.36400002241134644;-0.05900000408291817;0.12200000882148743;0.971000075340271
731328.0;-1.156000018119812;0.02200000174343586;0.5070000290870667;-7.0625;-17.5625;-45.1875;-1267.0;5308.0;-2721.0;230.75;-3.4375;-7.125;-0.4278564453125;0.00079345703125;-0.0694580078125;-0.90118408203125;-1.1970000267028809;-0.1550000011920929;-0.36400002241134644;-0.05900000408291817;0.12200000882148743;0.971000075340271
731338.0;-1.2570000886917114;-0.032999999821186066;0.6060000061988831;-7.0625;-17.5625;-45.1875;-1329.0;5274.0;-2364.0;232.0;-6.8125;-6.25;-0.43695068359375;0.02972412109375;-0.074951171875;-0.8958740234375;-1.2050000429153442;-0.11700000613927841;-0.30300000309944153;-0.11600000411272049;0.10600000619888306;0.9670000672340393
731348.0;-1.3220000267028809;-0.01100000087171793;0.6640000343322754;-7.0625;-17.5625;-45.1875;-1329.0;5274.0;-2364.0;232.0;-6.8125;-6.25;-0.43695068359375;0.02972412109375;-0.074951171875;-0.8958740234375;-1.246000051498413;-0.06100000441074371;-0.23800000548362732;-0.1720000058412552;0.08900000154972076;0.9610000252723694
731358.0;-1.4190000295639038;0.027000000700354576;0.7230000495910645;10.375;-18.25;-43.1875;-1362.0;5278.0;-2122.0;233.0625;-10.125;-5.25;-0.44451904296875;0.05865478515625;-0.080322265625;-0.8902587890625;-1.2740000486373901;-0.013000000268220901;-0.16900001466274261;-0.22700001299381256;0.07100000232458115;0.9510000348091125
731368.0;-1.5010000467300415;0.05700000375509262;0.781000018119812;10.375;-18.25;-43.1875;-1344.0;5320.0;-1835.0;235.0;-16.8125;-3.125;-0.45703125;0.11737060546875;-0.09130859375;-0.876953125;-1.284000039100647;-0.08300000429153442;-0.10900000482797623;-0.28300002217292786;0.05100000277161598;0.937000036239624
731376.0;-1.568000078201294;-0.03100000135600567;0.8270000219345093;10.375;-18.25;-43.1875;-1407.0;5473.0;-2170.0;236.75;-20.1875;-1.5625;-0.46795654296875;0.14801025390625;-0.09521484375;-0.86602783203125;-1.3250000476837158;-0.10100000351667404;-0.08500000089406967;-0.33800002932548523;0.02500000037252903;0.9190000295639038
731386.0;-1.6640000343322754;-0.07500000298023224;0.8340000510215759;10.375;-18.25;-43.1875;-1564.0;5481.0;-3210.0;238.375;-23.4375;-0.0625;-0.477783203125;0.17706298828125;-0.099609375;-0.85467529296875;-1.2720000743865967;-0.1290000081062317;0.0010000000474974513;-0.39000001549720764;0.0010000000474974513;0.8990000486373901
731396.0;-1.662000060081482;-0.12800000607967377;0.9010000228881836;10.375;-18.25;-43.1875;-1379.0;5301.0;-3013.0;238.375;-23.4375;-0.0625;-0.477783203125;0.17706298828125;-0.099609375;-0.85467529296875;-1.2720000743865967;-0.1290000081062317;0.0010000000474974513;-0.39000001549720764;0.0010000000474974513;0.8990000486373901
731406.0;-1.6350001096725464;-0.2200000137090683;1.096000075340271;23.875;-13.75;-39.875;-1201.0;5184.0;-2598.0;239.8125;-26.5;1.375;-0.48541259765625;0.2047119140625;-0.10479736328125;-0.843505859375;-1.1970000267028809;-0.1980000138282776;0.21900001168251038;-0.43800002336502075;-0.021000001579523087;0.8760000467300415
731416.0;-1.6500000953674316;-0.20000000298023224;1.156000018119812;23.875;-13.75;-39.875;-784.0;5193.0;-2570.0;241.3125;-29.625;2.75;-0.50140380859375;0.2559814453125;-0.12164306640625;-0.81744384765625;-1.1740000247955322;-0.17800000309944153;0.2990000247955322;-0.5300000309944153;-0.0560000017285347;0.8230000138282776
731419.0;-1.6500000953674316;-0.20000000298023224;1.156000018119812;23.875;-13.75;-39.875;-784.0;5193.0;-2570.0;241.3125;-29.625;2.75;-0.50140380859375;0.2559814453125;-0.12164306640625;-0.81744384765625;-1.1740000247955322;-0.17800000309944153;0.2990000247955322;-0.5300000309944153;-0.0560000017285347;0.8230000138282776
731429.0;-1.7040001153945923;-0.23500001430511475;1.1220000982284546;23.875;-13.75;-39.875;-96.0;5258.0;-2730.0;243.0;-32.6875;3.9375;-0.5091552734375;0.27691650390625;-0.1365966796875;-0.80340576171875;-1.1490000486373901;-0.24800001084804535;0.2639999985694885;-0.5720000267028809;-0.06100000441074371;0.7930000424385071
731439.0;-1.7220001220703125;-0.30900001525878906;1.058000087738037;23.875;-13.75;-39.875;1032.0;5174.0;-2292.0;244.6875;-35.6875;4.375;-0.5174560546875;0.2943115234375;-0.15643310546875;-0.78814697265625;-1.0950000286102295;-0.08300000429153442;0.1730000078678131;-0.6130000352859497;-0.0560000017285347;0.7620000243186951
731449.0;-1.7090001106262207;-0.14000000059604645;0.9360000491142273;23.875;-13.75;-39.875;2180.0;5138.0;-2150.0;246.5625;-38.6875;4.25;-0.5174560546875;0.2943115234375;-0.15643310546875;-0.78814697265625;-1.0950000286102295;-0.08300000429153442;0.1730000078678131;-0.6130000352859497;-0.0560000017285347;0.7620000243186951
731459.0;-1.662000060081482;-0.0950000062584877;0.8600000143051147;35.6875;-6.5;-32.375;3219.0;5211.0;-2220.0;248.6875;-41.75;3.625;-0.527099609375;0.308837890625;-0.1805419921875;-0.77081298828125;-1.0090000629425049;-0.049000002443790436;0.1300000101327896;-0.6530000567436218;-0.046000003814697266;0.7290000319480896
731469.0;-1.627000093460083;-0.14600001275539398;0.8280000686645508;35.6875;-6.5;-32.375;4292.0;5268.0;-1880.0;250.9375;-44.875;2.25;-0.536376953125;0.31988525390625;-0.20947265625;-0.75238037109375;-0.9630000591278076;-0.1730000078678131;0.11600000411272049;-0.7300000190734863;-0.003000000026077032;0.6540000438690186
731474.0;-1.6940001249313354;-0.17600001394748688;0.7700000405311584;35.6875;-6.5;-32.375;5201.0;5379.0;-1697.0;253.3125;-48.125;0.25;-0.54547119140625;0.328125;-0.24224853515625;-0.732177734375;-1.1040000915527344;0.01100000087171793;0.04000000283122063;-0.76500004529953;0.023000001907348633;0.612000048160553
731484.0;-1.8700001239776611;0.03400000184774399;0.6520000100135803;35.6875;-6.5;-32.375;5697.0;5272.0;-1399.0;255.75;-51.3125;-2.1875;-0.55352783203125;0.3336181640625;-0.27679443359375;-0.71112060546875;-1.2110000848770142;0.17500001192092896;0.125;-0.7970000505447388;0.04700000211596489;0.5690000057220459
731494.0;-2.008000135421753;0.22200001776218414;0.6940000057220459;35.6875;-6.5;-32.375;5561.0;4949.0;-1331.0;258.1875;-54.375;-4.75;-0.5606689453125;0.33758544921875;-0.3095703125;-0.6898193359375;-1.2110000848770142;0.17500001192092896;0.125;-0.7970000505447388;0.04700000211596489;0.5690000057220459
731504.0;-1.933000087738037;0.35100001096725464;0.6990000605583191;43.875;-5.0;-21.375;5399.0;4560.0;-1548.0;260.75;-57.1875;-7.0625;-0.56805419921875;0.34051513671875;-0.3397216796875;-0.66778564453125;-1.1090000867843628;0.28600001335144043;0.1720000058412552;-0.8240000605583191;0.0650000050663948;0.5260000228881836
731514.0;-1.9100000858306885;0.3360000252723694;0.6920000314712524;43.875;-5.0;-21.375;5458.0;4264.0;-1663.0;263.5;-59.875;-9.3125;-0.57568359375;0.3419189453125;-0.36846923828125;-0.6448974609375;-1.062000036239624;0.25600001215934753;0.2070000171661377;-0.8680000305175781;0.09800000488758087;0.4440000355243683
731518.0;-1.9100000858306885;0.3360000252723694;0.6920000314712524;43.875;-5.0;-21.375;5458.0;4264.0;-1663.0;263.5;-59.875;-9.3125;-0.57568359375;0.3419189453125;-0.36846923828125;-0.6448974609375;-1.062000036239624;0.25600001215934753;0.2070000171661377;-0.8680000305175781;0.09800000488758087;0.4440000355243683
731528.0;-1.8380000591278076;0.25200000405311584;0.6690000295639038;43.875;-5.0;-21.375;6062.0;3821.0;-1292.0;266.3125;-62.3125;-12.375;-0.58319091796875;0.3387451171875;-0.39813232421875;-0.621826171875;-0.9690000414848328;0.15400001406669617;0.22500000894069672;-0.8680000305175781;0.09800000488758087;0.4440000355243683
731538.0;-1.7810001373291016;0.33100003004074097;0.5960000157356262;43.875;-5.0;-21.375;7359.0;3737.0;-1330.0;269.6875;-64.6875;-16.4375;-0.59228515625;0.33087158203125;-0.43096923828125;-0.594970703125;-0.8940000534057617;0.2120000123977661;0.1940000057220459;-0.8860000371932983;0.11800000816583633;0.4010000228881836
731548.0;-1.7890000343322754;0.5560000538825989;0.48500001430511475;43.875;-5.0;-21.375;8484.0;3661.0;-1345.0;273.6875;-67.0625;-21.4375;-0.60223388671875;0.3184814453125;-0.4661865234375;-0.56439208984375;-0.8850000500679016;0.41600000858306885;0.1300000101327896;-0.9030000567436218;0.13900001347064972;0.35500001907348633
731551.0;-1.7940000295639038;0.921000063419342;0.3540000021457672;51.25;-5.6875;-6.0625;8659.0;3139.0;-792.0;277.5625;-68.9375;-27.5625;-0.6107177734375;0.30194091796875;-0.5;-0.53466796875;-0.878000020980835;0.7580000162124634;0.04200000315904617;-0.9150000214576721;0.16200000047683716;0.3110000193119049
731561.0;-1.7480000257492065;1.0230000019073486;0.398000031709671;51.25;-5.6875;-6.0625;7999.0;2388.0;-391.0;281.125;-70.3125;-33.8125;-0.61767578125;0.28363037109375;-0.5291748046875;-0.50799560546875;-0.8240000605583191;0.8390000462532043;0.12400000542402267;-0.9230000376701355;0.18300001323223114;0.27300000190734863
731571.0;-1.6470000743865967;1.0630000829696655;0.4360000193119049;51.25;-5.6875;-6.0625;7079.0;1853.0;-752.0;284.5625;-71.5;-39.0;-0.6246337890625;0.26739501953125;-0.5526123046875;-0.48260498046875;-0.7170000076293945;0.8670000433921814;0.1940000057220459;-0.9300000667572021;0.19500000774860382;0.2410000115633011
731581.0;-1.5250000953674316;1.0360000133514404;0.42900002002716064;51.25;-5.6875;-6.0625;6129.0;1717.0;-1508.0;288.1875;-72.875;-42.625;-0.6317138671875;0.25579833984375;-0.57147216796875;-0.45709228515625;-0.5879999995231628;0.8400000333786011;0.21700000762939453;-0.937000036239624;0.19500000774860382;0.2110000103712082
731585.0;-1.5250000953674316;1.0360000133514404;0.42900002002716064;51.25;-5.6875;-6.0625;6129.0;1717.0;-1508.0;288.1875;-72.875;-42.625;-0.6317138671875;0.25579833984375;-0.57147216796875;-0.45709228515625;-0.5879999995231628;0.8400000333786011;0.21700000762939453;-0.937000036239624;0.19500000774860382;0.2110000103712082
731595.0;-1.4420000314712524;0.9080000519752502;0.44300001859664917;51.25;-5.6875;-6.0625;5033.0;1641.0;-2074.0;291.75;-74.4375;-44.9375;-0.6383056640625;0.2491455078125;-0.58599853515625;-0.43255615234375;-0.4970000088214874;0.7230000495910645;0.2580000162124634;-0.9440000653266907;0.1850000023841858;0.1850000023841858
731605.0;-1.4450000524520874;0.8210000395774841;0.4580000340938568;51.6875;-3.75;1.5625;4064.0;1521.0;-2307.0;295.0;-76.125;-46.1875;-0.64398193359375;0.2459716796875;-0.59716796875;-0.4100341796875;-0.4930000305175781;0.6520000100135803;0.29600000381469727;-0.9520000219345093;0.16900001466274261;0.16200000047683716
731615.0;-1.4620000123977661;0.6950000524520874;0.4480000138282776;51.6875;-3.75;1.5625;3375.0;1366.0;-2355.0;298.0;-77.6875;-46.5625;-0.64898681640625;0.24481201171875;-0.60589599609375;-0.3895263671875;-0.503000020980835;0.5440000295639038;0.3050000071525574;-0.9580000638961792;0.1510000079870224;0.14300000667572021
731623.0;-1.443000078201294;0.5040000081062317;0.398000031709671;51.6875;-3.75;1.5625;2891.0;1069.0;-2151.0;300.75;-79.125;-46.25;-0.65362548828125;0.24395751953125;-0.61260986328125;-0.3714599609375;-0.48000001907348633;0.3710000216960907;0.2710000276565552;-0.9630000591278076;0.13300000131130219;0.12700000405311584
731633.0;-1.406000018119812;0.4300000071525574;0.3530000150203705;51.6875;-3.75;1.5625;2820.0;787.0;-1881.0;303.3125;-80.25;-45.4375;-0.65826416015625;0.2418212890625;-0.61834716796875;-0.35479736328125;-0.4390000104904175;0.31200000643730164;0.2370000183582306;-0.9660000205039978;0.11800000816583633;0.11600000411272049
731643.0;-1.3840000629425049;0.3710000216960907;0.3140000104904175;51.6875;-3.75;1.5625;2939.0;633.0;-1642.0;305.875;-81.25;-44.5625;-0.66290283203125;0.23809814453125;-0.62384033203125;-0.338623046875;-0.4140000343322754;0.26600000262260437;0.20800000429153442;-0.9690000414848328;0.10400000214576721;0.10600000619888306
731653.0;-1.3840000629425049;0.3710000216960907;0.3140000104904175;51.1875;3.25;7.0;3094.0;535.0;-1380.0;308.3125;-82.0625;-43.9375;-0.66741943359375;0.23272705078125;-0.62939453125;-0.3228759765625;-0.40400001406669617;0.23000000417232513;0.14500001072883606;-0.971000075340271;0.09300000220537186;0.09700000286102295
731663.0;-1.3750001192092896;0.3240000009536743;0.242000013589859;51.1875;3.25;7.0;3323.0;435.0;-1185.0;310.875;-82.75;-43.375;-0.67193603515625;0.22564697265625;-0.63507080078125;-0.30706787109375;-0.39100003242492676;0.19700001180171967;-0.029000001028180122;-0.9720000624656677;0.08500000089406967;0.08900000154972076
731673.0;-1.3640000820159912;0.28200000524520874;0.06000000238418579;51.1875;3.25;7.0;3566.0;309.0;-1135.0;313.5;-83.3125;-4.4375;-0.6768798828125;0.21728515625;-0.64044189453125;-0.2906494140625;-0.38100001215934753;0.2150000035762787;-0.06800000369548798;-0.9740000367164612;0.07600000500679016;0.08300000429153442
731677.0;-1.3640000820159912;0.28200000524520874;0.06000000238418579;51.1875;3.25;7.0;3566.0;309.0;-1135.0;313.5;-83.3125;-4.4375;-0.6768798828125;0.21728515625;-0.64044189453125;-0.2906494140625;-0.38100001215934753;0.2150000035762787;-0.06800000369548798;-0.9740000367164612;0.07600000500679016;0.08300000429153442
731687.0;-1.3550000190734863;0.29200002551078796;0.015000000596046448;51.1875;3.25;7.0;3719.0;215.0;-1298.0;316.3125;-83.9375;-3.875;-0.6822509765625;0.20867919921875;-0.64532470703125;-0.27313232421875;-0.3490000069141388;0.24900001287460327;-0.1080000028014183;-0.9750000238418579;0.06599999964237213;0.07800000160932541
731697.0;-1.3240001201629639;0.3160000145435333;-0.030000001192092896;51.1875;3.25;7.0;3704.0;136.0;-1634.0;319.375;-84.625;-3.0625;-0.68804931640625;0.2010498046875;-0.649169921875;-0.25439453125;-0.31300002336502075;0.2970000207424164;-0.1210000067949295;-0.9760000705718994;0.052000001072883606;0.07400000095367432
731707.0;-1.290000081062317;0.3500000238418579;-0.046000003814697266;51.1875;3.25;7.0;3704.0;136.0;-1634.0;322.5625;-85.25;-2.0;-0.69415283203125;0.19537353515625;-0.65179443359375;-0.23492431640625;-0.23100000619888306;0.35600000619888306;-0.20000000298023224;-0.9770000576972961;0.03400000184774399;0.07200000435113907
731717.0;-1.2080000638961792;0.39100003242492676;-0.12700000405311584;51.875;9.1875;7.375;3490.0;61.0;-2034.0;325.75;-85.6875;-0.6875;-0.7000732421875;0.192138671875;-0.65301513671875;-0.2156982421875;-0.19500000774860382;0.38100001215934753;-0.23100000619888306;-0.9770000576972961;0.012000000104308128;0.07100000232458115
731727.0;-1.1730000972747803;0.39400002360343933;-0.15900000929832458;51.875;9.1875;7.375;2646.0;-37.0;-2457.0;328.6875;-85.6875;0.625;-0.70556640625;0.19073486328125;-0.6533203125;-0.197509765625;-0.15700000524520874;0.37300002574920654;-0.24800001084804535;-0.9770000576972961;-0.010000000707805157;0.07200000435113907
731731.0;-1.1350001096725464;0.3620000183582306;-0.17600001394748688;51.875;9.1875;7.375;2298.0;-14.0;-2415.0;331.4375;-85.25;1.9375;-0.7103271484375;0.19049072265625;-0.65313720703125;-0.1805419921875;-0.1290000081062317;0.3490000069141388;-0.23600001633167267;-0.9770000576972961;-0.03400000184774399;0.07200000435113907
731741.0;-1.1060000658035278;0.3150000274181366;-0.16300000250339508;51.875;9.1875;7.375;2166.0;43.0;-2287.0;334.0625;-84.5625;3.25;-0.71441650390625;0.19024658203125;-0.6529541015625;-0.1644287109375;-0.06800000369548798;0.25699999928474426;-0.22200001776218414;-0.9760000705718994;-0.0560000017285347;0.07300000637769699
731751.0;-1.0450000762939453;0.20100000500679016;-0.14800000190734863;51.875;9.1875;7.375;2166.0;43.0;-2287.0;334.0625;-84.5625;3.25;-0.71441650390625;0.19024658203125;-0.6529541015625;-0.1644287109375;-0.09800000488758087;0.2550000250339508;-0.26600000262260437;-0.9740000367164612;-0.07500000298023224;0.07300000637769699
731761.0;-1.0730000734329224;0.17900000512599945;-0.19300000369548798;50.0625;14.0;4.0625;2259.0;157.0;-2092.0;336.5625;-83.8125;4.375;-0.7178955078125;0.1890869140625;-0.6533203125;-0.1485595703125;-0.6500000357627869;1.3450000286102295;1.0329999923706055;-0.9730000495910645;-0.09100000560283661;0.07300000637769699
731765.0;-1.0730000734329224;0.17900000512599945;-0.19300000369548798;50.0625;14.0;4.0625;2259.0;157.0;-2092.0;336.5625;-83.8125;4.375;-0.7178955078125;0.1890869140625;-0.6533203125;-0.1485595703125;-0.6500000357627869;1.3450000286102295;1.0329999923706055;-0.9730000495910645;-0.09100000560283661;0.07300000637769699
731775.0;-1.624000072479248;1.2540000677108765;1.1060000658035278;50.0625;14.0;4.0625;1990.0;187.0;-1660.0;339.875;-83.0;51.4375;-0.72216796875;0.1820068359375;-0.65496826171875;-0.1279296875;0.07200000435113907;3.4100000858306885;-0.2970000207424164;-0.9730000495910645;-0.09300000220537186;0.07400000095367432
731785.0;-0.9000000357627869;3.317000150680542;-0.22300000488758087;50.0625;14.0;4.0625;1728.0;55.0;-333.0;342.0625;-83.375;4.75;-0.72576904296875;0.160888671875;-0.65899658203125;-0.11431884765625;0.2980000078678131;1.4560000896453857;0.024000000208616257;-0.9740000367164612;-0.08100000023841858;0.07800000160932541
731795.0;-0.675000011920929;1.3750001192092896;0.10200000554323196;50.0625;14.0;4.0625;4802.0;66.0;809.0;343.75;-83.6875;3.8125;-0.7294921875;0.1405029296875;-0.6612548828125;-0.10406494140625;0.3540000021457672;0.1980000138282776;-0.1990000158548355;-0.9740000367164612;-0.0650000050663948;0.08400000631809235
731799.0;-0.675000011920929;1.3750001192092896;0.10200000554323196;50.0625;14.0;4.0625;4802.0;66.0;809.0;343.75;-83.6875;3.8125;-0.7294921875;0.1405029296875;-0.6612548828125;-0.10406494140625;0.3540000021457672;0.1980000138282776;-0.1990000158548355;-0.9740000367164612;-0.0650000050663948;0.08400000631809235
731809.0;-0.6200000047683716;0.13199999928474426;-0.11500000208616257;50.0625;14.0;4.0625;4240.0;-279.0;1131.0;343.75;-83.6875;3.8125;-0.7294921875;0.1405029296875;-0.6612548828125;-0.10406494140625;0.3540000021457672;0.1980000138282776;-0.1990000158548355;-0.9740000367164612;-0.0650000050663948;0.08400000631809235
731819.0;-0.7580000162124634;-0.5950000286102295;-0.3070000112056732;48.5;19.6875;2.75;1331.0;2.0;1300.0;343.6875;-84.125;3.0;-0.729736328125;0.13079833984375;-0.6629638671875;-0.10443115234375;0.21700000762939453;-0.5430000424385071;-0.3920000195503235;-0.9750000238418579;-0.05100000277161598;0.08500000089406967
731829.0;-0.9830000400543213;-0.3850000202655792;0.16100001335144043;48.5;19.6875;2.75;-1203.0;-366.0;1060.0;342.375;-84.25;2.375;-0.7298583984375;0.13824462890625;-0.65850830078125;-0.1204833984375;0.06100000441074371;-0.12200000882148743;-0.14600001275539398;-0.9750000238418579;-0.04200000315904617;0.09200000762939453
731833.0;-0.9140000343322754;-0.164000004529953;-0.05300000309944153;48.5;19.6875;2.75;-1927.0;-502.0;103.0;341.25;-84.0;2.4375;-0.73040771484375;0.14483642578125;-0.65655517578125;-0.12017822265625;0.018000001087784767;0.032999999821186066;-0.36400002241134644;-0.9740000367164612;-0.052000001072883606;0.09400000423192978
731843.0;-0.9550000429153442;-0.01900000125169754;-0.27000001072883606;48.5;19.6875;2.75;-898.0;-188.0;-922.0;341.3125;-83.625;3.0625;-0.72857666015625;0.1473388671875;-0.6595458984375;-0.11163330078125;0.006000000052154064;0.05900000408291817;-0.26200002431869507;-0.9740000367164612;-0.06599999964237213;0.08400000631809235
731853.0;-0.9670000672340393;-0.006000000052154064;-0.17800000309944153;48.5;19.6875;2.75;734.0;940.0;-1368.0;342.5625;-83.6875;3.8125;-0.72857666015625;0.1473388671875;-0.6595458984375;-0.11163330078125;0.006000000052154064;0.05900000408291817;-0.26200002431869507;-0.9740000367164612;-0.06599999964237213;0.08400000631809235
731863.0;-1.2680000066757202;0.026000000536441803;-0.13100001215934753;50.375;17.0625;1.875;1186.0;1497.0;-1385.0;344.125;-83.75;4.625;-0.72503662109375;0.1484375;-0.6649169921875;-0.10101318359375;-0.2930000126361847;0.10500000417232513;-0.20100000500679016;-0.9740000367164612;-0.07900000363588333;0.07000000029802322
731867.0;-1.2680000066757202;0.026000000536441803;-0.13100001215934753;50.375;17.0625;1.875;1186.0;1497.0;-1385.0;344.125;-83.75;4.625;-0.72503662109375;0.1484375;-0.6649169921875;-0.10101318359375;-0.2930000126361847;0.10500000417232513;-0.20100000500679016;-0.9740000367164612;-0.07900000363588333;0.07000000029802322
731877.0;-1.2680000066757202;0.08000000566244125;-0.23600001633167267;50.375;17.0625;1.875;228.0;890.0;-1097.0;344.9375;-83.5625;5.25;-0.7218017578125;0.15728759765625;-0.6671142578125;-0.0960693359375;-0.17000000178813934;0.18000000715255737;-0.27300000190734863;-0.9740000367164612;-0.09700000286102295;0.05900000408291817
731887.0;-1.1440000534057617;0.08300000429153442;-0.21400001645088196;50.375;17.0625;1.875;-871.0;124.0;-578.0;344.8125;-83.3125;5.625;-0.7218017578125;0.15728759765625;-0.6671142578125;-0.0960693359375;-0.0430000014603138;0.13300000131130219;-0.15600000321865082;-0.9730000495910645;-0.09700000286102295;0.05900000408291817
731897.0;-1.0170000791549683;0.03500000014901161;-0.09700000286102295;50.375;17.0625;1.875;-1195.0;-96.0;10.0;344.125;-83.3125;5.6875;-0.72113037109375;0.16180419921875;-0.6661376953125;-0.10040283203125;0.05300000309944153;0.08300000429153442;0.0820000022649765;-0.9740000367164612;-0.09300000220537186;0.05700000375509262
731901.0;-0.921000063419342;-0.009000000543892384;0.13900001347064972;50.375;17.0625;1.875;-912.0;85.0;489.0;343.3125;-83.5625;5.4375;-0.71978759765625;0.16357421875;-0.6663818359375;-0.1053466796875;0.05300000309944153;0.08300000429153442;0.0820000022649765;-0.9740000367164612;-0.09300000220537186;0.05700000375509262
731911.0;-0.9320000410079956;0.03400000184774399;0.25300002098083496;48.5;21.5625;2.375;-290.0;373.0;778.0;342.6875;-84.0625;4.9375;-0.7177734375;0.16217041015625;-0.66827392578125;-0.1090087890625;0.04200000315904617;0.11900000274181366;0.20000000298023224;-0.9750000238418579;-0.08500000089406967;0.05300000309944153
731921.0;-0.9670000672340393;0.13700000941753387;0.3230000138282776;48.5;21.5625;2.375;46.0;515.0;896.0;342.1875;-84.6875;4.4375;-0.7154541015625;0.15911865234375;-0.6710205078125;-0.11181640625;0.00800000037997961;0.21300001442432404;0.2750000059604645;-0.9770000576972961;-0.06700000166893005;0.04200000315904617
731931.0;-1.0160000324249268;0.40300002694129944;0.34200000762939453;48.5;21.5625;2.375;27.0;497.0;838.0;341.75;-85.3125;3.9375;-0.71319580078125;0.15631103515625;-0.67364501953125;-0.11444091796875;-0.03800000250339508;0.4710000157356262;0.2990000247955322;-0.9770000576972961;-0.06100000441074371;0.03800000250339508
731935.0;-1.0160000324249268;0.40300002694129944;0.34200000762939453;48.5;21.5625;2.375;27.0;497.0;838.0;341.75;-85.3125;3.9375;-0.71319580078125;0.15631103515625;-0.67364501953125;-0.11444091796875;-0.03800000250339508;0.4710000157356262;0.2990000247955322;-0.9770000576972961;-0.06100000441074371;0.03800000250339508
731945.0;-1.0550000667572021;0.5090000033378601;0.3330000042915344;48.5;21.5625;2.375;-211.0;425.0;589.0;341.25;-85.75;3.5625;-0.711181640625;0.1552734375;-0.67559814453125;-0.1170654296875;-0.07700000703334808;0.5710000395774841;0.29500001668930054;-0.9770000576972961;-0.06100000441074371;0.03800000250339508
731955.0;-1.0860000848770142;0.5920000076293945;0.2980000078678131;48.5;21.5625;2.375;-590.0;357.0;304.0;340.75;-86.0;3.375;-0.709228515625;0.1566162109375;-0.67681884765625;-0.12005615234375;-0.1080000028014183;0.6500000357627869;0.2639999985694885;-0.9780000448226929;-0.058000002056360245;0.03400000184774399
731965.0;-1.1190000772476196;0.6020000576972961;0.26100000739097595;49.25;20.375;4.75;-1011.0;233.0;132.0;340.0625;-86.125;3.3125;-0.70745849609375;0.16009521484375;-0.6771240234375;-0.12396240234375;-0.14000000059604645;0.659000039100647;0.2290000170469284;-0.9780000448226929;-0.05700000375509262;0.03100000135600567
731969.0;-1.1190000772476196;0.6020000576972961;0.26100000739097595;49.25;20.375;4.75;-1011.0;233.0;132.0;340.0625;-86.125;3.3125;-0.70745849609375;0.16009521484375;-0.6771240234375;-0.12396240234375;-0.14000000059604645;0.659000039100647;0.2290000170469284;-0.9780000448226929;-0.05700000375509262;0.03100000135600567
731979.0;-1.1360000371932983;0.4700000286102295;0.1730000078678131;49.25;20.375;4.75;-1332.0;120.0;106.0;339.25;-86.25;3.3125;-0.705810546875;0.16473388671875;-0.6767578125;-0.1290283203125;-0.15700000524520874;0.5270000100135803;0.14400000870227814;-0.9780000448226929;-0.0560000017285347;0.029000001028180122
731989.0;-1.1350001096725464;0.4000000059604645;0.1770000010728836;49.25;20.375;4.75;-1597.0;-37.0;264.0;338.125;-86.375;3.1875;-0.704345703125;0.16973876953125;-0.67578125;-0.1357421875;-0.15600000321865082;0.45500001311302185;0.14900000393390656;-0.9780000448226929;-0.05400000140070915;0.02800000086426735
731999.0;-1.1290000677108765;0.34200000762939453;0.20900000631809235;49.25;20.375;4.75;-1713.0;-244.0;505.0;336.8125;-86.5625;2.875;-0.70330810546875;0.17413330078125;-0.674072265625;-0.1439208984375;-0.15000000596046448;0.3920000195503235;0.17900000512599945;-0.9780000448226929;-0.049000002443790436;0.030000001192092896
732003.0;-1.124000072479248;0.3070000112056732;0.24900001287460327;49.25;20.375;4.75;-1612.0;-364.0;737.0;335.4375;-86.8125;2.5;-0.7025146484375;0.17718505859375;-0.672119140625;-0.15277099609375;-0.14400000870227814;0.3500000238418579;0.2150000035762787;-0.9790000319480896;-0.04200000315904617;0.032999999821186066
732013.0;-1.1440000534057617;0.3140000104904175;0.31200000643730164;48.5;18.875;5.25;-1353.0;-385.0;920.0;334.0625;-87.0625;1.9375;-0.70184326171875;0.17864990234375;-0.67041015625;-0.16131591796875;-0.16500000655651093;0.34700000286102295;0.2760000228881836;-0.9790000319480896;-0.032999999821186066;0.036000002175569534
732023.0;-1.1640000343322754;0.3460000157356262;0.32200002670288086;48.5;18.875;5.25;-1037.0;-387.0;1091.0;332.8125;-87.25;1.3125;-0.7012939453125;0.17828369140625;-0.66912841796875;-0.16937255859375;-0.18400001525878906;0.36900001764297485;0.28200000524520874;-0.9790000319480896;-0.02200000174343586;0.04000000283122063
732033.0;-1.1910001039505005;0.38200002908706665;0.328000009059906;48.5;18.875;5.25;-800.0;-452.0;1252.0;331.5625;-87.3125;0.5625;-0.70098876953125;0.1763916015625;-0.66790771484375;-0.17724609375;-0.2110000103712082;0.3920000195503235;0.28300002217292786;-0.9790000319480896;-0.010000000707805157;0.04400000348687172
732036.0;-1.1910001039505005;0.38200002908706665;0.328000009059906;48.5;18.875;5.25;-800.0;-452.0;1252.0;331.5625;-87.3125;0.5625;-0.70098876953125;0.1763916015625;-0.66790771484375;-0.17724609375;-0.2110000103712082;0.3920000195503235;0.28300002217292786;-0.9790000319480896;-0.010000000707805157;0.04400000348687172
732046.0;-1.227000117301941;0.40800002217292786;0.31800001859664917;48.5;18.875;5.25;-716.0;-543.0;1415.0;330.3125;-87.0;-0.1875;-0.70086669921875;0.17352294921875;-0.66650390625;-0.185546875;-0.24700000882148743;0.40400001406669617;0.2670000195503235;-0.9790000319480896;0.003000000026077032;0.05000000074505806
732056.0;-1.2400000095367432;0.4050000309944153;0.31200000643730164;48.5;18.875;5.25;-741.0;-639.0;1553.0;328.9375;-86.4375;-1.125;-0.700927734375;0.170166015625;-0.664794921875;-0.1944580078125;-0.26100000739097595;0.3850000202655792;0.2550000250339508;-0.9780000448226929;0.01900000125169754;0.05700000375509262
732066.0;-1.2400000095367432;0.4050000309944153;0.31200000643730164;49.6875;16.6875;6.875;-861.0;-723.0;1638.0;327.5;-85.625;-2.0625;-0.700927734375;0.1668701171875;-0.66265869140625;-0.2042236328125;-0.2670000195503235;0.36500000953674316;0.23100000619888306;-0.9770000576972961;0.03500000014901161;0.06400000303983688
732074.0;-1.2450000047683716;0.4010000228881836;0.29600000381469727;49.6875;16.6875;6.875;-1069.0;-797.0;1666.0;325.875;-84.6875;-3.0;-0.700927734375;0.16412353515625;-0.65997314453125;-0.21478271484375;-0.2760000228881836;0.3410000205039978;0.20900000631809235;-0.9760000705718994;0.052000001072883606;0.07300000637769699
732084.0;-1.253000020980835;0.39400002360343933;0.28200000524520874;49.6875;16.6875;6.875;-1351.0;-845.0;1642.0;324.1875;-83.6875;-3.9375;-0.7008056640625;0.16241455078125;-0.65667724609375;-0.226318359375;-0.30800002813339233;0.2710000276565552;0.1080000028014183;-0.9740000367164612;0.06800000369548798;0.08300000429153442
732094.0;-1.283000111579895;0.33900001645088196;0.19100001454353333;49.6875;16.6875;6.875;-1713.0;-889.0;1582.0;322.3125;-82.625;-41.5;-0.70050048828125;0.1622314453125;-0.65264892578125;-0.23883056640625;-0.3320000171661377;0.2160000056028366;0.06599999964237213;-0.9720000624656677;0.0820000022649765;0.09300000220537186
732104.0;-1.3050000667572021;0.2990000247955322;0.1600000113248825;49.6875;16.6875;6.875;-2150.0;-975.0;1529.0;320.25;-81.5625;-42.3125;-0.70001220703125;0.16363525390625;-0.6475830078125;-0.252685546875;-0.367000013589859;0.17100000381469727;0.05000000074505806;-0.9700000286102295;0.09600000083446503;0.10500000417232513
732114.0;-1.3380000591278076;0.2680000066757202;0.15600000321865082;49.6875;16.6875;6.875;-2150.0;-975.0;1529.0;320.25;-81.5625;-42.3125;-0.69952392578125;0.16668701171875;-0.64105224609375;-0.2681884765625;-0.4010000228881836;0.15000000596046448;0.04400000348687172;-0.9670000672340393;0.1080000028014183;0.12000000476837158
732124.0;-1.3680000305175781;0.2590000033378601;0.164000004529953;50.25;12.25;4.75;-2633.0;-1139.0;1503.0;315.5625;-79.25;-41.0625;-0.698974609375;0.171142578125;-0.63299560546875;-0.285400390625;-0.4310000240802765;0.1900000125169754;0.0560000017285347;-0.9630000591278076;0.11900000274181366;0.13700000941753387
732128.0;-1.3680000305175781;0.2590000033378601;0.164000004529953;50.25;12.25;4.75;-2633.0;-1139.0;1503.0;315.5625;-79.25;-41.0625;-0.698974609375;0.171142578125;-0.63299560546875;-0.285400390625;-0.4310000240802765;0.1900000125169754;0.0560000017285347;-0.9630000591278076;0.11900000274181366;0.13700000941753387
732138.0;-1.3950001001358032;0.3100000023841858;0.19300000369548798;50.25;12.25;4.75;-3532.0;-1508.0;1554.0;312.875;-77.9375;-39.5625;-0.69830322265625;0.1766357421875;-0.62335205078125;-0.30426025390625;-0.4440000355243683;0.19600000977516174;0.04200000315904617;-0.9590000510215759;0.1300000101327896;0.15700000524520874
732148.0;-1.4030001163482666;0.3270000219345093;0.20000000298023224;50.25;12.25;4.75;-3907.0;-1702.0;1588.0;310.0625;-76.5625;-37.6875;-0.697509765625;0.18304443359375;-0.61212158203125;-0.324462890625;-0.4520000219345093;0.18700000643730164;0.04200000315904617;-0.9530000686645508;0.13900001347064972;0.18000000715255737
732158.0;-1.406000018119812;0.32600000500679016;0.22200001776218414;50.25;12.25;4.75;-4227.0;-1891.0;1619.0;307.1875;-75.0625;-35.5;-0.696533203125;0.1900634765625;-0.59930419921875;-0.3458251953125;-0.45600003004074097;0.11600000411272049;0.055000003427267075;-0.9470000267028809;0.14600001275539398;0.20500001311302185
732165.0;-1.4030001163482666;0.2630000114440918;0.26100000739097595;50.25;12.25;4.75;-4227.0;-1891.0;1619.0;307.1875;-75.0625;-35.5;-0.696533203125;0.1900634765625;-0.59930419921875;-0.3458251953125;-0.46400001645088196;0.0430000014603138;0.03200000151991844;-0.940000057220459;0.15300001204013824;0.2330000102519989
732175.0;-1.40500009059906;0.19600000977516174;0.26500001549720764;51.75;7.5;3.1875;-4451.0;-2062.0;1659.0;304.1875;-73.4375;-33.25;-0.6953125;0.1973876953125;-0.58502197265625;-0.367919921875;-0.46400001645088196;0.0430000014603138;0.03200000151991844;-0.9310000538825989;0.15800000727176666;0.26200002431869507
732185.0;-1.3990000486373901;0.11500000208616257;0.25699999928474426;51.75;7.5;3.1875;-4463.0;-2196.0;1716.0;298.5;-70.0625;-29.1875;-0.69232177734375;0.20947265625;-0.554443359375;-0.41156005859375;-0.45900002121925354;-0.11600000411272049;-0.05100000277161598;-0.921000063419342;0.16300000250339508;0.29100000858306885
732195.0;-1.38100004196167;0.046000003814697266;0.23900000751018524;51.75;7.5;3.1875;-4214.0;-2294.0;1758.0;295.9375;-68.25;-27.6875;-0.69091796875;0.21258544921875;-0.53948974609375;-0.4317626953125;-0.40700000524520874;-0.15000000596046448;-0.08900000154972076;-0.9110000729560852;0.1680000126361847;0.32100000977516174
732203.0;-1.318000078201294;0.018000001087784767;0.23100000619888306;51.75;7.5;3.1875;-3753.0;-2377.0;1834.0;293.625;-66.4375;-26.6875;-0.68951416015625;0.213134765625;-0.52545166015625;-0.45062255859375;-0.4010000228881836;-0.1300000101327896;-0.1210000067949295;-0.8980000615119934;0.17600001394748688;0.3500000238418579
732213.0;-1.3000000715255737;0.04500000178813934;0.22800001502037048;51.75;7.5;3.1875;-3208.0;-2404.0;1963.0;293.625;-66.4375;-26.6875;-0.68951416015625;0.213134765625;-0.52545166015625;-0.45062255859375;-0.4010000228881836;-0.1300000101327896;-0.1210000067949295;-0.8980000615119934;0.17600001394748688;0.3500000238418579
732223.0;-1.2850000858306885;0.08100000023841858;0.23500001430511475;52.1875;2.5625;-0.0625;-2668.0;-2411.0;2148.0;291.4375;-64.5;-26.1875;-0.68792724609375;0.21112060546875;-0.51263427734375;-0.46844482421875;-0.4000000059604645;-0.10400000214576721;-0.1420000046491623;-0.8850000500679016;0.1860000044107437;0.37700000405311584
732233.0;-1.2690000534057617;0.12600000202655792;0.2630000114440918;52.1875;2.5625;-0.0625;-2245.0;-2390.0;2295.0;289.375;-62.625;-26.0625;-0.68389892578125;0.20196533203125;-0.48956298828125;-0.50189208984375;-0.3880000114440918;-0.006000000052154064;-0.12700000405311584;-0.8550000190734863;0.2110000103712082;0.4300000071525574
732243.0;-1.2440000772476196;0.20400001108646393;0.30300000309944153;52.1875;2.5625;-0.0625;-2015.0;-2381.0;2381.0;287.4375;-60.6875;-26.0625;-0.681396484375;0.1961669921875;-0.47833251953125;-0.51806640625;-0.39100003242492676;-0.007000000216066837;-0.12600000202655792;-0.8380000591278076;0.22300000488758087;0.45600003004074097
732253.0;-1.2290000915527344;0.2150000035762787;0.3290000259876251;52.1875;2.5625;-0.0625;-1914.0;-2384.0;2442.0;285.5;-58.75;-26.125;-0.678466796875;0.1900634765625;-0.4671630859375;-0.5341796875;-0.3890000283718109;-0.014000000432133675;-0.14500001072883606;-0.8200000524520874;0.23600001633167267;0.48100003600120544
732256.0;-1.2290000915527344;0.2150000035762787;0.3290000259876251;52.1875;2.5625;-0.0625;-1914.0;-2384.0;2442.0;285.5;-58.75;-26.125;-0.678466796875;0.1900634765625;-0.4671630859375;-0.5341796875;-0.3890000283718109;-0.014000000432133675;-0.14500001072883606;-0.8200000524520874;0.23600001633167267;0.48100003600120544
732266.0;-1.2090001106262207;0.22200001776218414;0.3360000252723694;52.1875;2.5625;-0.0625;-1875.0;-2387.0;2499.0;283.5625;-56.8125;-26.125;-0.678466796875;0.1900634765625;-0.4671630859375;-0.5341796875;-0.3890000283718109;-0.014000000432133675;-0.14500001072883606;-0.8200000524520874;0.23600001633167267;0.48100003600120544
732276.0;-1.1820000410079956;0.2290000170469284;0.3330000042915344;50.375;-3.0;-6.25;-1857.0;-2380.0;2532.0;281.625;-54.8125;-26.0625;-0.67523193359375;0.1837158203125;-0.455810546875;-0.550048828125;-0.38100001215934753;-0.01900000125169754;-0.1730000078678131;-0.8010000586509705;0.24800001084804535;0.5060000419616699
732286.0;-1.1110000610351562;0.2200000137090683;0.3440000116825104;50.375;-3.0;-6.25;-1855.0;-2354.0;2547.0;279.75;-52.875;-26.0;-0.6715087890625;0.17730712890625;-0.44439697265625;-0.5657958984375;-0.32100000977516174;-0.04700000211596489;-0.1860000044107437;-0.7610000371932983;0.26900002360343933;0.5550000071525574
732289.0;-1.1110000610351562;0.2200000137090683;0.3440000116825104;50.375;-3.0;-6.25;-1855.0;-2354.0;2547.0;279.75;-52.875;-26.0;-0.6715087890625;0.17730712890625;-0.44439697265625;-0.5657958984375;-0.32100000977516174;-0.04700000211596489;-0.1860000044107437;-0.7610000371932983;0.26900002360343933;0.5550000071525574
732299.0;-1.0820000171661377;0.22200001776218414;0.36900001764297485;50.375;-3.0;-6.25;-1851.0;-2334.0;2561.0;277.875;-50.9375;-25.875;-0.66748046875;0.17083740234375;-0.43292236328125;-0.581298828125;-0.31700000166893005;-0.05100000277161598;-0.17600001394748688;-0.7400000095367432;0.27900001406669617;0.5790000557899475
732309.0;-1.0570000410079956;0.22700001299381256;0.4020000100135803;50.375;-3.0;-6.25;-1803.0;-2299.0;2561.0;276.0625;-49.0;-25.6875;-0.6630859375;0.16424560546875;-0.4215087890625;-0.59637451171875;-0.3070000112056732;-0.004000000189989805;-0.1510000079870224;-0.718000054359436;0.2880000174045563;0.6010000109672546
732319.0;-1.0260000228881836;0.28300002217292786;0.45000001788139343;50.375;-3.0;-6.25;-1700.0;-2265.0;2527.0;274.25;-47.0625;-25.5625;-0.6585693359375;0.15740966796875;-0.41033935546875;-0.61083984375;-0.3070000112056732;-0.004000000189989805;-0.1510000079870224;-0.718000054359436;0.2880000174045563;0.6010000109672546
732322.0;-1.0099999904632568;0.33400002121925354;0.46300002932548523;49.25;-8.0625;-12.875;-1575.0;-2218.0;2456.0;272.625;-45.25;-25.375;-0.654052734375;0.150390625;-0.39947509765625;-0.62451171875;-0.31300002336502075;0.03700000047683716;-0.15900000929832458;-0.6960000395774841;0.29600000381469727;0.6230000257492065
732332.0;-0.9850000739097595;0.3710000216960907;0.445000022649765;49.25;-8.0625;-12.875;-1464.0;-2188.0;2392.0;271.0625;-43.4375;-25.25;-0.64947509765625;0.1431884765625;-0.388916015625;-0.63751220703125;-0.3100000023841858;0.06700000166893005;-0.19700001180171967;-0.6510000228881836;0.3100000023841858;0.6630000472068787
732342.0;-0.9660000205039978;0.3850000202655792;0.4520000219345093;49.25;-8.0625;-12.875;-1419.0;-2170.0;2367.0;269.5;-41.625;-25.0625;-0.644775390625;0.1358642578125;-0.37841796875;-0.6500244140625;-0.3140000104904175;0.07500000298023224;-0.21000000834465027;-0.6510000228881836;0.3100000023841858;0.6630000472068787
732352.0;-0.9000000357627869;0.37700000405311584;0.5220000147819519;49.25;-8.0625;-12.875;-1472.0;-2187.0;2389.0;267.9375;-39.8125;-24.8125;-0.6397705078125;0.1285400390625;-0.36761474609375;-0.66259765625;-0.2720000147819519;0.06100000441074371;-0.1600000113248825;-0.628000020980835;0.3160000145435333;0.6830000281333923
732355.0;-0.9000000357627869;0.37700000405311584;0.5220000147819519;49.25;-8.0625;-12.875;-1472.0;-2187.0;2389.0;267.9375;-39.8125;-24.8125;-0.6397705078125;0.1285400390625;-0.36761474609375;-0.66259765625;-0.2720000147819519;0.06100000441074371;-0.1600000113248825;-0.628000020980835;0.3160000145435333;0.6830000281333923
732365.0;-0.8790000677108765;0.38100001215934753;0.5700000524520874;49.25;-8.0625;-12.875;-1556.0;-2196.0;2419.0;266.4375;-38.0;-24.5;-0.6343994140625;0.12139892578125;-0.3563232421875;-0.67510986328125;-0.2750000059604645;0.06000000238418579;-0.13199999928474426;-0.6040000319480896;0.320000022649765;0.7020000219345093
732375.0;-0.8650000691413879;0.40700000524520874;0.6050000190734863;45.5;-13.25;-18.6875;-1650.0;-2211.0;2419.0;264.875;-36.1875;-24.125;-0.6287841796875;0.114501953125;-0.344482421875;-0.6876220703125;-0.28600001335144043;0.08400000631809235;-0.11600000411272049;-0.5790000557899475;0.3230000138282776;0.7220000624656677
732385.0;-0.862000048160553;0.4400000274181366;0.6200000047683716;45.5;-13.25;-18.6875;-1750.0;-2233.0;2400.0;263.3125;-34.375;-23.5625;-0.62298583984375;0.1077880859375;-0.33209228515625;-0.70001220703125;-0.30800002813339233;0.11600000411272049;-0.1210000067949295;-0.5530000329017639;0.3240000009536743;0.7410000562667847
732385.0;-0.862000048160553;0.4400000274181366;0.6200000047683716;45.5;-13.25;-18.6875;-1750.0;-2233.0;2400.0;263.3125;-34.375;-23.5625;-0.62298583984375;0.1077880859375;-0.33209228515625;-0.70001220703125;-0.30800002813339233;0.11600000411272049;-0.1210000067949295;-0.5530000329017639;0.3240000009536743;0.7410000562667847
732395.0;-0.831000030040741;0.43800002336502075;0.628000020980835;45.5;-13.25;-18.6875;-1787.0;-2242.0;2408.0;261.75;-32.5;-23.0625;-0.6168212890625;0.10113525390625;-0.3194580078125;-0.71221923828125;-0.30300000309944153;0.11400000751018524;-0.13199999928474426;-0.5270000100135803;0.3230000138282776;0.7600000500679016
732405.0;-0.7970000505447388;0.41600000858306885;0.6630000472068787;45.5;-13.25;-18.6875;-1771.0;-2264.0;2461.0;260.1875;-30.6875;-22.5;-0.6103515625;0.09423828125;-0.306640625;-0.7242431640625;-0.29600000381469727;0.09300000220537186;-0.11500000208616257;-0.5;0.32200002670288086;0.7780000567436218
732415.0;-0.7610000371932983;0.4020000100135803;0.6960000395774841;45.5;-13.25;-18.6875;-1726.0;-2266.0;2587.0;258.625;-28.8125;-22.0;-0.6031494140625;0.0869140625;-0.29400634765625;-0.73638916015625;-0.2880000174045563;0.08000000566244125;-0.10000000149011612;-0.47300001978874207;0.32100000977516174;0.796000063419342
732425.0;-0.7240000367164612;0.398000031709671;0.7450000643730164;40.0;-16.5625;-26.0;-1599.0;-2308.0;2704.0;257.0;-26.9375;-21.5625;-0.5953369140625;0.078857421875;-0.2816162109375;-0.74835205078125;-0.27900001406669617;0.07700000703334808;-0.06700000166893005;-0.4440000355243683;0.32100000977516174;0.812000036239624
732429.0;-0.7240000367164612;0.398000031709671;0.7450000643730164;40.0;-16.5625;-26.0;-1599.0;-2308.0;2704.0;257.0;-26.9375;-21.5625;-0.5953369140625;0.078857421875;-0.2816162109375;-0.74835205078125;-0.27900001406669617;0.07700000703334808;-0.06700000166893005;-0.4440000355243683;0.32100000977516174;0.812000036239624
732439.0;-0.7140000462532043;0.4100000262260437;0.7490000128746033;40.0;-16.5625;-26.0;-1396.0;-2360.0;2710.0;255.375;-25.0;-21.1875;-0.58746337890625;0.06988525390625;-0.269775390625;-0.759765625;-0.2990000247955322;0.08800000697374344;-0.07800000160932541;-0.4140000343322754;0.32100000977516174;0.8280000686645508
732449.0;-0.7080000042915344;0.40800002217292786;0.7400000095367432;40.0;-16.5625;-26.0;-1138.0;-2376.0;2637.0;253.875;-23.0625;-20.9375;-0.5797119140625;0.06005859375;-0.25872802734375;-0.77032470703125;-0.3230000138282776;0.08500000089406967;-0.10100000351667404;-0.3840000033378601;0.32200002670288086;0.8420000672340393
732459.0;-0.6980000138282776;0.3960000276565552;0.7600000500679016;40.0;-16.5625;-26.0;-840.0;-2400.0;2590.0;252.5;-21.1875;-20.8125;-0.57208251953125;0.04937744140625;-0.24871826171875;-0.77996826171875;-0.3440000116825104;0.07100000232458115;-0.09300000220537186;-0.3540000021457672;0.32500001788139343;0.8540000319480896
732463.0;-0.6690000295639038;0.43800002336502075;0.8270000219345093;40.0;-16.5625;-26.0;-558.0;-2451.0;2626.0;251.125;-19.1875;-20.8125;-0.56427001953125;0.0374755859375;-0.23968505859375;-0.7891845703125;-0.3460000157356262;0.1080000028014183;-0.03800000250339508;-0.3230000138282776;0.3290000259876251;0.8650000691413879
732473.0;-0.6690000295639038;0.43800002336502075;0.8270000219345093;33.25;-18.5;-30.6875;-347.0;-2485.0;2722.0;249.6875;-17.25;-20.9375;-0.555908203125;0.02471923828125;-0.2313232421875;-0.79803466796875;-0.36400002241134644;0.1340000033378601;-0.029000001028180122;-0.2900000214576721;0.33500000834465027;0.8740000128746033
732483.0;-0.6550000309944153;0.4690000116825104;0.8440000414848328;33.25;-18.5;-30.6875;-244.0;-2515.0;2800.0;248.25;-15.1875;-21.0625;-0.5469970703125;0.01141357421875;-0.2232666015625;-0.80670166015625;-0.3830000162124634;0.15300001204013824;-0.017000000923871994;-0.25699999928474426;0.3400000035762787;0.8820000290870667
732493.0;-0.6410000324249268;0.49400001764297485;0.8640000224113464;33.25;-18.5;-30.6875;-272.0;-2535.0;2819.0;246.8125;-13.125;-21.1875;-0.537841796875;-0.00189208984375;-0.21490478515625;-0.815185546875;-0.3930000066757202;0.164000004529953;-0.006000000052154064;-0.22300000488758087;0.3450000286102295;0.89000004529953
732497.0;-0.6410000324249268;0.49400001764297485;0.8640000224113464;33.25;-18.5;-30.6875;-272.0;-2535.0;2819.0;246.8125;-13.125;-21.1875;-0.537841796875;-0.00189208984375;-0.21490478515625;-0.815185546875;-0.3930000066757202;0.164000004529953;-0.006000000052154064;-0.22300000488758087;0.3450000286102295;0.89000004529953
732507.0;-0.6170000433921814;0.5100000500679016;0.8840000629425049;33.25;-18.5;-30.6875;-417.0;-2550.0;2810.0;245.375;-11.125;-21.125;-0.528564453125;-0.014892578125;-0.20574951171875;-0.82342529296875;-0.3700000047683716;0.12600000202655792;0.055000003427267075;-0.18900001049041748;0.34700000286102295;0.8970000147819519
732517.0;-0.5590000152587891;0.4740000367164612;0.9520000219345093;33.25;-18.5;-30.6875;-602.0;-2570.0;2805.0;243.9375;-9.0625;-21.0;-0.51910400390625;-0.02740478515625;-0.19573974609375;-0.83154296875;-0.3850000202655792;0.10000000149011612;0.07600000500679016;-0.15400001406669617;0.34700000286102295;0.9040000438690186
732527.0;-0.5400000214576721;0.44700002670288086;0.9800000190734863;33.25;-18.5;-30.6875;-602.0;-2570.0;2805.0;242.4375;-6.9375;-20.6875;-0.5093994140625;-0.03961181640625;-0.184814453125;-0.8394775390625;-0.4000000059604645;0.0860000029206276;0.08300000429153442;-0.11900000274181366;0.34300002455711365;0.9100000262260437
732531.0;-0.5190000534057617;0.42900002002716064;0.9940000176429749;25.5;-22.1875;-34.375;-764.0;-2595.0;2817.0;241.0;-4.875;-20.25;-0.49951171875;-0.0517578125;-0.1732177734375;-0.84722900390625;-0.40700000524520874;0.07800000160932541;0.08000000566244125;-0.08300000429153442;0.33800002932548523;0.9160000681877136
732541.0;-0.4910000264644623;0.41700002551078796;0.9970000386238098;25.5;-22.1875;-34.375;-906.0;-2665.0;2832.0;239.5625;-2.75;-19.75;-0.48944091796875;-0.0638427734375;-0.16131591796875;-0.8546142578125;-0.35600000619888306;0.049000002443790436;0.046000003814697266;-0.04700000211596489;0.33100003004074097;0.921000063419342
732551.0;-0.40300002694129944;0.38100001215934753;0.968000054359436;25.5;-22.1875;-34.375;-912.0;-2668.0;2825.0;238.125;-0.6875;-19.25;-0.47918701171875;-0.075927734375;-0.14935302734375;-0.861572265625;-0.34700000286102295;0.02800000086426735;0.0690000057220459;-0.012000000104308128;0.3230000138282776;0.9250000715255737
732561.0;-0.359000027179718;0.35100001096725464;0.9950000643730164;25.5;-22.1875;-34.375;-902.0;-2651.0;2819.0;236.6875;1.3125;-18.6875;-0.46868896484375;-0.087890625;-0.13739013671875;-0.8681640625;-0.3450000286102295;-0.004000000189989805;0.06800000369548798;0.023000001907348633;0.3140000104904175;0.9280000329017639
732565.0;-0.359000027179718;0.35100001096725464;0.9950000643730164;25.5;-22.1875;-34.375;-902.0;-2651.0;2819.0;236.6875;1.3125;-18.6875;-0.46868896484375;-0.087890625;-0.13739013671875;-0.8681640625;-0.3450000286102295;-0.004000000189989805;0.06800000369548798;0.023000001907348633;0.3140000104904175;0.9280000329017639
732575.0;-0.32200002670288086;0.3100000023841858;0.9960000514984131;25.5;-22.1875;-34.375;-902.0;-2651.0;2819.0;236.6875;1.3125;-18.6875;-0.46868896484375;-0.087890625;-0.13739013671875;-0.8681640625;-0.31800001859664917;-0.052000001072883606;0.0650000050663948;0.058000002056360245;0.3050000071525574;0.9300000667572021
732585.0;-0.2600000202655792;0.25200000405311584;0.9960000514984131;16.875;-23.375;-40.5;-869.0;-2633.0;2761.0;235.3125;3.375;-18.125;-0.458251953125;-0.09979248046875;-0.12554931640625;-0.87420654296875;-0.31800001859664917;-0.0430000014603138;0.07500000298023224;0.09200000762939453;0.29500001668930054;0.9300000667572021
732595.0;-0.22500000894069672;0.2510000169277191;1.00600004196167;16.875;-23.375;-40.5;-792.0;-2633.0;2678.0;232.625;7.375;-17.0625;-0.43768310546875;-0.1240234375;-0.10321044921875;-0.884521484375;-0.3230000138282776;-0.02200000174343586;0.05700000375509262;0.12600000202655792;0.2850000262260437;0.9290000200271606
732599.0;-0.22500000894069672;0.2510000169277191;1.00600004196167;16.875;-23.375;-40.5;-792.0;-2633.0;2678.0;232.625;7.375;-17.0625;-0.43768310546875;-0.1240234375;-0.10321044921875;-0.884521484375;-0.3230000138282776;-0.02200000174343586;0.05700000375509262;0.12600000202655792;0.2850000262260437;0.9290000200271606
732609.0;-0.19600000977516174;0.2630000114440918;0.987000048160553;16.875;-23.375;-40.5;-668.0;-2634.0;2627.0;231.3125;9.375;-16.5625;-0.42718505859375;-0.1363525390625;-0.0927734375;-0.8890380859375;-0.32200002670288086;-0.005000000353902578;0.0430000014603138;0.15900000929832458;0.2750000059604645;0.9270000457763672
732619.0;-0.16200000047683716;0.27000001072883606;0.971000075340271;16.875;-23.375;-40.5;-567.0;-2620.0;2614.0;230.0;11.3125;-16.0625;-0.4166259765625;-0.148681640625;-0.08270263671875;-0.89300537109375;-0.28600001335144043;0.0010000000474974513;0.03500000014901161;0.19200000166893005;0.26600000262260437;0.9230000376701355
732629.0;-0.09300000220537186;0.2680000066757202;0.9590000510215759;16.875;-23.375;-40.5;-495.0;-2610.0;2582.0;230.0;11.3125;-16.0625;-0.4166259765625;-0.148681640625;-0.08270263671875;-0.89300537109375;-0.28600001335144043;0.0010000000474974513;0.03500000014901161;0.19200000166893005;0.26600000262260437;0.9230000376701355
732633.0;-0.05900000408291817;0.2670000195503235;0.940000057220459;6.875;-23.0625;-41.375;-460.0;-2597.0;2502.0;228.75;13.25;-15.5625;-0.40625;-0.1610107421875;-0.07281494140625;-0.89654541015625;-0.2840000092983246;0.010000000707805157;0.020000001415610313;0.22500000894069672;0.25600001215934753;0.9190000295639038
732643.0;-0.030000001192092896;0.26200002431869507;0.9270000457763672;6.875;-23.0625;-41.375;-437.0;-2588.0;2399.0;226.3125;17.0;-14.5;-0.38629150390625;-0.18524169921875;-0.0535888671875;-0.9019775390625;-0.28600001335144043;0.023000001907348633;-0.01600000075995922;0.28700000047683716;0.23500001430511475;0.9070000648498535
732653.0;0.0;0.2580000162124634;0.8910000324249268;6.875;-23.0625;-41.375;-428.0;-2571.0;2323.0;226.3125;17.0;-14.5;-0.376708984375;-0.19720458984375;-0.04412841796875;-0.904052734375;-0.24500000476837158;0.0010000000474974513;-0.06200000271201134;0.31700000166893005;0.22300000488758087;0.9000000357627869
732663.0;0.07100000232458115;0.22500000894069672;0.8380000591278076;6.875;-23.0625;-41.375;-424.0;-2567.0;2250.0;225.1875;18.8125;-13.9375;-0.3673095703125;-0.208984375;-0.03485107421875;-0.9056396484375;-0.25300002098083496;-0.004000000189989805;-0.0990000069141388;0.3460000157356262;0.2120000123977661;0.8920000195503235
732667.0;0.07100000232458115;0.22500000894069672;0.8380000591278076;6.875;-23.0625;-41.375;-424.0;-2567.0;2250.0;225.1875;18.8125;-13.9375;-0.3673095703125;-0.208984375;-0.03485107421875;-0.9056396484375;-0.25300002098083496;-0.004000000189989805;-0.0990000069141388;0.3460000157356262;0.2120000123977661;0.8920000195503235
732677.0;0.09200000762939453;0.20800000429153442;0.7930000424385071;6.875;-23.0625;-41.375;-412.0;-2536.0;2168.0;224.125;20.625;-13.375;-0.3673095703125;-0.208984375;-0.03485107421875;-0.9056396484375;-0.25300002098083496;-0.004000000189989805;-0.0990000069141388;0.3460000157356262;0.2120000123977661;0.8920000195503235
732687.0;0.11600000411272049;0.19300000369548798;0.7700000405311584;-1.5625;-22.375;-43.0;-400.0;-2482.0;2102.0;223.0625;22.375;-12.75;-0.35809326171875;-0.22039794921875;-0.02581787109375;-0.90692138671875;-0.25699999928474426;-0.007000000216066837;-0.11400000751018524;0.37300002574920654;0.20000000298023224;0.8840000629425049
732697.0;0.14300000667572021;0.17600001394748688;0.7380000352859497;-1.5625;-22.375;-43.0;-370.0;-2419.0;2030.0;222.0625;24.0625;-12.125;-0.34027099609375;-0.242431640625;-0.00872802734375;-0.90850830078125;-0.26600000262260437;0.0;-0.1469999998807907;0.42600002884864807;0.1770000010728836;0.8650000691413879
732701.0;0.15900000929832458;0.1770000010728836;0.7170000076293945;-1.5625;-22.375;-43.0;-338.0;-2371.0;1960.0;221.0625;25.75;-11.5625;-0.34027099609375;-0.242431640625;-0.00872802734375;-0.90850830078125;-0.2670000195503235;0.01600000075995922;-0.11900000274181366;0.45000001788139343;0.16600000858306885;0.8540000319480896
732711.0;0.18300001323223114;0.18200001120567322;0.7350000143051147;-1.5625;-22.375;-43.0;-290.0;-2328.0;1869.0;220.0625;27.3125;-10.9375;-0.33172607421875;-0.25311279296875;-0.000732421875;-0.90875244140625;-0.2630000114440918;0.04000000283122063;-0.08900000154972076;0.4740000367164612;0.1550000011920929;0.8440000414848328
732721.0;0.2110000103712082;0.19500000774860382;0.7540000081062317;-1.5625;-22.375;-43.0;-214.0;-2318.0;1815.0;219.125;28.9375;-10.375;-0.32330322265625;-0.26385498046875;0.00677490234375;-0.90875244140625;-0.2630000114440918;0.04000000283122063;-0.08900000154972076;0.4740000367164612;0.1550000011920929;0.8440000414848328
732731.0;0.22700001299381256;0.21900001168251038;0.7260000109672546;-9.375;-22.0;-43.0625;-142.0;-2313.0;1799.0;218.1875;30.5;-9.8125;-0.31475830078125;-0.27459716796875;0.013916015625;-0.90850830078125;-0.27000001072883606;0.07400000095367432;-0.10500000417232513;0.4970000088214874;0.14400000870227814;0.8320000171661377
732735.0;0.22700001299381256;0.21900001168251038;0.7260000109672546;-9.375;-22.0;-43.0625;-142.0;-2313.0;1799.0;218.1875;30.5;-9.8125;-0.31475830078125;-0.27459716796875;0.013916015625;-0.90850830078125;-0.27000001072883606;0.07400000095367432;-0.10500000417232513;0.4970000088214874;0.14400000870227814;0.8320000171661377
732745.0;0.23800000548362732;0.22600001096725464;0.7010000348091125;-9.375;-22.0;-43.0625;-112.0;-2280.0;1815.0;217.1875;32.0;-9.25;-0.30596923828125;-0.28521728515625;0.0208740234375;-0.9080810546875;-0.28200000524520874;0.09200000762939453;-0.11800000816583633;0.5420000553131104;0.12200000882148743;0.8070000410079956
732755.0;0.26500001549720764;0.22600001096725464;0.6490000486373901;-9.375;-22.0;-43.0625;-112.0;-2226.0;1851.0;216.1875;33.5;-8.625;-0.2969970703125;-0.29547119140625;0.02777099609375;-0.9075927734375;-0.2770000100135803;0.10400000214576721;-0.15800000727176666;0.562000036239624;0.11000000685453415;0.7950000166893005
732765.0;0.2540000081062317;0.2330000102519989;0.6310000419616699;-9.375;-22.0;-43.0625;-140.0;-2187.0;1898.0;215.1875;35.0;-7.875;-0.28778076171875;-0.305419921875;0.03485107421875;-0.90704345703125;-0.3070000112056732;0.12200000882148743;-0.16300000250339508;0.562000036239624;0.11000000685453415;0.7950000166893005
732769.0;0.2540000081062317;0.2330000102519989;0.6310000419616699;-9.375;-22.0;-43.0625;-140.0;-2187.0;1898.0;215.1875;35.0;-7.875;-0.28778076171875;-0.305419921875;0.03485107421875;-0.90704345703125;-0.3070000112056732;0.12200000882148743;-0.16300000250339508;0.562000036239624;0.11000000685453415;0.7950000166893005
732779.0;0.31300002336502075;0.21800000965595245;0.5879999995231628;-9.375;-22.0;-43.0625;-199.0;-2094.0;1999.0;214.0625;36.4375;-7.0;-0.278076171875;-0.314697265625;0.042236328125;-0.90655517578125;-0.26900002360343933;0.1210000067949295;-0.1940000057220459;0.5820000171661377;0.09600000083446503;0.7820000648498535
732789.0;0.3330000042915344;0.20800000429153442;0.5800000429153442;-17.1875;-19.375;-41.0625;-265.0;-2143.0;2001.0;212.8125;37.8125;-6.0625;-0.26715087890625;-0.32415771484375;0.04949951171875;-0.9061279296875;-0.2680000066757202;0.12600000202655792;-0.18900001049041748;0.6020000576972961;0.08100000023841858;0.7690000534057617
732799.0;0.3450000286102295;0.19300000369548798;0.5750000476837158;-17.1875;-19.375;-41.0625;-386.0;-2109.0;1943.0;211.8125;39.25;-5.0;-0.2579345703125;-0.33319091796875;0.0576171875;-0.90509033203125;-0.2750000059604645;0.12700000405311584;-0.18000000715255737;0.6200000047683716;0.06599999964237213;0.7560000419616699
732803.0;0.34300002455711365;0.16500000655651093;0.5550000071525574;-17.1875;-19.375;-41.0625;-546.0;-2081.0;1943.0;210.75;40.5625;-3.75;-0.24896240234375;-0.34173583984375;0.06646728515625;-0.90374755859375;-0.2939999997615814;0.11600000411272049;-0.1860000044107437;0.6380000114440918;0.049000002443790436;0.7420000433921814
732813.0;0.3450000286102295;0.09100000560283661;0.5370000004768372;-17.1875;-19.375;-41.0625;-730.0;-2048.0;2005.0;209.75;41.875;-2.3125;-0.23992919921875;-0.34979248046875;0.0762939453125;-0.90234375;-0.30900001525878906;0.06200000271201134;-0.19100001454353333;0.6540000438690186;0.029000001028180122;0.7290000319480896
732823.0;0.3540000021457672;0.05700000375509262;0.492000013589859;-17.1875;-19.375;-41.0625;-875.0;-1980.0;2178.0;208.625;43.125;-0.5625;-0.2303466796875;-0.35723876953125;0.08697509765625;-0.9010009765625;-0.3150000274181366;0.049000002443790436;-0.22200001776218414;0.6700000166893005;0.007000000216066837;0.7150000333786011
732833.0;0.38600000739097595;0.058000002056360245;0.4830000102519989;-23.75;-17.5625;-39.75;-930.0;-2074.0;2233.0;207.5;44.375;1.1875;-0.22021484375;-0.3648681640625;0.0980224609375;-0.8992919921875;-0.2990000247955322;0.07300000637769699;-0.2160000056028366;0.6850000619888306;-0.015000000596046448;0.7000000476837158
732836.0;0.38600000739097595;0.058000002056360245;0.4830000102519989;-23.75;-17.5625;-39.75;-930.0;-2074.0;2233.0;207.5;44.375;1.1875;-0.22021484375;-0.3648681640625;0.0980224609375;-0.8992919921875;-0.2990000247955322;0.07300000637769699;-0.2160000056028366;0.6850000619888306;-0.015000000596046448;0.7000000476837158
732846.0;0.42000001668930054;0.024000000208616257;0.42900002002716064;-23.75;-17.5625;-39.75;-971.0;-2115.0;2145.0;206.4375;45.5625;3.125;-0.2108154296875;-0.3726806640625;0.10919189453125;-0.8970947265625;-0.2800000011920929;0.06200000271201134;-0.2550000250339508;0.7000000476837158;-0.03800000250339508;0.6840000152587891
732856.0;0.4230000078678131;-0.012000000104308128;0.42000001668930054;-23.75;-17.5625;-39.75;-995.0;-2139.0;1982.0;205.4375;46.8125;5.125;-0.20208740234375;-0.3804931640625;0.12017822265625;-0.8944091796875;-0.29200002551078796;0.04700000211596489;-0.24700000882148743;0.7150000333786011;-0.05900000408291817;0.6680000424385071
732866.0;0.3370000123977661;-0.030000001192092896;0.453000009059906;-23.75;-17.5625;-39.75;-956.0;-2216.0;1796.0;204.5625;48.0;7.0;-0.19415283203125;-0.38873291015625;0.130615234375;-0.89111328125;-0.39100003242492676;0.049000002443790436;-0.19700001180171967;0.7290000319480896;-0.08000000566244125;0.6500000357627869
732871.0;0.3760000169277191;-0.015000000596046448;0.4400000274181366;-23.75;-17.5625;-39.75;-837.0;-2315.0;1905.0;203.5625;49.25;9.0;-0.18524169921875;-0.39739990234375;0.140869140625;-0.88763427734375;-0.3660000264644623;0.08400000631809235;-0.19100001454353333;0.7430000305175781;-0.10000000149011612;0.6320000290870667
732881.0;0.4870000183582306;-0.023000001907348633;0.45100003480911255;-29.0;-13.1875;-37.75;-853.0;-2287.0;2530.0;202.1875;50.3125;11.625;-0.1734619140625;-0.40533447265625;0.15234375;-0.884521484375;-0.2670000195503235;0.10200000554323196;-0.16100001335144043;0.7550000548362732;-0.12600000202655792;0.612000048160553
732891.0;0.46000000834465027;-0.03800000250339508;0.453000009059906;-29.0;-13.1875;-37.75;-872.0;-2281.0;2383.0;200.875;51.3125;14.25;-0.162353515625;-0.4132080078125;0.16357421875;-0.8809814453125;-0.3050000071525574;0.1120000034570694;-0.14000000059604645;0.7660000324249268;-0.1510000079870224;0.593000054359436
732901.0;0.46000000834465027;-0.03800000250339508;0.453000009059906;-29.0;-13.1875;-37.75;-901.0;-2257.0;2176.0;199.6875;52.3125;16.875;-0.1522216796875;-0.4210205078125;0.1744384765625;-0.87701416015625;-0.3440000116825104;0.08900000154972076;-0.15600000321865082;0.7760000228881836;-0.17400000989437103;0.5730000138282776
732905.0;0.46000000834465027;-0.03800000250339508;0.453000009059906;-29.0;-13.1875;-37.75;-901.0;-2257.0;2176.0;199.6875;52.3125;16.875;-0.1522216796875;-0.4210205078125;0.1744384765625;-0.87701416015625;-0.3440000116825104;0.08900000154972076;-0.15600000321865082;0.7760000228881836;-0.17400000989437103;0.5730000138282776
732915.0;0.4310000240802765;-0.08500000089406967;0.41700002551078796;-29.0;-13.1875;-37.75;-831.0;-2239.0;2242.0;198.375;53.1875;19.625;-0.1416015625;-0.4285888671875;0.18505859375;-0.8729248046875;-0.3570000231266022;0.07100000232458115;-0.1770000010728836;0.7850000262260437;-0.19700001180171967;0.5530000329017639
732925.0;0.4270000159740448;-0.12600000202655792;0.3750000298023224;-29.0;-13.1875;-37.75;-681.0;-2241.0;2234.0;197.0625;53.9375;22.4375;-0.130615234375;-0.4361572265625;0.19488525390625;-0.8687744140625;-0.3240000009536743;0.07000000029802322;-0.22700001299381256;0.7930000424385071;-0.2200000137090683;0.5330000519752502
732935.0;0.4690000116825104;-0.14900000393390656;0.3050000071525574;-29.0;-13.1875;-37.75;-538.0;-2236.0;2203.0;195.6875;54.625;25.1875;-0.119140625;-0.44378662109375;0.20379638671875;-0.864501953125;-0.3290000259876251;0.10300000756978989;-0.24300001561641693;0.800000011920929;-0.2410000115633011;0.5120000243186951
732939.0;0.4690000116825104;-0.14900000393390656;0.3050000071525574;-29.0;-13.1875;-37.75;-538.0;-2236.0;2203.0;195.6875;54.625;25.1875;-0.119140625;-0.44378662109375;0.20379638671875;-0.864501953125;-0.3290000259876251;0.10300000756978989;-0.24300001561641693;0.800000011920929;-0.2410000115633011;0.5120000243186951
732949.0;0.4700000286102295;-0.1380000114440918;0.26900002360343933;-36.0625;-8.6875;-35.25;-538.0;-2236.0;2203.0;194.25;55.25;28.0625;-0.10760498046875;-0.451171875;0.21234130859375;-0.860107421875;-0.3500000238418579;0.13100001215934753;-0.2550000250339508;0.8050000667572021;-0.2630000114440918;0.4930000305175781
732959.0;0.45500001311302185;-0.13100001215934753;0.2370000183582306;-36.0625;-8.6875;-35.25;-372.0;-2169.0;2273.0;192.75;55.6875;30.9375;-0.095703125;-0.45819091796875;0.22064208984375;-0.855712890625;-0.38200002908706665;0.11600000411272049;-0.28200000524520874;0.8100000619888306;-0.2840000092983246;0.47300001978874207
732969.0;0.4270000159740448;-0.16700001060962677;0.19100001454353333;-36.0625;-8.6875;-35.25;-333.0;-2150.0;2362.0;191.125;56.0;34.0;-0.08331298828125;-0.46490478515625;0.22894287109375;-0.8511962890625;-0.39400002360343933;0.11300000548362732;-0.26600000262260437;0.8130000233650208;-0.3060000240802765;0.453000009059906
732973.0;0.4180000126361847;-0.19200000166893005;0.18700000643730164;-36.0625;-8.6875;-35.25;-255.0;-2155.0;2502.0;189.4375;56.1875;37.0625;-0.070068359375;-0.47137451171875;0.23712158203125;-0.8465576171875;-0.4020000100135803;0.11100000888109207;-0.24400001764297485;0.815000057220459;-0.328000009059906;0.43400001525878906
732983.0;0.4130000174045563;-0.2160000056028366;0.18900001049041748;-36.0625;-8.6875;-35.25;-255.0;-2155.0;2502.0;189.4375;56.1875;37.0625;-0.05572509765625;-0.47760009765625;0.24517822265625;-0.841796875;-0.41600000858306885;0.12000000476837158;-0.21400001645088196;0.815000057220459;-0.35200002789497375;0.4150000214576721
732993.0;0.39900001883506775;-0.23100000619888306;0.20000000298023224;-39.75;-3.75;-30.25;-138.0;-2176.0;2680.0;187.5625;56.1875;40.3125;-0.05572509765625;-0.47760009765625;0.24517822265625;-0.841796875;-0.4350000321865082;0.13600000739097595;-0.2290000170469284;0.8130000233650208;-0.37700000405311584;0.3960000276565552
733003.0;0.37800002098083496;-0.24000000953674316;0.16700001060962677;-39.75;-3.75;-30.25;76.0;-2184.0;3027.0;183.25;55.6875;46.8125;-0.023681640625;-0.4891357421875;0.2608642578125;-0.8319091796875;-0.42900002002716064;0.1340000033378601;-0.25699999928474426;0.8100000619888306;-0.4020000100135803;0.37700000405311584
733006.0;0.37800002098083496;-0.24000000953674316;0.16700001060962677;-39.75;-3.75;-30.25;76.0;-2184.0;3027.0;183.25;55.6875;46.8125;-0.023681640625;-0.4891357421875;0.2608642578125;-0.8319091796875;-0.42900002002716064;0.1340000033378601;-0.25699999928474426;0.8100000619888306;-0.4020000100135803;0.37700000405311584
733016.0;0.3800000250339508;-0.2680000066757202;0.12000000476837158;-39.75;-3.75;-30.25;76.0;-2184.0;3027.0;180.875;55.125;49.9375;-0.00665283203125;-0.49420166015625;0.2685546875;-0.8267822265625;-0.41600000858306885;0.11400000751018524;-0.25;0.8040000200271606;-0.42900002002716064;0.36000001430511475
733026.0;0.3880000114440918;-0.3140000104904175;0.10900000482797623;-39.75;-3.75;-30.25;141.0;-2155.0;3126.0;178.5;54.4375;53.0;0.01055908203125;-0.49896240234375;0.27618408203125;-0.82135009765625;-0.39000001549720764;0.08000000566244125;-0.26600000262260437;0.7980000376701355;-0.45500001311302185;0.34200000762939453
733036.0;0.40700000524520874;-0.37400001287460327;0.07600000500679016;-39.75;-3.75;-30.25;151.0;-2138.0;3158.0;178.5;54.4375;53.0;0.01055908203125;-0.49896240234375;0.27618408203125;-0.82135009765625;-0.39000001549720764;0.08000000566244125;-0.26600000262260437;0.7890000343322754;-0.48100003600120544;0.32600000500679016
733041.0;0.45500001311302185;-0.492000013589859;-0.02200000174343586;-43.5;3.1875;-27.0625;-5.0;-1989.0;3127.0;176.1875;53.625;55.875;0.02703857421875;-0.5029296875;0.28424072265625;-0.8157958984375;-0.33400002121925354;-0.01100000087171793;-0.34800001978874207;0.7890000343322754;-0.48100003600120544;0.32600000500679016
733051.0;0.47600001096725464;-0.5450000166893005;-0.032999999821186066;-43.5;3.1875;-27.0625;-5.0;-1989.0;3127.0;171.5625;51.625;61.125;0.05926513671875;-0.51007080078125;0.30047607421875;-0.80377197265625;-0.26600000262260437;-0.07400000095367432;-0.3540000021457672;0.7690000534057617;-0.5320000052452087;0.2930000126361847
733061.0;0.503000020980835;-0.6070000529289246;-0.06100000441074371;-43.5;3.1875;-27.0625;-127.0;-1910.0;3083.0;171.5625;51.625;61.125;0.07421875;-0.512939453125;0.30926513671875;-0.79736328125;-0.19600000977516174;-0.1510000079870224;-0.3960000276565552;0.7570000290870667;-0.5580000281333923;0.2770000100135803
733071.0;0.5600000023841858;-0.7100000381469727;-0.11900000274181366;-43.5;3.1875;-27.0625;-284.0;-1804.0;3033.0;169.3125;50.5;63.5625;0.0858154296875;-0.51507568359375;0.31976318359375;-0.79058837890625;-0.0820000022649765;-0.2760000228881836;-0.367000013589859;0.7440000176429749;-0.5820000171661377;0.2590000033378601
733075.0;0.5600000023841858;-0.7100000381469727;-0.11900000274181366;-43.5;3.1875;-27.0625;-284.0;-1804.0;3033.0;169.3125;50.5;63.5625;0.0858154296875;-0.51507568359375;0.31976318359375;-0.79058837890625;-0.0820000022649765;-0.2760000228881836;-0.367000013589859;0.7440000176429749;-0.5820000171661377;0.2590000033378601
733085.0;0.6620000600814819;-0.859000027179718;-0.10700000822544098;-43.5;3.1875;-27.0625;-888.0;-1518.0;2740.0;167.5625;49.375;65.9375;0.0858154296875;-0.51507568359375;0.31976318359375;-0.79058837890625;-0.0820000022649765;-0.2760000228881836;-0.367000013589859;0.7440000176429749;-0.5820000171661377;0.2590000033378601
733095.0;0.6490000486373901;-0.8790000677108765;-0.16900001466274261;-43.6875;10.5625;-23.375;-1257.0;-1312.0;2564.0;166.125;48.25;68.25;0.09527587890625;-0.5167236328125;0.33135986328125;-0.78363037109375;-0.08300000429153442;-0.27300000190734863;-0.41100001335144043;0.7320000529289246;-0.6050000190734863;0.2410000115633011
733105.0;0.6530000567436218;-0.9630000591278076;-0.2240000069141388;-43.6875;10.5625;-23.375;-1526.0;-1142.0;2300.0;164.9375;47.1875;70.375;0.10260009765625;-0.51812744140625;0.34332275390625;-0.776611328125;-0.052000001072883606;-0.3800000250339508;-0.41100001335144043;0.7080000042915344;-0.6460000276565552;0.20400001108646393
733115.0;0.6550000309944153;-1.027000069618225;-0.2070000171661377;-43.6875;10.5625;-23.375;-1692.0;-974.0;2048.0;164.0;46.25;72.4375;0.108154296875;-0.519287109375;0.35528564453125;-0.7696533203125;-0.1080000028014183;-0.3850000202655792;-0.37400001287460327;0.6970000267028809;-0.6630000472068787;0.1860000044107437
733125.0;0.5890000462532043;-1.0480000972747803;-0.18700000643730164;-43.6875;10.5625;-23.375;-1644.0;-798.0;1848.0;163.1875;45.3125;74.25;0.11260986328125;-0.51995849609375;0.3665771484375;-0.7633056640625;-0.17800000309944153;-0.39500001072883606;-0.359000027179718;0.687000036239624;-0.6770000457763672;0.17100000381469727
733129.0;0.5890000462532043;-1.0480000972747803;-0.18700000643730164;-43.6875;10.5625;-23.375;-1644.0;-798.0;1848.0;163.1875;45.3125;74.25;0.11260986328125;-0.51995849609375;0.3665771484375;-0.7633056640625;-0.17800000309944153;-0.39500001072883606;-0.359000027179718;0.687000036239624;-0.6770000457763672;0.17100000381469727
733139.0;0.5080000162124634;-1.0730000734329224;-0.18700000643730164;-43.6875;10.5625;-23.375;-1433.0;-702.0;1551.0;162.5;44.5;75.75;0.11627197265625;-0.52056884765625;0.37615966796875;-0.75762939453125;-0.17800000309944153;-0.39500001072883606;-0.359000027179718;0.687000036239624;-0.6770000457763672;0.17100000381469727
733149.0;0.445000022649765;-1.1030000448226929;-0.19200000166893005;-45.1875;18.5;-18.75;-1034.0;-696.0;1298.0;161.875;43.8125;76.9375;0.12005615234375;-0.52142333984375;0.3834228515625;-0.7528076171875;-0.23400001227855682;-0.4140000343322754;-0.35200002789497375;0.6790000200271606;-0.6880000233650208;0.15900000929832458
733159.0;0.4020000100135803;-1.1350001096725464;-0.2070000171661377;-45.1875;18.5;-18.75;-522.0;-732.0;1123.0;161.0625;43.25;77.8125;0.12457275390625;-0.52239990234375;0.3880615234375;-0.74896240234375;-0.27000001072883606;-0.43700000643730164;-0.3570000231266022;0.6720000505447388;-0.6970000267028809;0.15000000596046448
733164.0;0.3570000231266022;-1.0860000848770142;-0.19600000977516174;-45.1875;18.5;-18.75;-3.0;-803.0;974.0;160.1875;42.8125;78.375;0.13006591796875;-0.5235595703125;0.3902587890625;-0.74609375;-0.30800002813339233;-0.38100001215934753;-0.3400000035762787;0.6610000133514404;-0.7090000510215759;0.14100000262260437
733174.0;0.3140000104904175;-1.031000018119812;-0.17000000178813934;-45.1875;18.5;-18.75;431.0;-862.0;853.0;159.1875;42.375;78.6875;0.13641357421875;-0.52490234375;0.39031982421875;-0.7440185546875;-0.34700000286102295;-0.32100000977516174;-0.31200000643730164;0.6610000133514404;-0.7090000510215759;0.14100000262260437
733184.0;0.281000018119812;-0.9850000739097595;-0.14000000059604645;-45.1875;18.5;-18.75;660.0;-938.0;744.0;158.125;42.0625;78.875;0.14306640625;-0.52655029296875;0.38909912109375;-0.74224853515625;-0.3750000298023224;-0.2710000276565552;-0.2800000011920929;0.6570000052452087;-0.7140000462532043;0.13900001347064972
733194.0;0.27300000190734863;-0.9650000333786011;-0.12200000882148743;-43.6875;22.875;-15.875;670.0;-1004.0;612.0;157.1875;41.8125;79.0625;0.14935302734375;-0.5286865234375;0.387451171875;-0.7403564453125;-0.3800000250339508;-0.24800001084804535;-0.2600000202655792;0.6540000438690186;-0.7170000076293945;0.1380000114440918
733194.0;0.27300000190734863;-0.9650000333786011;-0.12200000882148743;-43.6875;22.875;-15.875;670.0;-1004.0;612.0;157.1875;41.8125;79.0625;0.14935302734375;-0.5286865234375;0.387451171875;-0.7403564453125;-0.3800000250339508;-0.24800001084804535;-0.2600000202655792;0.6540000438690186;-0.7170000076293945;0.1380000114440918
733204.0;0.24000000953674316;-0.9540000557899475;-0.13199999928474426;-43.6875;22.875;-15.875;601.0;-1054.0;526.0;156.1875;41.625;79.3125;0.15521240234375;-0.53125;0.38568115234375;-0.73822021484375;-0.41100001335144043;-0.23400001227855682;-0.2670000195503235;0.6510000228881836;-0.7200000286102295;0.13500000536441803
733214.0;0.3020000159740448;-1.0160000324249268;-0.20800000429153442;-43.6875;22.875;-15.875;343.0;-1194.0;544.0;155.3125;41.4375;79.8125;0.1607666015625;-0.53448486328125;0.3848876953125;-0.73504638671875;-0.3460000157356262;-0.2930000126361847;-0.33800002932548523;0.6490000486373901;-0.7230000495910645;0.1290000081062317
733224.0;0.4620000123977661;-0.9970000386238098;-0.20800000429153442;-43.6875;22.875;-15.875;-22.0;-1078.0;-72.0;154.9375;41.5625;80.375;0.16259765625;-0.538818359375;0.38385009765625;-0.7320556640625;-0.18800000846385956;-0.27400001883506775;-0.33000001311302185;0.6510000228881836;-0.7220000624656677;0.12200000882148743
733234.0;0.4280000329017639;-1.0890001058578491;-0.19600000977516174;-43.6875;22.875;-15.875;4.0;-777.0;-233.0;154.75;41.8125;80.75;0.16326904296875;-0.54229736328125;0.38250732421875;-0.73004150390625;-0.22500000894069672;-0.3680000305175781;-0.31300002336502075;0.6530000567436218;-0.7210000157356262;0.11600000411272049
733238.0;0.4280000329017639;-1.0890001058578491;-0.19600000977516174;-43.6875;22.875;-15.875;4.0;-777.0;-233.0;154.75;41.8125;80.75;0.16326904296875;-0.54229736328125;0.38250732421875;-0.73004150390625;-0.22500000894069672;-0.3680000305175781;-0.31300002336502075;0.6530000567436218;-0.7210000157356262;0.11600000411272049
733248.0;0.33100003004074097;-1.190000057220459;-0.24900001287460327;-42.875;23.5;-15.5;382.0;-526.0;-312.0;154.625;42.0625;80.8125;0.16424560546875;-0.54461669921875;0.37969970703125;-0.72955322265625;-0.32500001788139343;-0.47200003266334534;-0.36500000953674316;0.656000018119812;-0.718000054359436;0.11600000411272049
733258.0;0.35100001096725464;-1.2130000591278076;-0.2930000126361847;-42.875;23.5;-15.5;619.0;-513.0;-199.0;154.3125;42.1875;80.6875;0.166259765625;-0.54644775390625;0.37628173828125;-0.7294921875;-0.3070000112056732;-0.4970000088214874;-0.4100000262260437;0.659000039100647;-0.7160000205039978;0.11700000613927841
733268.0;0.5300000309944153;-1.0240000486373901;-0.35600000619888306;-42.875;23.5;-15.5;881.0;-497.0;-515.0;154.0625;42.5625;80.375;0.16778564453125;-0.54864501953125;0.3709716796875;-0.730224609375;-0.13199999928474426;-0.31200000643730164;-0.47600001096725464;0.6630000472068787;-0.7110000252723694;0.12000000476837158
733273.0;0.4540000259876251;-0.9170000553131104;-0.31800001859664917;-42.875;23.5;-15.5;627.0;-421.0;-572.0;154.0625;42.9375;80.1875;0.168212890625;-0.55078125;0.36651611328125;-0.730712890625;-0.21300001442432404;-0.21000000834465027;-0.4400000274181366;0.6680000424385071;-0.7070000171661377;0.12200000882148743
733283.0;0.4580000340938568;-1.058000087738037;-0.32100000977516174;-42.875;23.5;-15.5;386.0;-305.0;-355.0;154.0;43.1875;80.0625;0.1685791015625;-0.55230712890625;0.36370849609375;-0.73089599609375;-0.2120000123977661;-0.3540000021457672;-0.4440000355243683;0.6710000038146973;-0.7040000557899475;0.12200000882148743
733293.0;0.4580000340938568;-1.058000087738037;-0.32100000977516174;-42.875;24.0;-13.375;162.0;-271.0;-846.0;154.3125;43.6875;80.0625;0.16632080078125;-0.55487060546875;0.3603515625;-0.731201171875;-0.12000000476837158;-0.3530000150203705;-0.4140000343322754;0.6780000329017639;-0.6970000267028809;0.12200000882148743
733303.0;0.5570000410079956;-1.0509999990463257;-0.29200002551078796;-42.875;24.0;-13.375;294.0;9.0;-1337.0;155.0625;44.5;79.75;0.1619873046875;-0.55712890625;0.35528564453125;-0.73291015625;-0.13700000941753387;-0.3570000231266022;-0.37800002098083496;0.687000036239624;-0.687000036239624;0.12400000542402267
733308.0;0.5570000410079956;-1.0509999990463257;-0.29200002551078796;-42.875;24.0;-13.375;294.0;9.0;-1337.0;155.0625;44.5;79.75;0.1619873046875;-0.55712890625;0.35528564453125;-0.73291015625;-0.13700000941753387;-0.3570000231266022;-0.37800002098083496;0.687000036239624;-0.687000036239624;0.12400000542402267
733318.0;0.550000011920929;-1.0450000762939453;-0.2540000081062317;-42.875;24.0;-13.375;474.0;345.0;-1392.0;155.8125;45.3125;79.0625;0.1573486328125;-0.5579833984375;0.34967041015625;-0.7359619140625;-0.24700000882148743;-0.40700000524520874;-0.3720000088214874;0.6970000267028809;-0.6760000586509705;0.1300000101327896
733328.0;0.45000001788139343;-1.0840001106262207;-0.242000013589859;-42.875;24.0;-13.375;569.0;562.0;-1296.0;156.625;46.0;78.25;0.1529541015625;-0.55767822265625;0.3441162109375;-0.73974609375;-0.3190000057220459;-0.4270000159740448;-0.3680000305175781;0.7050000429153442;-0.6660000085830688;0.1380000114440918
733338.0;0.38600000739097595;-1.0940001010894775;-0.23000000417232513;-42.875;24.0;-13.375;567.0;607.0;-1006.0;157.1875;46.5;77.375;0.14959716796875;-0.55670166015625;0.33941650390625;-0.74334716796875;-0.33100003004074097;-0.3890000283718109;-0.37700000405311584;0.7120000123977661;-0.6580000519752502;0.14600001275539398
733342.0;0.3800000250339508;-1.0470000505447388;-0.23000000417232513;-42.875;24.0;-13.375;567.0;607.0;-1006.0;157.6875;46.875;76.625;0.1470947265625;-0.55535888671875;0.33587646484375;-0.74639892578125;-0.2600000202655792;-0.2750000059604645;-0.4090000092983246;0.7160000205039978;-0.6510000228881836;0.15400001406669617
733352.0;0.45500001311302185;-0.9270000457763672;-0.2540000081062317;-44.75;23.0;-12.5625;469.0;567.0;-721.0;158.125;47.1875;76.0;0.14434814453125;-0.5540771484375;0.3333740234375;-0.7490234375;-0.2070000171661377;-0.2550000250339508;-0.40300002694129944;0.7190000414848328;-0.6460000276565552;0.1600000113248825
733362.0;0.5120000243186951;-0.9010000228881836;-0.24300001561641693;-44.75;23.0;-12.5625;53.0;655.0;-805.0;158.8125;47.5625;75.4375;0.14019775390625;-0.5528564453125;0.331298828125;-0.75164794921875;-0.16900001466274261;-0.24300001561641693;-0.4020000100135803;0.7230000495910645;-0.64000004529953;0.16500000655651093
733372.0;0.5540000200271606;-0.8830000162124634;-0.23600001633167267;-44.75;23.0;-12.5625;-74.0;825.0;-1134.0;159.8125;48.0625;74.75;0.134033203125;-0.55157470703125;0.32891845703125;-0.7547607421875;-0.19200000166893005;-0.26600000262260437;-0.3440000116825104;0.7300000190734863;-0.6310000419616699;0.17100000381469727
733376.0;0.5540000200271606;-0.8830000162124634;-0.23600001633167267;-44.75;23.0;-12.5625;-74.0;825.0;-1134.0;159.8125;48.0625;74.75;0.134033203125;-0.55157470703125;0.32891845703125;-0.7547607421875;-0.19200000166893005;-0.26600000262260437;-0.3440000116825104;0.7300000190734863;-0.6310000419616699;0.17100000381469727
733386.0;0.5370000004768372;-0.8980000615119934;-0.1720000058412552;-44.75;23.0;-12.5625;-112.0;1028.0;-1411.0;161.0625;48.75;73.875;0.12628173828125;-0.54998779296875;0.325927734375;-0.75848388671875;-0.2460000067949295;-0.3160000145435333;-0.3270000219345093;0.737000048160553;-0.6210000514984131;0.17900000512599945
733396.0;0.4910000264644623;-0.937000036239624;-0.14800000190734863;-44.75;23.0;-12.5625;-112.0;1028.0;-1411.0;161.0625;48.75;73.875;0.12628173828125;-0.54998779296875;0.325927734375;-0.75848388671875;-0.29200002551078796;-0.35100001096725464;-0.3460000157356262;0.7440000176429749;-0.609000027179718;0.18700000643730164
733406.0;0.4520000219345093;-0.9610000252723694;-0.15900000929832458;-44.75;19.5;-15.875;-128.0;1187.0;-1498.0;162.375;49.375;72.875;0.11785888671875;-0.5478515625;0.3228759765625;-0.7626953125;-0.320000022649765;-0.35500001907348633;-0.36000001430511475;0.7510000467300415;-0.5980000495910645;0.19600000977516174
733411.0;0.4310000240802765;-0.9540000557899475;-0.164000004529953;-44.75;19.5;-15.875;-275.0;1217.0;-1320.0;165.0;50.5625;70.875;0.1011962890625;-0.54290771484375;0.318115234375;-0.77056884765625;-0.29600000381469727;-0.28700000047683716;-0.35600000619888306;0.7570000290870667;-0.5879999995231628;0.20400001108646393
733421.0;0.4610000252723694;-0.8750000596046448;-0.15200001001358032;-44.75;19.5;-15.875;-275.0;1217.0;-1320.0;166.3125;51.0625;69.875;0.0926513671875;-0.54034423828125;0.31640625;-0.774169921875;-0.27800002694129944;-0.28700000047683716;-0.3720000088214874;0.7620000243186951;-0.578000009059906;0.2110000103712082
733431.0;0.484000027179718;-0.8660000562667847;-0.1600000113248825;-44.75;19.5;-15.875;-360.0;1224.0;-1335.0;167.75;51.5625;68.9375;0.08331298828125;-0.5377197265625;0.315185546875;-0.77752685546875;-0.24300001561641693;-0.2639999985694885;-0.34700000286102295;0.7680000066757202;-0.5680000185966492;0.21800000965595245
733441.0;0.5250000357627869;-0.8320000171661377;-0.12800000607967377;-44.75;19.5;-15.875;-527.0;1269.0;-1399.0;167.75;51.5625;68.9375;0.08331298828125;-0.5377197265625;0.315185546875;-0.77752685546875;-0.24300001561641693;-0.2639999985694885;-0.34700000286102295;0.7680000066757202;-0.5680000185966492;0.21800000965595245
733445.0;0.5250000357627869;-0.8320000171661377;-0.12800000607967377;-44.75;19.5;-15.875;-527.0;1269.0;-1399.0;167.75;51.5625;68.9375;0.08331298828125;-0.5377197265625;0.315185546875;-0.77752685546875;-0.24300001561641693;-0.2639999985694885;-0.34700000286102295;0.7680000066757202;-0.5680000185966492;0.21800000965595245
733455.0;0.5220000147819519;-0.8100000619888306;-0.11500000208616257;-45.875;17.0;-17.0625;-588.0;1388.0;-1591.0;169.3125;52.1875;67.8125;0.07275390625;-0.534912109375;0.31365966796875;-0.7811279296875;-0.25200000405311584;-0.25300002098083496;-0.3410000205039978;0.7740000486373901;-0.5560000538825989;0.22600001096725464
733465.0;0.4710000157356262;-0.8090000152587891;-0.08100000023841858;-45.875;17.0;-17.0625;-608.0;1518.0;-1672.0;172.625;53.25;65.1875;0.050537109375;-0.5277099609375;0.31024169921875;-0.78912353515625;-0.34800001978874207;-0.26900002360343933;-0.3190000057220459;0.7860000133514404;-0.5320000052452087;0.24500000476837158
733475.0;0.43700000643730164;-0.8020000457763672;-0.07300000637769699;-45.875;17.0;-17.0625;-568.0;1632.0;-1646.0;172.625;53.25;65.1875;0.0396728515625;-0.5234375;0.3079833984375;-0.79345703125;-0.37700000405311584;-0.25200000405311584;-0.3150000274181366;0.7900000214576721;-0.5200000405311584;0.25699999928474426
733479.0;0.43700000643730164;-0.8020000457763672;-0.07300000637769699;-45.875;17.0;-17.0625;-568.0;1632.0;-1646.0;172.625;53.25;65.1875;0.0396728515625;-0.5234375;0.3079833984375;-0.79345703125;-0.37700000405311584;-0.25200000405311584;-0.3150000274181366;0.7900000214576721;-0.5200000405311584;0.25699999928474426
733489.0;0.4130000174045563;-0.7720000147819519;-0.05700000375509262;-45.875;17.0;-17.0625;-455.0;1680.0;-1636.0;174.25;53.6875;63.625;0.02911376953125;-0.51922607421875;0.3045654296875;-0.7979736328125;-0.35100001096725464;-0.23200000822544098;-0.320000022649765;0.7950000166893005;-0.5060000419616699;0.26900002360343933
733499.0;0.44300001859664917;-0.7390000224113464;-0.05000000074505806;-45.875;17.0;-17.0625;-243.0;1680.0;-1715.0;175.8125;54.125;61.875;0.02911376953125;-0.51922607421875;0.3045654296875;-0.7979736328125;-0.35100001096725464;-0.23200000822544098;-0.320000022649765;0.7950000166893005;-0.5060000419616699;0.26900002360343933
733509.0;0.445000022649765;-0.7250000238418579;-0.05400000140070915;-45.5;12.875;-20.375;22.0;1656.0;-1839.0;177.3125;54.625;59.9375;0.01873779296875;-0.51513671875;0.2996826171875;-0.80279541015625;-0.3540000021457672;-0.23400001227855682;-0.33800002932548523;0.800000011920929;-0.49000000953674316;0.2840000092983246
733513.0;0.4310000240802765;-0.7140000462532043;-0.05100000277161598;-45.5;12.875;-20.375;327.0;1685.0;-2000.0;178.75;55.125;57.5625;-0.00201416015625;-0.5072021484375;0.2843017578125;-0.81353759765625;-0.38700002431869507;-0.23200000822544098;-0.3750000298023224;0.8100000619888306;-0.45100003480911255;0.31700000166893005
733523.0;0.4220000207424164;-0.6840000152587891;-0.058000002056360245;-45.5;12.875;-20.375;628.0;1700.0;-2237.0;180.25;55.6875;54.875;-0.00201416015625;-0.5072021484375;0.2843017578125;-0.81353759765625;-0.40800002217292786;-0.18400001525878906;-0.36400002241134644;0.8160000443458557;-0.4270000159740448;0.3360000252723694
733533.0;0.40800002217292786;-0.6110000014305115;-0.02800000086426735;-45.5;12.875;-20.375;911.0;1693.0;-2509.0;181.75;56.3125;51.75;-0.01287841796875;-0.503662109375;0.27362060546875;-0.8193359375;-0.4390000104904175;-0.18400001525878906;-0.36400002241134644;0.8210000395774841;-0.39900001883506775;0.35600000619888306
733543.0;0.38200002908706665;-0.5830000042915344;-0.00800000037997961;-45.5;12.875;-20.375;1156.0;1723.0;-2699.0;183.3125;56.875;48.25;-0.02392578125;-0.50006103515625;0.26129150390625;-0.82525634765625;-0.4390000104904175;-0.18400001525878906;-0.36400002241134644;0.8210000395774841;-0.39900001883506775;0.35600000619888306
733546.0;0.38200002908706665;-0.5830000042915344;-0.00800000037997961;-45.5;12.875;-20.375;1156.0;1723.0;-2699.0;183.3125;56.875;48.25;-0.02392578125;-0.50006103515625;0.26129150390625;-0.82525634765625;-0.4390000104904175;-0.18400001525878906;-0.36400002241134644;0.8210000395774841;-0.39900001883506775;0.35600000619888306
733556.0;0.3570000231266022;-0.5440000295639038;0.003000000026077032;-44.75;9.1875;-23.25;1339.0;1756.0;-2779.0;184.8125;57.375;44.4375;-0.034912109375;-0.496337890625;0.24786376953125;-0.83123779296875;-0.46800002455711365;-0.17400000989437103;-0.37300002574920654;0.8260000348091125;-0.3700000047683716;0.3760000169277191
733566.0;0.3450000286102295;-0.5180000066757202;0.023000001907348633;-44.75;9.1875;-23.25;1489.0;1760.0;-2804.0;186.1875;57.75;40.4375;-0.045654296875;-0.49249267578125;0.23358154296875;-0.837158203125;-0.484000027179718;-0.17900000512599945;-0.37400001287460327;0.831000030040741;-0.3070000112056732;0.4180000126361847
733576.0;0.32500001788139343;-0.4880000352859497;0.009000000543892384;-44.75;9.1875;-23.25;1621.0;1758.0;-2818.0;187.5625;57.9375;36.25;-0.0560302734375;-0.48846435546875;0.2186279296875;-0.8428955078125;-0.5049999952316284;-0.1810000091791153;-0.4090000092983246;0.8320000171661377;-0.27400001883506775;0.4390000104904175
733581.0;0.3150000274181366;-0.45600003004074097;0.009000000543892384;-44.75;9.1875;-23.25;1750.0;1731.0;-2847.0;188.875;58.0625;32.0;-0.066162109375;-0.4844970703125;0.20294189453125;-0.84832763671875;-0.5160000324249268;-0.1810000091791153;-0.4300000071525574;0.8320000171661377;-0.27400001883506775;0.4390000104904175
733591.0;0.29600000381469727;-0.4100000262260437;0.015000000596046448;-44.75;9.1875;-23.25;1898.0;1693.0;-2871.0;190.125;58.0625;27.625;-0.07598876953125;-0.48052978515625;0.18646240234375;-0.853515625;-0.5350000262260437;-0.16900001466274261;-0.4440000355243683;0.8320000171661377;-0.24000000953674316;0.45900002121925354
733601.0;0.25600001215934753;-0.2900000214576721;0.00800000037997961;-42.5625;2.875;-27.0;2051.0;1661.0;-2888.0;191.3125;57.875;23.125;-0.08538818359375;-0.47662353515625;0.169189453125;-0.85845947265625;-0.5730000138282776;-0.08500000089406967;-0.4700000286102295;0.8300000429153442;-0.20500001311302185;0.4780000150203705
733611.0;0.25200000405311584;-0.23100000619888306;0.01100000087171793;-42.5625;2.875;-27.0;2185.0;1628.0;-2907.0;192.5;57.5625;18.6875;-0.09454345703125;-0.47271728515625;0.1512451171875;-0.86297607421875;-0.5750000476837158;-0.06200000271201134;-0.48600003123283386;0.8280000686645508;-0.1680000126361847;0.4970000088214874
733614.0;0.25200000405311584;-0.23100000619888306;0.01100000087171793;-42.5625;2.875;-27.0;2185.0;1628.0;-2907.0;192.5;57.5625;18.6875;-0.09454345703125;-0.47271728515625;0.1512451171875;-0.86297607421875;-0.5750000476837158;-0.06200000271201134;-0.48600003123283386;0.8280000686645508;-0.1680000126361847;0.4970000088214874
733624.0;0.24700000882148743;-0.16900001466274261;0.01900000125169754;-42.5625;2.875;-27.0;2292.0;1601.0;-2951.0;193.5625;57.1875;14.1875;-0.103515625;-0.46881103515625;0.132568359375;-0.86712646484375;-0.5760000348091125;-0.03800000250339508;-0.49500003457069397;0.8240000605583191;-0.1300000101327896;0.51500004529953
733634.0;0.23500001430511475;-0.11500000208616257;0.03400000184774399;-42.5625;2.875;-27.0;2370.0;1621.0;-3023.0;194.6875;56.5625;9.6875;-0.112548828125;-0.4647216796875;0.11334228515625;-0.8709716796875;-0.5830000042915344;-0.024000000208616257;-0.4970000088214874;0.8180000185966492;-0.09100000560283661;0.531000018119812
733644.0;0.17900000512599945;-0.04500000178813934;0.05100000277161598;-42.5625;2.875;-27.0;2446.0;1675.0;-3087.0;195.8125;55.8125;5.25;-0.12176513671875;-0.46014404296875;0.093505859375;-0.87445068359375;-0.6310000419616699;0.004000000189989805;-0.4960000216960907;0.8110000491142273;-0.05000000074505806;0.5480000376701355
733651.0;0.1340000033378601;-0.010000000707805157;0.04800000041723251;-40.25;-7.0625;-30.1875;2544.0;1726.0;-3158.0;196.9375;54.875;0.875;-0.1309814453125;-0.45526123046875;0.07293701171875;-0.87762451171875;-0.6670000553131104;-0.0010000000474974513;-0.5139999985694885;0.8020000457763672;-0.00800000037997961;0.5630000233650208
733661.0;0.10900000482797623;0.03200000151991844;0.03400000184774399;-40.25;-7.0625;-30.1875;2659.0;1773.0;-3260.0;198.0625;53.75;-3.4375;-0.14031982421875;-0.45001220703125;0.05157470703125;-0.88043212890625;-0.6810000538825989;-0.0020000000949949026;-0.5430000424385071;0.7910000085830688;0.03400000184774399;0.578000009059906
733671.0;0.09400000423192978;0.05900000408291817;0.01100000087171793;-40.25;-7.0625;-30.1875;2810.0;1814.0;-3335.0;199.1875;52.5;-7.625;-0.14959716796875;-0.4444580078125;0.02923583984375;-0.88275146484375;-0.6830000281333923;-0.020000001415610313;-0.5800000429153442;0.7780000567436218;0.07900000363588333;0.5910000205039978
733681.0;0.08100000023841858;0.1210000067949295;0.020000001415610313;-40.25;-7.0625;-30.1875;2990.0;1892.0;-3379.0;200.3125;51.0;-11.75;-0.1585693359375;-0.4383544921875;0.005859375;-0.88470458984375;-0.6810000538825989;-0.005000000353902578;-0.5830000042915344;0.7620000243186951;0.12600000202655792;0.6030000448226929
733691.0;0.0690000057220459;0.15200001001358032;0.049000002443790436;-40.25;-7.0625;-30.1875;3150.0;1992.0;-3410.0;201.3125;49.3125;-15.75;-0.16717529296875;-0.431640625;-0.0184326171875;-0.88623046875;-0.675000011920929;-0.021000001579523087;-0.5640000104904175;0.7440000176429749;0.1730000078678131;0.6140000224113464
733701.0;0.04000000283122063;0.1980000138282776;0.12200000882148743;-35.0625;-16.5;-30.6875;3242.0;2090.0;-3476.0;202.375;47.5;-19.5;-0.17578125;-0.4241943359375;-0.0433349609375;-0.88726806640625;-0.6820000410079956;-0.023000001907348633;-0.5010000467300415;0.7230000495910645;0.22100001573562622;0.6240000128746033
733705.0;0.04000000283122063;0.1980000138282776;0.12200000882148743;-35.0625;-16.5;-30.6875;3242.0;2090.0;-3476.0;202.375;47.5;-19.5;-0.17578125;-0.4241943359375;-0.0433349609375;-0.88726806640625;-0.6820000410079956;-0.023000001907348633;-0.5010000467300415;0.7230000495910645;0.22100001573562622;0.6240000128746033
733715.0;0.04000000283122063;0.1980000138282776;0.12200000882148743;-35.0625;-16.5;-30.6875;3215.0;2162.0;-3585.0;203.5;45.5;-23.125;-0.184814453125;-0.41607666015625;-0.06842041015625;-0.8876953125;-0.7000000476837158;-0.009000000543892384;-0.4300000071525574;0.6990000605583191;0.26900002360343933;0.6310000419616699
733725.0;0.0;0.2600000202655792;0.20100000500679016;-35.0625;-16.5;-30.6875;3042.0;2236.0;-3710.0;204.6875;43.3125;-26.375;-0.19464111328125;-0.4071044921875;-0.09295654296875;-0.8875732421875;-0.7510000467300415;0.08300000429153442;-0.38100001215934753;0.6730000376701355;0.31700000166893005;0.6380000114440918
733735.0;-0.07800000160932541;0.4000000059604645;0.25699999928474426;-35.0625;-16.5;-30.6875;2709.0;2282.0;-3863.0;206.0625;41.0;-29.3125;-0.20574951171875;-0.3970947265625;-0.11627197265625;-0.8868408203125;-0.7510000467300415;0.11800000816583633;-0.36000001430511475;0.6430000066757202;0.3620000183582306;0.6440000534057617
733745.0;-0.10700000822544098;0.48100003600120544;0.2840000092983246;-35.0625;-16.5;-30.6875;2268.0;2325.0;-4065.0;207.6875;38.5625;-31.875;-0.218505859375;-0.38604736328125;-0.13787841796875;-0.88555908203125;-0.7600000500679016;0.15000000596046448;-0.3710000216960907;0.6110000014305115;0.40400001406669617;0.6510000228881836
733755.0;-0.14800000190734863;0.5550000071525574;0.27900001406669617;-35.0625;-16.5;-30.6875;2268.0;2325.0;-4065.0;209.4375;35.9375;-34.0;-0.23260498046875;-0.373779296875;-0.15771484375;-0.8839111328125;-0.7690000534057617;0.18900001049041748;-0.42500001192092896;0.5760000348091125;0.44300001859664917;0.6570000052452087
733759.0;-0.14800000190734863;0.5550000071525574;0.27900001406669617;-35.0625;-16.5;-30.6875;2268.0;2325.0;-4065.0;209.4375;35.9375;-34.0;-0.23260498046875;-0.373779296875;-0.15771484375;-0.8839111328125;-0.7690000534057617;0.18900001049041748;-0.42500001192092896;0.5760000348091125;0.44300001859664917;0.6570000052452087
733769.0;-0.19300000369548798;0.6330000162124634;0.23200000822544098;-28.375;-27.1875;-29.875;1835.0;2392.0;-4206.0;211.25;33.3125;-35.75;-0.24713134765625;-0.36077880859375;-0.176025390625;-0.88189697265625;-0.7590000629425049;0.17000000178813934;-0.45100003480911255;0.5380000472068787;0.4790000319480896;0.6640000343322754
733779.0;-0.2200000137090683;0.6500000357627869;0.2120000123977661;-28.375;-27.1875;-29.875;1391.0;2349.0;-4109.0;213.0625;30.6875;-37.3125;-0.2613525390625;-0.34771728515625;-0.19329833984375;-0.87945556640625;-0.7660000324249268;0.16100001335144043;-0.4700000286102295;0.5;0.5110000371932983;0.6700000166893005
733789.0;-0.26500001549720764;0.6730000376701355;0.1990000158548355;-28.375;-27.1875;-29.875;1434.0;2299.0;-3987.0;214.8125;28.0625;-38.8125;-0.2747802734375;-0.3348388671875;-0.21038818359375;-0.87640380859375;-0.7600000500679016;0.12700000405311584;-0.4300000071525574;0.4620000123977661;0.5420000553131104;0.6730000376701355
733794.0;-0.2980000078678131;0.6690000295639038;0.24300001561641693;-28.375;-27.1875;-29.875;1552.0;2172.0;-3869.0;216.4375;25.5625;-40.1875;-0.2874755859375;-0.3226318359375;-0.2275390625;-0.87261962890625;-0.8060000538825989;0.09100000560283661;-0.27900001406669617;0.4230000078678131;0.5710000395774841;0.6740000247955322
733804.0;-0.38200002908706665;0.6630000472068787;0.39500001072883606;-28.375;-27.1875;-29.875;1552.0;2172.0;-3869.0;216.4375;25.5625;-40.1875;-0.29931640625;-0.31103515625;-0.244873046875;-0.8681640625;-0.8170000314712524;0.09700000286102295;-0.2720000147819519;0.3850000202655792;0.5990000367164612;0.6730000376701355
733814.0;-0.4310000240802765;0.6960000395774841;0.4010000228881836;-16.875;-34.5625;-29.375;1701.0;2082.0;-3770.0;218.0;23.125;-41.625;-0.29931640625;-0.31103515625;-0.244873046875;-0.8681640625;-0.8230000138282776;0.11100000888109207;-0.28200000524520874;0.34700000286102295;0.6260000467300415;0.6690000295639038
733824.0;-0.47600001096725464;0.7380000352859497;0.38600000739097595;-16.875;-34.5625;-29.375;1992.0;2017.0;-3608.0;221.0;18.3125;-44.5625;-0.3206787109375;-0.28857421875;-0.2806396484375;-0.857421875;-0.8190000653266907;0.12400000542402267;-0.2900000214576721;0.30800002813339233;0.6530000567436218;0.6620000600814819
733834.0;-0.5110000371932983;0.7780000567436218;0.3720000088214874;-16.875;-34.5625;-29.375;1992.0;2017.0;-3608.0;222.5;15.9375;-46.0;-0.33123779296875;-0.27783203125;-0.29852294921875;-0.85089111328125;-0.7790000438690186;0.1730000078678131;-0.31800001859664917;0.26900002360343933;0.6780000329017639;0.6540000438690186
733844.0;-0.5090000033378601;0.8510000109672546;0.3360000252723694;-16.875;-34.5625;-29.375;2018.0;1905.0;-3659.0;224.125;13.4375;-47.3125;-0.34246826171875;-0.2664794921875;-0.3157958984375;-0.84381103515625;-0.7160000205039978;0.18900001049041748;-0.30400002002716064;0.22800001502037048;0.7010000348091125;0.6450000405311584
733848.0;-0.5090000033378601;0.8510000109672546;0.3360000252723694;-16.875;-34.5625;-29.375;2018.0;1905.0;-3659.0;224.125;13.4375;-47.3125;-0.34246826171875;-0.2664794921875;-0.3157958984375;-0.84381103515625;-0.7160000205039978;0.18900001049041748;-0.30400002002716064;0.22800001502037048;0.7010000348091125;0.6450000405311584
733858.0;-0.4870000183582306;0.8910000324249268;0.3410000205039978;-16.875;-34.5625;-29.375;1887.0;1919.0;-3809.0;224.125;13.4375;-47.3125;-0.34246826171875;-0.2664794921875;-0.3157958984375;-0.84381103515625;-0.7160000205039978;0.18900001049041748;-0.30400002002716064;0.1850000023841858;0.7210000157356262;0.6380000114440918
733868.0;-0.4930000305175781;0.9260000586509705;0.39900001883506775;-5.75;-39.1875;-24.875;1601.0;1990.0;-4012.0;225.9375;10.875;-48.5;-0.35467529296875;-0.25372314453125;-0.33209228515625;-0.83642578125;-0.6780000329017639;0.20500001311302185;-0.23800000548362732;0.1850000023841858;0.7210000157356262;0.6380000114440918
733878.0;-0.5160000324249268;0.9310000538825989;0.4570000171661377;-5.75;-39.1875;-24.875;1178.0;2080.0;-4224.0;229.9375;5.1875;-49.8125;-0.382568359375;-0.2227783203125;-0.35943603515625;-0.82147216796875;-0.6980000138282776;0.15800000727176666;-0.06000000238418579;0.08900000154972076;0.7460000514984131;0.6290000081062317
733884.0;-0.609000027179718;0.9040000438690186;0.5690000057220459;-5.75;-39.1875;-24.875;677.0;2171.0;-4472.0;229.9375;5.1875;-49.8125;-0.39825439453125;-0.20465087890625;-0.370361328125;-0.8138427734375;-0.6840000152587891;0.13500000536441803;-0.005000000353902578;0.03700000047683716;0.7510000467300415;0.6290000081062317
733894.0;-0.6470000147819519;0.8860000371932983;0.6230000257492065;-5.75;-39.1875;-24.875;240.0;2221.0;-4690.0;232.125;2.125;-50.0;-0.41461181640625;-0.18536376953125;-0.3798828125;-0.80584716796875;-0.6770000457763672;0.12300000339746475;0.012000000104308128;-0.015000000596046448;0.7510000467300415;0.6300000548362732
733904.0;-0.6930000185966492;0.8740000128746033;0.6430000066757202;-5.75;-39.1875;-24.875;-64.0;2239.0;-4852.0;234.4375;-0.875;-50.0;-0.41461181640625;-0.18536376953125;-0.3798828125;-0.80584716796875;-0.6770000457763672;0.12300000339746475;0.012000000104308128;-0.015000000596046448;0.7510000467300415;0.6300000548362732
733914.0;-0.796000063419342;0.8630000352859497;0.6480000019073486;5.375;-42.1875;-22.0625;-185.0;2302.0;-4947.0;236.75;-4.0625;-49.8125;-0.43109130859375;-0.1651611328125;-0.3887939453125;-0.79730224609375;-0.7260000109672546;0.11600000411272049;0.017000000923871994;-0.07000000029802322;0.7470000386238098;0.6300000548362732
733924.0;-0.8570000529289246;0.843000054359436;0.6460000276565552;5.375;-42.1875;-22.0625;-144.0;2348.0;-5015.0;239.125;-7.3125;-49.625;-0.4632568359375;-0.1240234375;-0.4072265625;-0.77728271484375;-0.7410000562667847;0.07400000095367432;0.006000000052154064;-0.18000000715255737;0.7330000400543213;0.625
733934.0;-0.921000063419342;0.8070000410079956;0.6320000290870667;5.375;-42.1875;-22.0625;37.0;2379.0;-5087.0;241.5625;-10.625;-49.5;-0.4632568359375;-0.1240234375;-0.4072265625;-0.77728271484375;-0.7430000305175781;0.05300000309944153;0.02200000174343586;-0.23600001633167267;0.7240000367164612;0.6170000433921814
733937.0;-0.921000063419342;0.8070000410079956;0.6320000290870667;5.375;-42.1875;-22.0625;37.0;2379.0;-5087.0;241.5625;-10.625;-49.5;-0.4632568359375;-0.1240234375;-0.4072265625;-0.77728271484375;-0.7430000305175781;0.05300000309944153;0.02200000174343586;-0.23600001633167267;0.7240000367164612;0.6170000433921814
733947.0;-0.9790000319480896;0.7780000567436218;0.64000004529953;5.375;-42.1875;-22.0625;337.0;2358.0;-5181.0;244.0625;-13.9375;-49.5;-0.47900390625;-0.10400390625;-0.41754150390625;-0.76513671875;-0.7920000553131104;0.046000003814697266;0.03500000014901161;-0.2900000214576721;0.7140000462532043;0.6050000190734863
733957.0;-1.0820000171661377;0.7600000500679016;0.6410000324249268;5.375;-42.1875;-22.0625;752.0;2283.0;-5242.0;246.6875;-17.1875;-49.6875;-0.4945068359375;-0.0850830078125;-0.4290771484375;-0.7510986328125;-0.7920000553131104;0.046000003814697266;0.03500000014901161;-0.2900000214576721;0.7140000462532043;0.6050000190734863
733967.0;-1.127000093460083;0.7820000648498535;0.6450000405311584;19.1875;-40.0;-21.1875;1247.0;2210.0;-5098.0;249.3125;-20.4375;-50.125;-0.5089111328125;-0.0679931640625;-0.44189453125;-0.73565673828125;-0.784000039100647;0.07700000703334808;0.0560000017285347;-0.34200000762939453;0.7050000429153442;0.5879999995231628
733971.0;-0.921000063419342;0.8460000157356262;0.6600000262260437;19.1875;-40.0;-21.1875;1735.0;2216.0;-4828.0;251.875;-23.5625;-50.8125;-0.5216064453125;-0.05279541015625;-0.45611572265625;-0.7191162109375;-0.7000000476837158;0.10500000417232513;0.15000000596046448;-0.445000022649765;0.6850000619888306;0.5410000085830688
733981.0;-1.1460000276565552;0.7910000085830688;0.6910000443458557;19.1875;-40.0;-21.1875;2245.0;2109.0;-5617.0;255.0625;-27.0;-51.6875;-0.53692626953125;-0.03741455078125;-0.47174072265625;-0.69842529296875;-0.7000000476837158;0.10500000417232513;0.15000000596046448;-0.4970000088214874;0.6710000038146973;0.5120000243186951
733991.0;-1.3200000524520874;0.7270000576972961;0.6170000433921814;19.1875;-40.0;-21.1875;2663.0;1982.0;-5721.0;258.5;-30.4375;-52.625;-0.55224609375;-0.02337646484375;-0.48797607421875;-0.675537109375;-0.8230000138282776;0.055000003427267075;0.10400000214576721;-0.5430000424385071;0.6570000052452087;0.484000027179718
734001.0;-1.3410000801086426;0.8330000638961792;0.5840000510215759;19.1875;-40.0;-21.1875;2570.0;1836.0;-5163.0;261.6875;-33.625;-53.5625;-0.5653076171875;-0.01104736328125;-0.5029296875;-0.65374755859375;-0.7970000505447388;0.17600001394748688;0.0990000069141388;-0.5430000424385071;0.6570000052452087;0.484000027179718
734006.0;-1.3410000801086426;0.8330000638961792;0.5840000510215759;19.1875;-40.0;-21.1875;2570.0;1836.0;-5163.0;261.6875;-33.625;-53.5625;-0.5653076171875;-0.01104736328125;-0.5029296875;-0.65374755859375;-0.7970000505447388;0.17600001394748688;0.0990000069141388;-0.5430000424385071;0.6570000052452087;0.484000027179718
734016.0;-1.3000000715255737;0.9440000653266907;0.5660000443458557;32.5;-34.5;-16.6875;2261.0;1572.0;-5108.0;264.875;-36.6875;-54.1875;-0.578369140625;0.001220703125;-0.51544189453125;-0.63232421875;-0.7140000462532043;0.3060000240802765;0.10600000619888306;-0.5860000252723694;0.6370000243186951;0.45900002121925354
734026.0;-1.2380000352859497;0.8880000710487366;0.562000036239624;32.5;-34.5;-16.6875;2097.0;1555.0;-5727.0;268.4375;-40.0625;-54.5;-0.59295654296875;0.01556396484375;-0.52685546875;-0.6087646484375;-0.6070000529289246;0.2770000100135803;0.12600000202655792;-0.6310000419616699;0.6100000143051147;0.4350000321865082
734036.0;-1.2740000486373901;0.7970000505447388;0.5610000491142273;32.5;-34.5;-16.6875;2135.0;1690.0;-6250.0;272.4375;-43.6875;-54.5625;-0.60809326171875;0.03167724609375;-0.53814697265625;-0.582763671875;-0.5960000157356262;0.21900001168251038;0.15000000596046448;-0.6780000329017639;0.5770000219345093;0.4100000262260437
734046.0;-1.3390001058578491;0.7210000157356262;0.5770000219345093;32.5;-34.5;-16.6875;2395.0;1860.0;-6195.0;276.4375;-47.4375;-54.6875;-0.62188720703125;0.04730224609375;-0.55010986328125;-0.55535888671875;-0.6160000562667847;0.18000000715255737;0.1940000057220459;-0.7220000624656677;0.5410000085830688;0.38200002908706665
734056.0;-1.4410001039505005;0.6640000343322754;0.5670000314712524;32.5;-34.5;-16.6875;2736.0;1898.0;-5417.0;280.1875;-50.75;-55.3125;-0.632568359375;0.0595703125;-0.56268310546875;-0.52886962890625;-0.6810000538825989;0.15400001406669617;0.2150000035762787;-0.7590000629425049;0.5090000033378601;0.35200002789497375
734062.0;-1.5280001163482666;0.6690000295639038;0.41200003027915955;42.0;-25.5;-9.25;2876.0;1670.0;-3995.0;283.25;-53.3125;-56.375;-0.639404296875;0.06646728515625;-0.5748291015625;-0.50628662109375;-0.7410000562667847;0.18200001120567322;0.08800000697374344;-0.7860000133514404;0.4870000183582306;0.3230000138282776
734072.0;-1.5150001049041748;0.8100000619888306;0.39100003242492676;42.0;-25.5;-9.25;2517.0;1075.0;-2933.0;285.6875;-55.1875;-57.3125;-0.64471435546875;0.06976318359375;-0.58404541015625;-0.48822021484375;-0.7100000381469727;0.33900001645088196;0.08900000154972076;-0.8050000667572021;0.4710000157356262;0.3020000159740448
734082.0;-1.4520000219345093;0.9190000295639038;0.3540000021457672;42.0;-25.5;-9.25;1848.0;821.0;-3249.0;288.1875;-57.125;-57.4375;-0.651123046875;0.0755615234375;-0.59027099609375;-0.4710693359375;-0.628000020980835;0.4700000286102295;0.06800000369548798;-0.8230000138282776;0.4480000138282776;0.28600001335144043
734092.0;-1.378000020980835;0.9000000357627869;0.3150000274181366;42.0;-25.5;-9.25;1251.0;888.0;-4034.0;290.9375;-59.4375;-56.8125;-0.65869140625;0.0860595703125;-0.59466552734375;-0.45281982421875;-0.534000039100647;0.4830000102519989;0.0430000014603138;-0.8440000414848328;0.41700002551078796;0.2720000147819519
734102.0;-1.3470001220703125;0.7290000319480896;0.3330000042915344;42.0;-25.5;-9.25;658.0;1022.0;-4459.0;293.75;-62.0;-55.4375;-0.666259765625;0.10015869140625;-0.59759521484375;-0.4346923828125;-0.48000001907348633;0.35100001096725464;0.07300000637769699;-0.8660000562667847;0.37800002098083496;0.2600000202655792
734112.0;-1.3470001220703125;0.7290000319480896;0.3330000042915344;48.375;-15.1875;-2.6875;217.0;1072.0;-4518.0;296.375;-64.625;-53.4375;-0.67315673828125;0.1160888671875;-0.59930419921875;-0.41741943359375;-0.453000009059906;0.3110000193119049;0.08000000566244125;-0.8860000371932983;0.3370000123977661;0.24900001287460327
734116.0;-1.3470001220703125;0.7290000319480896;0.3330000042915344;48.375;-15.1875;-2.6875;217.0;1072.0;-4518.0;296.375;-64.625;-53.4375;-0.67315673828125;0.1160888671875;-0.59930419921875;-0.41741943359375;-0.453000009059906;0.3110000193119049;0.08000000566244125;-0.8860000371932983;0.3370000123977661;0.24900001287460327
734126.0;-1.3390001058578491;0.6490000486373901;0.3290000259876251;48.375;-15.1875;-2.6875;-23.0;1164.0;-4535.0;298.9375;-67.25;-50.9375;-0.67926025390625;0.133056640625;-0.60040283203125;-0.4005126953125;-0.49900001287460327;0.32500001788139343;0.12600000202655792;-0.9040000438690186;0.2939999997615814;0.23800000548362732
734136.0;-1.4980000257492065;0.5350000262260437;0.35100001096725464;48.375;-15.1875;-2.6875;44.0;1310.0;-4218.0;301.3125;-69.6875;-48.3125;-0.683837890625;0.14898681640625;-0.60211181640625;-0.38421630859375;-0.578000009059906;0.281000018119812;0.125;-0.9190000295639038;0.25300002098083496;0.22600001096725464
734146.0;-1.4980000257492065;0.5350000262260437;0.35100001096725464;48.375;-15.1875;-2.6875;-716.0;897.0;-2941.0;302.625;-71.375;-45.5625;-0.68634033203125;0.1627197265625;-0.60150146484375;-0.3751220703125;-0.6820000410079956;0.24800001084804535;0.14000000059604645;-0.9290000200271606;0.22300000488758087;0.21900001168251038
734149.0;-1.4980000257492065;0.5350000262260437;0.35100001096725464;48.375;-15.1875;-2.6875;-716.0;897.0;-2941.0;302.625;-71.375;-45.5625;-0.68634033203125;0.1627197265625;-0.60150146484375;-0.3751220703125;-0.6820000410079956;0.24800001084804535;0.14000000059604645;-0.9290000200271606;0.22300000488758087;0.21900001168251038
734159.0;-1.6110000610351562;0.4710000157356262;0.359000027179718;48.375;-15.1875;-2.6875;-576.0;170.0;-1945.0;303.5625;-72.25;-42.8125;-0.6890869140625;0.1712646484375;-0.5992431640625;-0.3697509765625;-0.5450000166893005;0.07900000363588333;0.17400000989437103;-0.9340000152587891;0.203000009059906;0.21800000965595245
734169.0;-1.4790000915527344;0.28200000524520874;0.3930000066757202;48.375;-15.1875;-2.6875;-576.0;170.0;-1945.0;304.9375;-73.0625;-40.875;-0.6925048828125;0.17510986328125;-0.59967041015625;-0.36077880859375;-0.4570000171661377;-0.036000002175569534;0.16600000858306885;-0.9380000233650208;0.1860000044107437;0.2150000035762787
734179.0;-1.3960000276565552;0.14900000393390656;0.38200002908706665;50.875;-4.375;0.1875;658.0;221.0;-1831.0;306.75;-73.9375;-40.1875;-0.6956787109375;0.1741943359375;-0.603515625;-0.3485107421875;-0.492000013589859;-0.027000000700354576;0.04800000041723251;-0.9420000314712524;0.17400000989437103;0.20600001513957977
734183.0;-1.4350000619888306;0.14600001275539398;0.2550000250339508;50.875;-4.375;0.1875;2699.0;290.0;-891.0;308.5625;-74.4375;-40.75;-0.69879150390625;0.1676025390625;-0.608642578125;-0.3363037109375;-0.4400000274181366;0.1680000126361847;0.030000001192092896;-0.9440000653266907;0.17100000381469727;0.1980000138282776
734193.0;-1.3850001096725464;0.3400000035762787;0.2290000170469284;50.875;-4.375;0.1875;3102.0;309.0;-875.0;310.5625;-74.9375;-41.625;-0.7020263671875;0.15948486328125;-0.61444091796875;-0.32281494140625;-0.4140000343322754;0.39100003242492676;0.009000000543892384;-0.9460000395774841;0.16900001466274261;0.1900000125169754
734203.0;-1.3610000610351562;0.5610000491142273;0.20000000298023224;50.875;-4.375;0.1875;3071.0;516.0;-1022.0;312.6875;-75.5625;-42.5625;-0.70452880859375;0.15228271484375;-0.62066650390625;-0.30859375;-0.3490000069141388;0.503000020980835;0.023000001907348633;-0.9490000605583191;0.16500000655651093;0.17900000512599945
734213.0;-1.2990000247955322;0.6680000424385071;0.203000009059906;50.875;-4.375;0.1875;3071.0;516.0;-1022.0;312.6875;-75.5625;-42.5625;-0.70733642578125;0.14569091796875;-0.62591552734375;-0.29443359375;-0.30400002002716064;0.3700000047683716;0.0560000017285347;-0.9520000219345093;0.15900000929832458;0.17000000178813934
734217.0;-1.2990000247955322;0.6680000424385071;0.203000009059906;50.875;-4.375;0.1875;3071.0;516.0;-1022.0;312.6875;-75.5625;-42.5625;-0.70733642578125;0.14569091796875;-0.62591552734375;-0.29443359375;-0.30400002002716064;0.3700000047683716;0.0560000017285347;-0.9520000219345093;0.15900000929832458;0.17000000178813934
734227.0;-1.25600004196167;0.5290000438690186;0.22700001299381256;50.5;1.5;1.0;2939.0;404.0;-1125.0;314.75;-76.1875;-43.0;-0.70733642578125;0.14569091796875;-0.62591552734375;-0.29443359375;-0.2770000100135803;0.30300000309944153;0.029000001028180122;-0.9550000429153442;0.14900000393390656;0.16200000047683716
734237.0;-1.2320001125335693;0.4520000219345093;0.19200000166893005;50.5;1.5;1.0;2495.0;386.0;-1908.0;319.375;-77.875;-40.875;-0.7137451171875;0.13836669921875;-0.6339111328125;-0.2637939453125;-0.25699999928474426;0.30900001525878906;0.015000000596046448;-0.9580000638961792;0.1340000033378601;0.1550000011920929
734247.0;-1.2160000801086426;0.44300001859664917;0.17000000178813934;50.5;1.5;1.0;2314.0;459.0;-2275.0;321.9375;-79.0;-37.875;-0.71697998046875;0.13787841796875;-0.6370849609375;-0.2470703125;-0.2410000115633011;0.3540000021457672;0.01600000075995922;-0.9620000720024109;0.11400000751018524;0.1469999998807907
734257.0;-1.2040001153945923;0.4690000116825104;0.164000004529953;50.5;1.5;1.0;2314.0;459.0;-2275.0;324.4375;-80.0625;-34.0625;-0.7198486328125;0.137939453125;-0.6400146484375;-0.23046875;-0.24300001561641693;0.35200002789497375;0.03100000135600567;-0.9660000205039978;0.09400000423192978;0.13900001347064972
734267.0;-1.2090001106262207;0.44600000977516174;0.17100000381469727;50.5;1.5;1.0;2215.0;489.0;-2316.0;324.4375;-80.0625;-34.0625;-0.7198486328125;0.137939453125;-0.6400146484375;-0.23046875;-0.24300001561641693;0.35200002789497375;0.03100000135600567;-0.968000054359436;0.07600000500679016;0.13300000131130219
734271.0;-1.218000054359436;0.4010000228881836;0.17900000512599945;52.25;4.75;0.5625;2081.0;414.0;-2030.0;326.75;-80.9375;-29.875;-0.72235107421875;0.1373291015625;-0.642578125;-0.21539306640625;-0.25;0.3240000009536743;0.04500000178813934;-0.968000054359436;0.07600000500679016;0.13300000131130219
734281.0;-1.2410000562667847;0.3760000169277191;0.16100001335144043;52.25;4.75;0.5625;1745.0;246.0;-1648.0;330.1875;-81.875;-21.4375;-0.726806640625;0.13604736328125;-0.6448974609375;-0.193359375;-0.2510000169277191;0.32100000977516174;-0.009000000543892384;-0.9700000286102295;0.05000000074505806;0.12800000607967377
734291.0;-1.222000002861023;0.3720000088214874;0.11900000274181366;52.25;4.75;0.5625;1323.0;48.0;-1326.0;331.375;-82.0625;-17.1875;-0.72882080078125;0.13629150390625;-0.64483642578125;-0.185546875;-0.2150000035762787;0.31700000166893005;-0.014000000432133675;-0.971000075340271;0.039000000804662704;0.12800000607967377
734301.0;-1.186000108718872;0.3570000231266022;0.11400000751018524;52.25;4.75;0.5625;976.0;-47.0;-1179.0;331.375;-82.0625;-17.1875;-0.7308349609375;0.1373291015625;-0.64447021484375;-0.17803955078125;-0.18200001120567322;0.30100002884864807;-0.026000000536441803;-0.971000075340271;0.02800000086426735;0.1290000081062317
734304.0;-1.186000108718872;0.3570000231266022;0.11400000751018524;52.25;4.75;0.5625;976.0;-47.0;-1179.0;331.375;-82.0625;-17.1875;-0.7308349609375;0.1373291015625;-0.64447021484375;-0.17803955078125;-0.18200001120567322;0.30100002884864807;-0.026000000536441803;-0.971000075340271;0.02800000086426735;0.1290000081062317
734314.0;-1.1540000438690186;0.3290000259876251;0.10300000756978989;52.25;4.75;0.5625;804.0;-58.0;-1243.0;332.5625;-82.25;-12.3125;-0.7308349609375;0.1373291015625;-0.64447021484375;-0.17803955078125;-0.18200001120567322;0.30100002884864807;-0.026000000536441803;-0.971000075340271;0.02800000086426735;0.1290000081062317
734324.0;-1.127000093460083;0.2930000126361847;0.08100000023841858;51.5;10.75;1.0;785.0;-14.0;-1424.0;333.875;-82.375;-6.4375;-0.73272705078125;0.13916015625;-0.64410400390625;-0.169921875;-0.1550000011920929;0.27800002694129944;-0.04700000211596489;-0.9720000624656677;0.014000000432133675;0.12800000607967377
734334.0;-1.1180000305175781;0.2370000183582306;0.05400000140070915;51.5;10.75;1.0;830.0;46.0;-1588.0;335.25;-82.4375;0.1875;-0.7362060546875;0.14361572265625;-0.643798828125;-0.1513671875;-0.15800000727176666;0.22600001096725464;-0.07100000232458115;-0.9720000624656677;-0.01600000075995922;0.12700000405311584
734339.0;-1.1180000305175781;0.2370000183582306;0.05400000140070915;51.5;10.75;1.0;830.0;46.0;-1588.0;335.25;-82.4375;0.1875;-0.7362060546875;0.14361572265625;-0.643798828125;-0.1513671875;-0.15800000727176666;0.22600001096725464;-0.07100000232458115;-0.9720000624656677;-0.01600000075995922;0.12700000405311584
734349.0;-1.1299999952316284;0.21000000834465027;0.055000003427267075;51.5;10.75;1.0;885.0;118.0;-1653.0;336.75;-82.4375;7.25;-0.73760986328125;0.14581298828125;-0.64385986328125;-0.141845703125;-0.1720000058412552;0.23600001633167267;-0.05700000375509262;-0.9720000624656677;-0.03100000135600567;0.125
734359.0;-1.1440000534057617;0.20400001108646393;0.06800000369548798;51.5;10.75;1.0;900.0;165.0;-1628.0;338.1875;-82.375;14.125;-0.73760986328125;0.14581298828125;-0.64385986328125;-0.141845703125;-0.17600001394748688;0.25699999928474426;-0.05100000277161598;-0.971000075340271;-0.046000003814697266;0.12400000542402267
734369.0;-1.1480000019073486;0.2110000103712082;0.07200000435113907;51.5;10.75;1.0;858.0;144.0;-1521.0;339.5625;-82.1875;20.3125;-0.7388916015625;0.147705078125;-0.64385986328125;-0.13287353515625;-0.17600001394748688;0.25699999928474426;-0.05100000277161598;-0.971000075340271;-0.046000003814697266;0.12400000542402267
734379.0;-1.1140000820159912;0.1720000058412552;0.02800000086426735;49.6875;14.75;-0.5625;757.0;74.0;-1371.0;340.8125;-81.875;25.5;-0.74017333984375;0.14947509765625;-0.64361572265625;-0.1248779296875;-0.14300000667572021;0.23200000822544098;-0.09600000083446503;-0.9700000286102295;-0.05900000408291817;0.12400000542402267
734389.0;-1.0820000171661377;0.15900000929832458;0.026000000536441803;49.6875;14.75;-0.5625;584.0;21.0;-1221.0;341.875;-81.5625;29.6875;-0.7413330078125;0.1513671875;-0.64312744140625;-0.11810302734375;-0.07800000160932541;0.22200001776218414;-0.11400000751018524;-0.9690000414848328;-0.08100000023841858;0.12400000542402267
734392.0;-1.0470000505447388;0.14000000059604645;0.010000000707805157;49.6875;14.75;-0.5625;377.0;53.0;-1110.0;342.75;-81.25;33.375;-0.74212646484375;0.1536865234375;-0.64263916015625;-0.1124267578125;-0.07800000160932541;0.22200001776218414;-0.11400000751018524;-0.968000054359436;-0.09200000762939453;0.12300000339746475
734402.0;-1.0080000162124634;0.08400000631809235;0.04800000041723251;49.6875;14.75;-0.5625;207.0;89.0;-1047.0;343.5;-80.9375;36.75;-0.74261474609375;0.156494140625;-0.64227294921875;-0.1075439453125;-0.04000000283122063;0.17600001394748688;-0.07400000095367432;-0.9670000672340393;-0.10200000554323196;0.12200000882148743
734412.0;-1.0010000467300415;0.06000000238418579;0.07700000703334808;49.6875;14.75;-0.5625;24.0;135.0;-1022.0;344.125;-80.625;40.0625;-0.74273681640625;0.159912109375;-0.6419677734375;-0.1033935546875;-0.032999999821186066;0.16300000250339508;-0.04400000348687172;-0.9670000672340393;-0.10200000554323196;0.12200000882148743
734422.0;-0.9920000433921814;0.03800000250339508;0.10500000417232513;49.25;17.5;-1.0;-196.0;222.0;-1011.0;344.625;-80.3125;43.4375;-0.74237060546875;0.16424560546875;-0.641845703125;-0.099853515625;-0.026000000536441803;0.1510000079870224;-0.014000000432133675;-0.9660000205039978;-0.11300000548362732;0.11900000274181366
734426.0;-0.9920000433921814;0.03800000250339508;0.10500000417232513;49.25;17.5;-1.0;-196.0;222.0;-1011.0;344.625;-80.3125;43.4375;-0.74237060546875;0.16424560546875;-0.641845703125;-0.099853515625;-0.026000000536441803;0.1510000079870224;-0.014000000432133675;-0.9660000205039978;-0.11300000548362732;0.11900000274181366
734436.0;-0.9900000691413879;0.02800000086426735;0.1469999998807907;49.25;17.5;-1.0;-396.0;287.0;-1005.0;345.0625;-80.0;46.8125;-0.74151611328125;0.16937255859375;-0.64190673828125;-0.0970458984375;-0.02500000037252903;0.15200001001358032;0.03100000135600567;-0.9650000333786011;-0.12400000542402267;0.11600000411272049
734446.0;-1.3990000486373901;1.2540000677108765;1.534000039100647;49.25;17.5;-1.0;-597.0;245.0;-991.0;345.375;-79.625;50.0625;-0.74066162109375;0.1751708984375;-0.64166259765625;-0.094970703125;-0.43400001525878906;1.3890000581741333;1.4210001230239868;-0.9640000462532043;-0.1340000033378601;0.1120000034570694
734456.0;-1.4040000438690186;2.636000156402588;0.5190000534057617;49.25;17.5;-1.0;-779.0;-41.0;-776.0;345.4375;-79.25;52.0;-0.740478515625;0.18084716796875;-0.640380859375;-0.0946044921875;-0.4400000274181366;2.7790000438690186;0.40700000524520874;-0.9630000591278076;-0.14300000667572021;0.1120000034570694
734459.0;-1.4040000438690186;2.636000156402588;0.5190000534057617;49.25;17.5;-1.0;-779.0;-41.0;-776.0;345.4375;-79.25;52.0;-0.740478515625;0.18084716796875;-0.640380859375;-0.0946044921875;-0.4400000274181366;2.7790000438690186;0.40700000524520874;-0.9630000591278076;-0.14300000667572021;0.1120000034570694
734469.0;-0.8490000367164612;1.652000069618225;-0.4580000340938568;49.25;17.5;-1.0;1029.0;263.0;-273.0;346.125;-79.1875;52.5625;-0.74066162109375;0.1778564453125;-0.64166259765625;-0.08978271484375;0.11300000548362732;1.7980000972747803;-0.5690000057220459;-0.9630000591278076;-0.14500001072883606;0.11100000888109207
734479.0;-0.9000000357627869;0.2460000067949295;-0.06000000238418579;47.375;20.75;-0.1875;2487.0;-102.0;152.0;347.375;-79.25;50.5;-0.74322509765625;0.16754150390625;-0.64251708984375;-0.08203125;0.06200000271201134;0.38700002431869507;-0.17600001394748688;-0.9630000591278076;-0.14000000059604645;0.11500000208616257
734489.0;-0.9700000286102295;-0.737000048160553;0.16500000655651093;47.375;20.75;-0.1875;683.0;-352.0;560.0;347.375;-79.375;48.0625;-0.7447509765625;0.162841796875;-0.64190673828125;-0.08221435546875;-0.006000000052154064;-0.6030000448226929;0.04400000348687172;-0.9630000591278076;-0.1340000033378601;0.12000000476837158
734493.0;-1.0670000314712524;-0.32500001788139343;0.2840000092983246;47.375;20.75;-0.1875;-1517.0;-303.0;722.0;346.125;-79.5625;46.625;-0.744140625;0.16619873046875;-0.640625;-0.0904541015625;-0.10300000756978989;-0.19600000977516174;0.16200000047683716;-0.9640000462532043;-0.12800000607967377;0.1210000067949295
734503.0;-1.1400001049041748;0.11900000274181366;0.1770000010728836;47.375;20.75;-0.1875;-1977.0;-305.0;232.0;344.875;-79.5625;46.625;-0.7432861328125;0.17303466796875;-0.638671875;-0.09832763671875;-0.17500001192092896;0.24800001084804535;0.055000003427267075;-0.9640000462532043;-0.1290000081062317;0.1210000067949295
734513.0;-1.127000093460083;0.23200000822544098;0.10600000619888306;47.375;20.75;-0.1875;-950.0;-20.0;-464.0;344.6875;-79.3125;48.125;-0.74273681640625;0.17828369140625;-0.63763427734375;-0.0997314453125;-0.164000004529953;0.367000013589859;-0.014000000432133675;-0.9630000591278076;-0.13500000536441803;0.12000000476837158
734523.0;-0.9960000514984131;-0.06599999964237213;-0.0990000069141388;47.75;20.75;-1.0;-189.0;101.0;-591.0;344.9375;-79.0625;49.75;-0.74249267578125;0.18109130859375;-0.63739013671875;-0.09796142578125;-0.032999999821186066;0.07400000095367432;-0.21900001168251038;-0.9630000591278076;-0.14100000262260437;0.11900000274181366
734527.0;-0.9960000514984131;-0.06599999964237213;-0.0990000069141388;47.75;20.75;-1.0;-189.0;101.0;-591.0;344.9375;-79.0625;49.75;-0.74249267578125;0.18109130859375;-0.63739013671875;-0.09796142578125;-0.032999999821186066;0.07400000095367432;-0.21900001168251038;-0.9630000591278076;-0.14100000262260437;0.11900000274181366
734537.0;-0.9960000514984131;-0.06599999964237213;-0.0990000069141388;47.75;20.75;-1.0;-332.0;88.0;-123.0;344.8125;-79.0625;50.375;-0.741943359375;0.182861328125;-0.637451171875;-0.0985107421875;0.03500000014901161;0.049000002443790436;-0.164000004529953;-0.9620000720024109;-0.1420000046491623;0.11800000816583633
734547.0;-0.9040000438690186;-0.10100000351667404;0.024000000208616257;47.75;20.75;-1.0;-562.0;25.0;318.0;344.375;-79.25;50.1875;-0.74114990234375;0.18402099609375;-0.6375732421875;-0.10162353515625;0.05900000408291817;0.039000000804662704;-0.09200000762939453;-0.9630000591278076;-0.14000000059604645;0.11700000613927841
734557.0;-0.9040000438690186;-0.10100000351667404;0.024000000208616257;47.75;20.75;-1.0;-348.0;191.0;320.0;344.0;-79.4375;50.1875;-0.739990234375;0.18438720703125;-0.638427734375;-0.1038818359375;-0.006000000052154064;0.004000000189989805;-0.046000003814697266;-0.9640000462532043;-0.13700000941753387;0.11400000751018524
734562.0;-0.9700000286102295;-0.13199999928474426;0.06800000369548798;47.75;20.75;-1.0;191.0;317.0;12.0;344.125;-79.5625;50.875;-0.7391357421875;0.18377685546875;-0.6397705078125;-0.10296630859375;-0.049000002443790436;0.07000000029802322;-0.06599999964237213;-0.9640000462532043;-0.13700000941753387;0.11100000888109207
734572.0;-1.0130000114440918;-0.06599999964237213;0.04400000348687172;47.75;20.75;-1.0;725.0;329.0;-199.0;344.625;-79.625;51.6875;-0.73883056640625;0.18182373046875;-0.64129638671875;-0.09942626953125;-0.07000000029802322;0.1680000126361847;-0.06599999964237213;-0.9640000462532043;-0.1380000114440918;0.10900000482797623
734582.0;-1.0350000858306885;0.029000001028180122;0.04200000315904617;47.75;20.75;-0.6875;1075.0;221.0;-63.0;345.25;-79.6875;51.75;-0.7391357421875;0.17791748046875;-0.64263916015625;-0.0953369140625;-0.07900000363588333;0.26500001549720764;-0.018000001087784767;-0.9640000462532043;-0.13700000941753387;0.1080000028014183
734592.0;-1.0440000295639038;0.12700000405311584;0.09000000357627869;47.75;20.75;-0.6875;1134.0;64.0;268.0;345.75;-79.8125;50.625;-0.73980712890625;0.172607421875;-0.6436767578125;-0.09246826171875;-0.08300000429153442;0.47300001978874207;0.09700000286102295;-0.9650000333786011;-0.13300000131130219;0.10900000482797623
734602.0;-1.0480000972747803;0.33900001645088196;0.20600001513957977;47.75;20.75;-0.6875;876.0;-96.0;595.0;345.8125;-80.0625;48.5625;-0.7406005859375;0.1671142578125;-0.644287109375;-0.09185791015625;-0.08900000154972076;0.5420000553131104;0.14400000870227814;-0.9660000205039978;-0.12600000202655792;0.11100000888109207
734612.0;-1.0550000667572021;0.41600000858306885;0.25600001215934753;47.75;20.75;-0.6875;445.0;-181.0;760.0;345.5625;-80.3125;46.0;-0.74127197265625;0.1627197265625;-0.64447021484375;-0.093505859375;-0.09800000488758087;0.5710000395774841;0.14100000262260437;-0.9660000205039978;-0.11800000816583633;0.11400000751018524
734616.0;-1.0550000667572021;0.41600000858306885;0.25600001215934753;47.75;20.75;-0.6875;445.0;-181.0;760.0;345.5625;-80.3125;46.0;-0.74127197265625;0.1627197265625;-0.64447021484375;-0.093505859375;-0.09800000488758087;0.5710000395774841;0.14100000262260437;-0.9660000205039978;-0.11800000816583633;0.11400000751018524
734626.0;-1.065000057220459;0.4520000219345093;0.2550000250339508;47.75;20.75;-0.6875;445.0;-181.0;760.0;345.5625;-80.3125;46.0;-0.741455078125;0.16033935546875;-0.644287109375;-0.0968017578125;-0.0950000062584877;0.5610000491142273;0.12700000405311584;-0.9670000672340393;-0.11000000685453415;0.11600000411272049
734636.0;-1.0630000829696655;0.45100003480911255;0.24300001561641693;48.375;21.875;-0.1875;-62.0;-189.0;742.0;345.125;-80.5625;43.6875;-0.7412109375;0.16033935546875;-0.6439208984375;-0.10137939453125;-0.08300000429153442;0.5330000519752502;0.11000000685453415;-0.9670000672340393;-0.10500000417232513;0.11700000613927841
734646.0;-1.0509999990463257;0.4280000329017639;0.22700001299381256;48.375;21.875;-0.1875;-1033.0;-122.0;573.0;343.5;-80.9375;40.5625;-0.74041748046875;0.16241455078125;-0.643310546875;-0.10723876953125;-0.0860000029206276;0.534000039100647;0.10700000822544098;-0.968000054359436;-0.10000000149011612;0.11700000613927841
734651.0;-1.0540000200271606;0.43300002813339233;0.2240000069141388;48.375;21.875;-0.1875;-1344.0;-93.0;617.0;342.375;-81.125;39.375;-0.7392578125;0.16546630859375;-0.6427001953125;-0.11431884765625;-0.11800000816583633;0.534000039100647;0.11900000274181366;-0.968000054359436;-0.0950000062584877;0.11600000411272049
734661.0;-1.0870000123977661;0.4390000104904175;0.23600001633167267;48.375;21.875;-0.1875;-1344.0;-93.0;617.0;341.125;-81.3125;37.6875;-0.73779296875;0.16888427734375;-0.6419677734375;-0.12261962890625;-0.22800001502037048;0.5460000038146973;0.10700000822544098;-0.9690000414848328;-0.08900000154972076;0.11600000411272049
734671.0;-1.1970000267028809;0.45600003004074097;0.22300000488758087;48.375;21.875;-0.1875;-1550.0;-114.0;756.0;341.125;-81.3125;37.6875;-0.73779296875;0.16888427734375;-0.6419677734375;-0.12261962890625;-0.22800001502037048;0.5460000038146973;0.10700000822544098;-0.9700000286102295;-0.0820000022649765;0.11600000411272049
734681.0;-1.2480000257492065;0.4610000252723694;0.1900000125169754;48.375;19.6875;-0.1875;-1721.0;-172.0;983.0;339.5625;-81.625;35.125;-0.73614501953125;0.172119140625;-0.64105224609375;-0.1324462890625;-0.2770000100135803;0.5430000424385071;0.07300000637769699;-0.9700000286102295;-0.07100000232458115;0.11700000613927841
734684.0;-1.2480000257492065;0.4610000252723694;0.1900000125169754;48.375;19.6875;-0.1875;-1721.0;-172.0;983.0;339.5625;-81.625;35.125;-0.73614501953125;0.172119140625;-0.64105224609375;-0.1324462890625;-0.2770000100135803;0.5430000424385071;0.07300000637769699;-0.9700000286102295;-0.07100000232458115;0.11700000613927841
734694.0;-1.281000018119812;0.45100003480911255;0.1420000046491623;48.375;19.6875;-0.1875;-1888.0;-261.0;1232.0;335.8125;-82.125;26.25;-0.7325439453125;0.1778564453125;-0.6380615234375;-0.15679931640625;-0.320000022649765;0.5010000467300415;-0.03200000151991844;-0.971000075340271;-0.05900000408291817;0.12000000476837158
734704.0;-1.2910000085830688;0.44200003147125244;0.08700000494718552;48.375;19.6875;-0.1875;-2063.0;-369.0;1462.0;333.5625;-82.25;20.0;-0.730712890625;0.18060302734375;-0.63568115234375;-0.17138671875;-0.2900000214576721;0.46300002932548523;-0.04800000041723251;-0.971000075340271;-0.04500000178813934;0.12400000542402267
734714.0;-1.2610000371932983;0.4180000126361847;0.07500000298023224;48.375;19.6875;-0.1875;-2271.0;-515.0;1663.0;333.5625;-82.25;20.0;-0.72882080078125;0.1834716796875;-0.6324462890625;-0.18743896484375;-0.2880000174045563;0.4100000262260437;-0.03200000151991844;-0.971000075340271;-0.029000001028180122;0.1300000101327896
734718.0;-1.2610000371932983;0.4180000126361847;0.07500000298023224;48.375;19.6875;-0.1875;-2271.0;-515.0;1663.0;333.5625;-82.25;20.0;-0.72882080078125;0.1834716796875;-0.6324462890625;-0.18743896484375;-0.2880000174045563;0.4100000262260437;-0.03200000151991844;-0.971000075340271;-0.029000001028180122;0.1300000101327896
734728.0;-1.2600001096725464;0.38100001215934753;0.09700000286102295;48.375;19.6875;-0.1875;-2494.0;-676.0;1833.0;331.125;-82.125;12.875;-0.72882080078125;0.1834716796875;-0.6324462890625;-0.18743896484375;-0.2880000174045563;0.4100000262260437;-0.03200000151991844;-0.971000075340271;-0.029000001028180122;0.1300000101327896
734738.0;-1.2930001020431519;0.3410000205039978;0.10600000619888306;50.1875;17.5;0.1875;-2711.0;-734.0;1932.0;328.5;-81.875;5.6875;-0.72662353515625;0.1866455078125;-0.62872314453125;-0.20458984375;-0.32200002670288086;0.35500001907348633;-0.030000001192092896;-0.9700000286102295;-0.013000000268220901;0.13700000941753387
734748.0;-1.349000096321106;0.3500000238418579;0.1210000067949295;50.1875;17.5;0.1875;-2851.0;-716.0;1930.0;325.875;-81.5;-0.6875;-0.7213134765625;0.19415283203125;-0.620361328125;-0.23919677734375;-0.4620000123977661;0.3370000123977661;-0.007000000216066837;-0.968000054359436;0.01600000075995922;0.1510000079870224
734752.0;-1.4310001134872437;0.3540000021457672;0.14400000870227814;50.1875;17.5;0.1875;-2815.0;-730.0;1850.0;323.25;-81.0;-6.125;-0.7188720703125;0.1973876953125;-0.61572265625;-0.25531005859375;-0.453000009059906;0.33000001311302185;-0.023000001907348633;-0.9660000205039978;0.030000001192092896;0.1600000113248825
734762.0;-1.4190000295639038;0.36000001430511475;0.13700000941753387;50.1875;17.5;0.1875;-2638.0;-794.0;1764.0;320.875;-80.375;-10.5625;-0.7188720703125;0.1973876953125;-0.61572265625;-0.25531005859375;-0.4140000343322754;0.36000001430511475;-0.03500000014901161;-0.9640000462532043;0.04400000348687172;0.17000000178813934
734772.0;-1.378000020980835;0.4050000309944153;0.13500000536441803;50.1875;17.5;0.1875;-2409.0;-845.0;1794.0;318.5625;-79.625;-14.5;-0.716552734375;0.19952392578125;-0.611083984375;-0.27081298828125;-0.4140000343322754;0.36000001430511475;-0.03500000014901161;-0.9640000462532043;0.04400000348687172;0.17000000178813934
734782.0;-1.3340001106262207;0.4610000252723694;0.14800000190734863;50.25;12.25;0.5625;-2180.0;-886.0;1967.0;316.3125;-78.8125;-18.375;-0.7142333984375;0.20013427734375;-0.6065673828125;-0.28619384765625;-0.3720000088214874;0.4010000228881836;-0.03100000135600567;-0.9620000720024109;0.06000000238418579;0.18000000715255737
734785.0;-1.3340001106262207;0.4610000252723694;0.14800000190734863;50.25;12.25;0.5625;-2180.0;-886.0;1967.0;316.3125;-78.8125;-18.375;-0.7142333984375;0.20013427734375;-0.6065673828125;-0.28619384765625;-0.3720000088214874;0.4010000228881836;-0.03100000135600567;-0.9620000720024109;0.06000000238418579;0.18000000715255737
734795.0;-1.3480000495910645;0.5180000066757202;0.13500000536441803;50.25;12.25;0.5625;-2065.0;-915.0;2202.0;314.0;-77.8125;-22.25;-0.7115478515625;0.199462890625;-0.60223388671875;-0.302001953125;-0.3890000283718109;0.4390000104904175;-0.055000003427267075;-0.9540000557899475;0.09700000286102295;0.20100000500679016
734805.0;-1.374000072479248;0.5210000276565552;0.08400000631809235;50.25;12.25;0.5625;-2075.0;-838.0;2365.0;311.5625;-76.75;-25.875;-0.7081298828125;0.1983642578125;-0.59820556640625;-0.318359375;-0.45900002121925354;0.3970000147819519;-0.13600000739097595;-0.9500000476837158;0.11700000613927841;0.2110000103712082
734815.0;-1.409000039100647;0.5139999985694885;0.07500000298023224;50.25;12.25;0.5625;-2082.0;-787.0;2372.0;309.125;-75.6875;-28.9375;-0.704345703125;0.19732666015625;-0.5941162109375;-0.33453369140625;-0.45900002121925354;0.3970000147819519;-0.13600000739097595;-0.9450000524520874;0.13500000536441803;0.22200001776218414
734818.0;-1.409000039100647;0.5139999985694885;0.07500000298023224;50.25;12.25;0.5625;-2082.0;-787.0;2372.0;309.125;-75.6875;-28.9375;-0.704345703125;0.19732666015625;-0.5941162109375;-0.33453369140625;-0.45900002121925354;0.3970000147819519;-0.13600000739097595;-0.9450000524520874;0.13500000536441803;0.22200001776218414
734828.0;-1.3730000257492065;0.4280000329017639;0.0560000017285347;50.25;12.25;0.5625;-2070.0;-779.0;2319.0;306.8125;-74.5625;-31.375;-0.700439453125;0.19635009765625;-0.58990478515625;-0.3504638671875;-0.4280000329017639;0.29200002551078796;-0.16600000858306885;-0.9450000524520874;0.13500000536441803;0.22200001776218414
734838.0;-1.4450000524520874;0.45500001311302185;0.08000000566244125;51.375;7.375;0.1875;-2034.0;-739.0;2257.0;304.5625;-73.4375;-33.3125;-0.69635009765625;0.19549560546875;-0.585693359375;-0.3658447265625;-0.5049999952316284;0.3020000159740448;-0.15200001001358032;-0.940000057220459;0.15300001204013824;0.23200000822544098
734848.0;-1.437000036239624;0.4220000207424164;0.1600000113248825;51.375;7.375;0.1875;-2298.0;-702.0;2534.0;302.0;-72.25;-35.25;-0.691162109375;0.1947021484375;-0.5811767578125;-0.3829345703125;-0.503000020980835;0.25;-0.08300000429153442;-0.9340000152587891;0.1720000058412552;0.24300001561641693
734854.0;-1.4570000171661377;0.32600000500679016;0.24400001764297485;51.375;7.375;0.1875;-2416.0;-948.0;3162.0;299.0625;-70.625;-37.375;-0.68499755859375;0.19183349609375;-0.575927734375;-0.40277099609375;-0.531000018119812;0.12800000607967377;-0.013000000268220901;-0.9250000715255737;0.19700001180171967;0.25699999928474426
734864.0;-1.3890000581741333;0.3500000238418579;0.38100001215934753;51.375;7.375;0.1875;-2082.0;-1014.0;3076.0;296.375;-69.0;-39.0625;-0.6793212890625;0.18780517578125;-0.57086181640625;-0.421142578125;-0.47300001978874207;0.12800000607967377;0.1080000028014183;-0.9150000214576721;0.22100001573562622;0.2720000147819519
734874.0;-1.374000072479248;0.39500001072883606;0.4050000309944153;51.375;7.375;0.1875;-1811.0;-1072.0;3036.0;293.875;-67.3125;-40.4375;-0.67388916015625;0.1827392578125;-0.56585693359375;-0.4384765625;-0.4690000116825104;0.15000000596046448;0.11800000816583633;-0.9050000309944153;0.24500000476837158;0.28700000047683716
734884.0;-1.3990000486373901;0.4050000309944153;0.4390000104904175;51.0;0.75;-0.6875;-1643.0;-1113.0;3128.0;291.4375;-65.5625;-41.75;-0.66827392578125;0.1766357421875;-0.56103515625;-0.45550537109375;-0.5060000419616699;0.13500000536441803;0.13700000941753387;-0.893000066280365;0.26900002360343933;0.3020000159740448
734888.0;-1.3990000486373901;0.4050000309944153;0.4390000104904175;51.0;0.75;-0.6875;-1643.0;-1113.0;3128.0;291.4375;-65.5625;-41.75;-0.66827392578125;0.1766357421875;-0.56103515625;-0.45550537109375;-0.5060000419616699;0.13500000536441803;0.13700000941753387;-0.893000066280365;0.26900002360343933;0.3020000159740448
734898.0;-1.408000111579895;0.36100003123283386;0.4480000138282776;51.0;0.75;-0.6875;-1561.0;-1198.0;3201.0;289.0;-63.75;-42.75;-0.66253662109375;0.16973876953125;-0.555908203125;-0.47247314453125;-0.527999997138977;0.06599999964237213;0.1300000101327896;-0.8790000677108765;0.2939999997615814;0.31800001859664917
734908.0;-1.3420000076293945;0.2750000059604645;0.4620000123977661;51.0;0.75;-0.6875;-1426.0;-1330.0;3240.0;286.625;-61.8125;-43.625;-0.65692138671875;0.161865234375;-0.55047607421875;-0.48907470703125;-0.47700002789497375;-0.04400000348687172;0.12700000405311584;-0.8640000224113464;0.3190000057220459;0.33400002121925354
734918.0;-1.2970000505447388;0.25300002098083496;0.48500001430511475;51.0;0.75;-0.6875;-1144.0;-1408.0;3188.0;284.5;-59.875;-44.375;-0.65167236328125;0.15289306640625;-0.5452880859375;-0.50457763671875;-0.4490000307559967;-0.09000000357627869;0.13300000131130219;-0.8480000495910645;0.3440000116825104;0.35100001096725464
734923.0;-1.2940000295639038;0.2880000174045563;0.49900001287460327;51.0;0.75;-0.6875;-821.0;-1431.0;3162.0;282.5;-57.875;-45.125;-0.6466064453125;0.142822265625;-0.54058837890625;-0.51885986328125;-0.46300002932548523;-0.08000000566244125;0.13199999928474426;-0.8300000429153442;0.36900001764297485;0.367000013589859
734933.0;-1.378000020980835;0.1510000079870224;0.5530000329017639;49.875;-7.75;-4.25;-562.0;-1432.0;3230.0;280.5625;-55.875;-45.9375;-0.64129638671875;0.13153076171875;-0.5364990234375;-0.532470703125;-0.5660000443458557;-0.24300001561641693;0.17000000178813934;-0.812000036239624;0.39400002360343933;0.38200002908706665
734943.0;-1.2910000085830688;0.22700001299381256;0.5300000309944153;49.875;-7.75;-4.25;-305.0;-1557.0;3625.0;278.5625;-53.625;-46.875;-0.63519287109375;0.117919921875;-0.53277587890625;-0.54656982421875;-0.5010000467300415;-0.19600000977516174;0.13300000131130219;-0.7900000214576721;0.4240000247955322;0.3960000276565552
734953.0;-1.2350000143051147;0.3410000205039978;0.5290000438690186;49.875;-7.75;-4.25;-104.0;-1667.0;3798.0;276.5;-51.25;-47.875;-0.62872314453125;0.10272216796875;-0.52911376953125;-0.560546875;-0.4700000286102295;-0.11300000548362732;0.11800000816583633;-0.76500004529953;0.45500001311302185;0.4100000262260437
734956.0;-1.2350000143051147;0.3410000205039978;0.5290000438690186;49.875;-7.75;-4.25;-104.0;-1667.0;3798.0;276.5;-51.25;-47.875;-0.62872314453125;0.10272216796875;-0.52911376953125;-0.560546875;-0.4700000286102295;-0.11300000548362732;0.11800000816583633;-0.76500004529953;0.45500001311302185;0.4100000262260437
734966.0;-1.2350000143051147;0.3410000205039978;0.5290000438690186;49.875;-7.75;-4.25;41.0;-1643.0;3528.0;274.75;-49.0;-48.75;-0.62274169921875;0.087890625;-0.525634765625;-0.5728759765625;-0.453000009059906;-0.1080000028014183;0.09700000286102295;-0.7400000095367432;0.4830000102519989;0.4230000078678131
734976.0;-1.194000005722046;0.37400001287460327;0.5210000276565552;49.875;-7.75;-4.25;42.0;-1614.0;3293.0;273.125;-46.875;-49.375;-0.6171875;0.07366943359375;-0.5218505859375;-0.584228515625;-0.4960000216960907;-0.049000002443790436;0.1120000034570694;-0.7160000205039978;0.5080000162124634;0.4350000321865082
734986.0;-1.2120000123977661;0.45900002121925354;0.5480000376701355;47.6875;-17.0;-6.375;-153.0;-1574.0;3089.0;271.5625;-44.8125;-49.8125;-0.61181640625;0.060791015625;-0.51739501953125;-0.59527587890625;-0.5250000357627869;-0.08800000697374344;0.10700000822544098;-0.6910000443458557;0.531000018119812;0.4480000138282776
734991.0;-1.2170000076293945;0.44200003147125244;0.5550000071525574;47.6875;-17.0;-6.375;-478.0;-1631.0;3216.0;269.8125;-42.6875;-50.0;-0.60589599609375;0.0484619140625;-0.51153564453125;-0.60736083984375;-0.5190000534057617;-0.1469999998807907;0.11300000548362732;-0.6650000214576721;0.5509999990463257;0.4620000123977661
735001.0;-1.184000015258789;0.40400001406669617;0.5760000348091125;47.6875;-17.0;-6.375;-661.0;-1738.0;3402.0;268.0;-40.4375;-50.0625;-0.599365234375;0.0357666015625;-0.504638671875;-0.620361328125;-0.4780000150203705;-0.20500001311302185;0.0950000062584877;-0.6360000371932983;0.5710000395774841;0.4780000150203705
735011.0;-1.1150000095367432;0.3660000264644623;0.5740000009536743;47.6875;-17.0;-6.375;-563.0;-1775.0;3376.0;266.25;-38.1875;-50.125;-0.59283447265625;0.02276611328125;-0.4976806640625;-0.63275146484375;-0.42000001668930054;-0.16600000858306885;0.0650000050663948;-0.6060000061988831;0.5910000205039978;0.4930000305175781
735021.0;-1.027000069618225;0.4240000247955322;0.5590000152587891;47.6875;-17.0;-6.375;-418.0;-1758.0;3251.0;264.625;-36.0;-50.1875;-0.58642578125;0.0096435546875;-0.4910888671875;-0.64410400390625;-0.453000009059906;-0.12700000405311584;0.052000001072883606;-0.5770000219345093;0.609000027179718;0.5070000290870667
735026.0;-1.027000069618225;0.4240000247955322;0.5590000152587891;47.6875;-17.0;-6.375;-418.0;-1758.0;3251.0;264.625;-36.0;-50.1875;-0.58642578125;0.0096435546875;-0.4910888671875;-0.64410400390625;-0.453000009059906;-0.12700000405311584;0.052000001072883606;-0.5770000219345093;0.609000027179718;0.5070000290870667
735036.0;-1.03000009059906;0.48100003600120544;0.5600000023841858;47.6875;-17.0;-6.375;-418.0;-1758.0;3251.0;264.625;-36.0;-50.1875;-0.579833984375;-0.00341796875;-0.484375;-0.65509033203125;-0.4930000305175781;-0.10600000619888306;0.027000000700354576;-0.5460000038146973;0.6260000467300415;0.5200000405311584
735046.0;-1.040000081062317;0.5200000405311584;0.5470000505447388;42.0625;-23.375;-10.875;-402.0;-1740.0;3230.0;263.0;-33.8125;-50.25;-0.579833984375;-0.00341796875;-0.484375;-0.65509033203125;-0.5130000114440918;-0.10000000149011612;-0.006000000052154064;-0.51500004529953;0.6410000324249268;0.5330000519752502
735056.0;-1.027999997138977;0.5410000085830688;0.5270000100135803;42.0625;-23.375;-10.875;-502.0;-1788.0;3272.0;259.75;-29.4375;-50.1875;-0.56585693359375;-0.02923583984375;-0.4697265625;-0.677001953125;-0.42600002884864807;-0.09000000357627869;-0.01600000075995922;-0.4820000231266022;0.656000018119812;0.5460000038146973
735066.0;-0.9080000519752502;0.5649999976158142;0.5300000309944153;42.0625;-23.375;-10.875;-425.0;-1853.0;3272.0;258.1875;-27.1875;-50.125;-0.5587158203125;-0.042724609375;-0.4620361328125;-0.68743896484375;-0.3890000283718109;-0.07800000160932541;0.030000001192092896;-0.4480000138282776;0.6690000295639038;0.5580000281333923
735076.0;-0.8370000123977661;0.5900000333786011;0.5890000462532043;42.0625;-23.375;-10.875;-425.0;-1853.0;3272.0;256.6875;-25.0;-50.125;-0.5516357421875;-0.056396484375;-0.45440673828125;-0.6971435546875;-0.39000001549720764;-0.046000003814697266;0.06000000238418579;-0.4140000343322754;0.6820000410079956;0.5690000057220459
735079.0;-0.8370000123977661;0.5900000333786011;0.5890000462532043;42.0625;-23.375;-10.875;-425.0;-1853.0;3272.0;256.6875;-25.0;-50.125;-0.5516357421875;-0.056396484375;-0.45440673828125;-0.6971435546875;-0.39000001549720764;-0.046000003814697266;0.06000000238418579;-0.4140000343322754;0.6820000410079956;0.5690000057220459
735089.0;-0.8040000200271606;0.6360000371932983;0.6300000548362732;42.0625;-23.375;-10.875;-338.0;-1892.0;3206.0;256.6875;-25.0;-50.125;-0.5516357421875;-0.056396484375;-0.45440673828125;-0.6971435546875;-0.39000001549720764;-0.046000003814697266;0.06000000238418579;-0.3800000250339508;0.6930000185966492;0.5790000557899475
735099.0;-0.8140000104904175;0.6960000395774841;0.5879999995231628;35.375;-30.0;-15.0;-317.0;-1920.0;3058.0;255.3125;-22.8125;-50.0625;-0.54498291015625;-0.06988525390625;-0.4466552734375;-0.70611572265625;-0.43300002813339233;0.0020000000949949026;0.00800000037997961;-0.34700000286102295;0.7020000219345093;0.5890000462532043
735109.0;-0.8180000185966492;0.6970000267028809;0.5680000185966492;35.375;-30.0;-15.0;-356.0;-1958.0;2875.0;252.8125;-18.625;-49.6875;-0.533203125;-0.095703125;-0.4296875;-0.722412109375;-0.4830000102519989;-0.03400000184774399;-0.05300000309944153;-0.31300002336502075;0.7080000042915344;0.6000000238418579
735114.0;-0.7970000505447388;0.6740000247955322;0.5470000505447388;35.375;-30.0;-15.0;-476.0;-2031.0;2797.0;251.625;-16.5;-49.375;-0.52740478515625;-0.10833740234375;-0.419921875;-0.7305908203125;-0.4740000367164612;-0.06400000303983688;-0.06599999964237213;-0.27900001406669617;0.7130000591278076;0.6110000014305115
735124.0;-0.753000020980835;0.6490000486373901;0.5440000295639038;35.375;-30.0;-15.0;-621.0;-2106.0;2829.0;250.375;-14.3125;-48.9375;-0.5213623046875;-0.1209716796875;-0.4091796875;-0.73895263671875;-0.4440000355243683;-0.0650000050663948;-0.05300000309944153;-0.24300001561641693;0.7160000205039978;0.6230000257492065
735134.0;-0.687000036239624;0.6510000228881836;0.5700000524520874;35.375;-30.0;-15.0;-764.0;-2166.0;2895.0;250.375;-14.3125;-48.9375;-0.5213623046875;-0.1209716796875;-0.4091796875;-0.73895263671875;-0.4440000355243683;-0.0650000050663948;-0.05300000309944153;-0.24300001561641693;0.7160000205039978;0.6230000257492065
735144.0;-0.6660000085830688;0.6600000262260437;0.5710000395774841;28.0625;-34.5625;-18.25;-909.0;-2210.0;2945.0;249.125;-12.125;-48.4375;-0.51513671875;-0.1334228515625;-0.3975830078125;-0.74749755859375;-0.46000000834465027;-0.05700000375509262;-0.06400000303983688;-0.20600001513957977;0.7170000076293945;0.6350000500679016
735148.0;-0.6660000085830688;0.6600000262260437;0.5710000395774841;28.0625;-34.5625;-18.25;-909.0;-2210.0;2945.0;249.125;-12.125;-48.4375;-0.51513671875;-0.1334228515625;-0.3975830078125;-0.74749755859375;-0.46000000834465027;-0.05700000375509262;-0.06400000303983688;-0.20600001513957977;0.7170000076293945;0.6350000500679016
735158.0;-0.6570000052452087;0.6470000147819519;0.5540000200271606;28.0625;-34.5625;-18.25;-1064.0;-2229.0;2948.0;247.875;-9.875;-47.8125;-0.50250244140625;-0.15740966796875;-0.37200927734375;-0.764404296875;-0.49400001764297485;-0.10500000417232513;-0.12800000607967377;-0.1300000101327896;0.7120000123977661;0.6600000262260437
735168.0;-0.625;0.6070000529289246;0.5320000052452087;28.0625;-34.5625;-18.25;-1180.0;-2279.0;2946.0;246.625;-7.625;-47.125;-0.49591064453125;-0.1695556640625;-0.358642578125;-0.7724609375;-0.45500001311302185;-0.17500001192092896;-0.10200000554323196;-0.09100000560283661;0.7080000042915344;0.6720000505447388
735178.0;-0.5470000505447388;0.5320000052452087;0.5690000057220459;28.0625;-34.5625;-18.25;-1147.0;-2329.0;2982.0;245.375;-5.375;-46.5;-0.48858642578125;-0.1824951171875;-0.34576416015625;-0.780029296875;-0.4610000252723694;-0.16900001466274261;-0.12400000542402267;-0.052000001072883606;0.703000009059906;0.6800000071525574
735183.0;-0.5130000114440918;0.5330000519752502;0.5560000538825989;28.0625;-34.5625;-18.25;-942.0;-2357.0;3070.0;244.0625;-3.0;-45.9375;-0.48858642578125;-0.1824951171875;-0.34576416015625;-0.780029296875;-0.4610000252723694;-0.16900001466274261;-0.12400000542402267;-0.052000001072883606;0.703000009059906;0.6800000071525574
735193.0;-0.4740000367164612;0.5590000152587891;0.5610000491142273;19.875;-37.0625;-23.6875;-648.0;-2340.0;3156.0;242.75;-0.6875;-45.5625;-0.4803466796875;-0.1961669921875;-0.333984375;-0.78692626953125;-0.4620000123977661;-0.14000000059604645;-0.125;-0.01100000087171793;0.7000000476837158;0.6860000491142273
735203.0;-0.4050000309944153;0.5870000123977661;0.562000036239624;19.875;-37.0625;-23.6875;-376.0;-2318.0;3231.0;241.375;1.625;-45.3125;-0.4713134765625;-0.21051025390625;-0.3231201171875;-0.793212890625;-0.4280000329017639;-0.10500000417232513;-0.1120000034570694;0.0690000057220459;0.6940000057220459;0.6890000104904175
735213.0;-0.3580000102519989;0.5879999995231628;0.5760000348091125;19.875;-37.0625;-23.6875;-211.0;-2294.0;3248.0;240.0;4.0;-45.1875;-0.4617919921875;-0.22503662109375;-0.31280517578125;-0.79888916015625;-0.4190000295639038;-0.10400000214576721;-0.09700000286102295;0.10900000482797623;0.6890000104904175;0.6880000233650208
735223.0;-0.3100000023841858;0.5850000381469727;0.5900000333786011;19.875;-37.0625;-23.6875;-136.0;-2299.0;3218.0;238.6875;6.375;-45.0625;-0.4520263671875;-0.23968505859375;-0.302734375;-0.8040771484375;-0.4190000295639038;-0.10400000214576721;-0.09700000286102295;0.14900000393390656;0.6840000152587891;0.6850000619888306
735233.0;-0.27300000190734863;0.5850000381469727;0.5800000429153442;19.875;-37.0625;-23.6875;-110.0;-2311.0;3197.0;237.3125;8.75;-44.9375;-0.44219970703125;-0.2542724609375;-0.29266357421875;-0.80877685546875;-0.4220000207424164;-0.0990000069141388;-0.10500000417232513;0.14900000393390656;0.6840000152587891;0.6850000619888306
735237.0;-0.27300000190734863;0.5850000381469727;0.5800000429153442;19.875;-37.0625;-23.6875;-110.0;-2311.0;3197.0;237.3125;8.75;-44.9375;-0.44219970703125;-0.2542724609375;-0.29266357421875;-0.80877685546875;-0.4220000207424164;-0.0990000069141388;-0.10500000417232513;0.14900000393390656;0.6840000152587891;0.6850000619888306
735247.0;-0.22100001573562622;0.5730000138282776;0.5560000538825989;11.6875;-38.375;-26.0625;-91.0;-2338.0;3198.0;235.9375;11.125;-44.8125;-0.43218994140625;-0.2689208984375;-0.282470703125;-0.81304931640625;-0.4100000262260437;-0.10500000417232513;-0.125;0.18900001049041748;0.6780000329017639;0.6820000410079956
735257.0;-0.1980000138282776;0.5580000281333923;0.5410000085830688;11.6875;-38.375;-26.0625;-83.0;-2356.0;3203.0;234.625;13.5;-44.6875;-0.4219970703125;-0.2835693359375;-0.2720947265625;-0.81695556640625;-0.4270000159740448;-0.1120000034570694;-0.13600000739097595;0.2290000170469284;0.6700000166893005;0.6770000457763672
735267.0;-0.1730000078678131;0.5490000247955322;0.5230000019073486;11.6875;-38.375;-26.0625;-117.0;-2371.0;3207.0;233.25;15.875;-44.5;-0.41162109375;-0.298095703125;-0.261474609375;-0.820556640625;-0.44200003147125244;-0.1120000034570694;-0.14800000190734863;0.2680000066757202;0.6610000133514404;0.6720000505447388
735271.0;-0.13600000739097595;0.5430000424385071;0.5180000066757202;11.6875;-38.375;-26.0625;-164.0;-2366.0;3220.0;231.875;18.25;-44.3125;-0.401123046875;-0.3123779296875;-0.25048828125;-0.8238525390625;-0.4440000355243683;-0.10700000822544098;-0.1469999998807907;0.3070000112056732;0.6500000357627869;0.6660000085830688
735281.0;-0.07100000232458115;0.5090000033378601;0.4830000102519989;11.6875;-38.375;-26.0625;-247.0;-2346.0;3235.0;230.5;20.625;-44.0;-0.3905029296875;-0.32623291015625;-0.23907470703125;-0.8270263671875;-0.41700002551078796;-0.12700000405311584;-0.17600001394748688;0.3460000157356262;0.6370000243186951;0.659000039100647
735291.0;-0.03700000047683716;0.48900002241134644;0.4650000333786011;0.875;-39.875;-27.75;-359.0;-2327.0;3260.0;229.125;23.0;-43.5625;-0.37969970703125;-0.3397216796875;-0.22705078125;-0.8299560546875;-0.42100003361701965;-0.13300000131130219;-0.18700000643730164;0.3830000162124634;0.6220000386238098;0.6530000567436218
735301.0;0.0;0.4700000286102295;0.4690000116825104;0.875;-39.875;-27.75;-456.0;-2334.0;3260.0;227.75;25.375;-43.125;-0.36895751953125;-0.35284423828125;-0.2144775390625;-0.83270263671875;-0.42000001668930054;-0.1340000033378601;-0.17600001394748688;0.42100003361701965;0.6050000190734863;0.6460000276565552
735305.0;0.0;0.4700000286102295;0.4690000116825104;0.875;-39.875;-27.75;-456.0;-2334.0;3260.0;227.75;25.375;-43.125;-0.36895751953125;-0.35284423828125;-0.2144775390625;-0.83270263671875;-0.42000001668930054;-0.1340000033378601;-0.17600001394748688;0.42100003361701965;0.6050000190734863;0.6460000276565552
735315.0;0.03400000184774399;0.453000009059906;0.46300002932548523;0.875;-39.875;-27.75;-516.0;-2341.0;3246.0;226.4375;27.75;-42.5625;-0.35821533203125;-0.36572265625;-0.2015380859375;-0.83502197265625;-0.4230000078678131;-0.13300000131130219;-0.17500001192092896;0.4570000171661377;0.5870000123977661;0.6380000114440918
735325.0;0.09100000560283661;0.43800002336502075;0.4440000355243683;0.875;-39.875;-27.75;-549.0;-2300.0;3250.0;225.0625;30.125;-41.9375;-0.34735107421875;-0.378173828125;-0.18841552734375;-0.837158203125;-0.4000000059604645;-0.12800000607967377;-0.1850000023841858;0.492000013589859;0.5670000314712524;0.6300000548362732
735335.0;0.10700000822544098;0.4360000193119049;0.4280000329017639;0.875;-39.875;-27.75;-575.0;-2249.0;3240.0;223.6875;32.4375;-41.25;-0.3363037109375;-0.39019775390625;-0.17523193359375;-0.8389892578125;-0.4190000295639038;-0.10900000482797623;-0.19300000369548798;0.5260000228881836;0.5450000166893005;0.6210000514984131
735341.0;0.12000000476837158;0.4240000247955322;0.4050000309944153;-9.0625;-38.6875;-28.5625;-605.0;-2217.0;3225.0;222.25;34.75;-40.5;-0.32525634765625;-0.40185546875;-0.1619873046875;-0.84051513671875;-0.43800002336502075;-0.09800000488758087;-0.20600001513957977;0.5590000152587891;0.5230000019073486;0.612000048160553
735351.0;0.17400000989437103;0.3460000157356262;0.3540000021457672;-9.0625;-38.6875;-28.5625;-634.0;-2199.0;3230.0;220.875;37.0;-39.625;-0.3140869140625;-0.4132080078125;-0.14849853515625;-0.84173583984375;-0.41600000858306885;-0.15300001204013824;-0.24800001084804535;0.5900000333786011;0.49900001287460327;0.6020000576972961
735361.0;0.20200000703334808;0.3160000145435333;0.32500001788139343;-9.0625;-38.6875;-28.5625;-630.0;-2181.0;3284.0;219.4375;39.3125;-38.6875;-0.302490234375;-0.42431640625;-0.1348876953125;-0.8427734375;-0.4180000126361847;-0.15800000727176666;-0.26600000262260437;0.6210000514984131;0.4740000367164612;0.5910000205039978
735371.0;0.2410000115633011;0.30100002884864807;0.31200000643730164;-9.0625;-38.6875;-28.5625;-580.0;-2169.0;3371.0;217.9375;41.5625;-37.6875;-0.290283203125;-0.43536376953125;-0.1212158203125;-0.843505859375;-0.4100000262260437;-0.14600001275539398;-0.2670000195503235;0.6510000228881836;0.4480000138282776;0.5800000429153442
735376.0;0.2410000115633011;0.30100002884864807;0.31200000643730164;-9.0625;-38.6875;-28.5625;-580.0;-2169.0;3371.0;217.9375;41.5625;-37.6875;-0.290283203125;-0.43536376953125;-0.1212158203125;-0.843505859375;-0.4100000262260437;-0.14600001275539398;-0.2670000195503235;0.6510000228881836;0.4480000138282776;0.5800000429153442
735386.0;0.2680000066757202;0.2880000174045563;0.31700000166893005;-9.0625;-38.6875;-28.5625;-499.0;-2142.0;3475.0;216.3125;43.875;-36.5625;-0.27728271484375;-0.44622802734375;-0.10772705078125;-0.843994140625;-0.41100001335144043;-0.13199999928474426;-0.24900001287460327;0.6800000071525574;0.42100003361701965;0.5670000314712524
735396.0;0.2680000066757202;0.2880000174045563;0.31700000166893005;-19.5;-35.375;-27.375;-425.0;-2132.0;3533.0;214.6875;46.1875;-35.3125;-0.263671875;-0.45703125;-0.0943603515625;-0.84423828125;-0.39400002360343933;-0.14800000190734863;-0.2290000170469284;0.7070000171661377;0.3920000195503235;0.5530000329017639
735406.0;0.31300002336502075;0.24300001561641693;0.3240000009536743;-19.5;-35.375;-27.375;-381.0;-2108.0;3590.0;212.9375;48.4375;-33.9375;-0.24957275390625;-0.46759033203125;-0.0810546875;-0.8441162109375;-0.39000001549720764;-0.1420000046491623;-0.23200000822544098;0.734000027179718;0.3630000054836273;0.5380000472068787
735416.0;0.34300002455711365;0.2200000137090683;0.3060000240802765;-19.5;-35.375;-27.375;-345.0;-2110.0;3618.0;211.125;50.75;-32.375;-0.23516845703125;-0.47796630859375;-0.0677490234375;-0.8436279296875;-0.3970000147819519;-0.12400000542402267;-0.23500001430511475;0.7590000629425049;0.3320000171661377;0.5230000019073486
735426.0;0.3620000183582306;0.20800000429153442;0.28700000047683716;-19.5;-35.375;-27.375;-315.0;-2103.0;3635.0;209.3125;52.9375;-30.6875;-0.220458984375;-0.48809814453125;-0.0545654296875;-0.84271240234375;-0.4020000100135803;-0.10900000482797623;-0.2330000102519989;0.7830000519752502;0.30100002884864807;0.5070000290870667
735431.0;0.3800000250339508;0.19100001454353333;0.27300000190734863;-19.5;-35.375;-27.375;-297.0;-2073.0;3698.0;207.375;55.1875;-28.625;-0.205322265625;-0.4979248046875;-0.04132080078125;-0.841552734375;-0.4000000059604645;-0.10200000554323196;-0.22600001096725464;0.8050000667572021;0.2680000066757202;0.4910000264644623
735441.0;0.40400001406669617;0.16600000858306885;0.2639999985694885;-19.5;-35.375;-27.375;-297.0;-2073.0;3698.0;207.375;55.1875;-28.625;-0.190185546875;-0.50750732421875;-0.028076171875;-0.83990478515625;-0.41200003027915955;-0.08900000154972076;-0.22600001096725464;0.8250000476837158;0.23500001430511475;0.47300001978874207
735451.0;0.4130000174045563;0.14600001275539398;0.24700000882148743;-29.0625;-30.5625;-26.5;-297.0;-2082.0;3671.0;205.5;57.3125;-26.375;-0.17510986328125;-0.5167236328125;-0.01470947265625;-0.83795166015625;-0.42900002002716064;-0.08900000154972076;-0.22600001096725464;0.8440000414848328;0.20100000500679016;0.45600003004074097
735461.0;0.4140000343322754;0.1120000034570694;0.2290000170469284;-29.0625;-30.5625;-26.5;-352.0;-2043.0;3697.0;201.625;61.375;-20.75;-0.1597900390625;-0.52557373046875;-0.00115966796875;-0.8355712890625;-0.4090000092983246;-0.11000000685453415;-0.24300001561641693;0.8610000610351562;0.16600000858306885;0.43800002336502075
735464.0;0.4140000343322754;0.1120000034570694;0.2290000170469284;-29.0625;-30.5625;-26.5;-352.0;-2043.0;3697.0;201.625;61.375;-20.75;-0.1597900390625;-0.52557373046875;-0.00115966796875;-0.8355712890625;-0.4090000092983246;-0.11000000685453415;-0.24300001561641693;0.8610000610351562;0.16600000858306885;0.43800002336502075
735474.0;0.45100003480911255;0.0560000017285347;0.19500000774860382;-29.0625;-30.5625;-26.5;-343.0;-2062.0;3691.0;199.625;63.25;-17.3125;-0.14447021484375;-0.5343017578125;0.0123291015625;-0.832763671875;-0.38600000739097595;-0.11500000208616257;-0.2510000169277191;0.8760000467300415;0.13100001215934753;0.42000001668930054
735484.0;0.48900002241134644;0.015000000596046448;0.16900001466274261;-29.0625;-30.5625;-26.5;-312.0;-2041.0;3644.0;197.6875;65.0625;-13.375;-0.129150390625;-0.54266357421875;0.0255126953125;-0.82958984375;-0.3450000286102295;-0.10900000482797623;-0.24400001764297485;0.8890000581741333;0.0950000062584877;0.4010000228881836
735494.0;0.5440000295639038;-0.013000000268220901;0.15700000524520874;-29.0625;-30.5625;-26.5;-312.0;-2041.0;3644.0;197.6875;65.0625;-13.375;-0.129150390625;-0.54266357421875;0.0255126953125;-0.82958984375;-0.503000020980835;-0.13199999928474426;-0.22300000488758087;0.9000000357627869;0.06400000303983688;0.38200002908706665
735499.0;0.5440000295639038;-0.013000000268220901;0.15700000524520874;-29.0625;-30.5625;-26.5;-312.0;-2041.0;3644.0;197.6875;65.0625;-13.375;-0.129150390625;-0.54266357421875;0.0255126953125;-0.82958984375;-0.503000020980835;-0.13199999928474426;-0.22300000488758087;0.9000000357627869;0.06400000303983688;0.38200002908706665
735509.0;0.3970000147819519;-0.06800000369548798;0.15800000727176666;-37.6875;-23.5625;-24.0625;33.0;-2065.0;3361.0;195.6875;66.6875;-9.5;-0.114013671875;-0.5511474609375;0.036376953125;-0.8258056640625;-0.503000020980835;-0.13199999928474426;-0.22300000488758087;0.9100000262260437;0.03200000151991844;0.3620000183582306
735519.0;0.5750000476837158;-0.07000000029802322;0.09100000560283661;-37.6875;-23.5625;-24.0625;33.0;-2065.0;3361.0;191.1875;69.4375;1.25;-0.080322265625;-0.5665283203125;0.06048583984375;-0.81787109375;-0.29500001668930054;-0.13100001215934753;-0.27300000190734863;0.9180000424385071;-0.007000000216066837;0.3440000116825104
735529.0;0.6230000257492065;-0.13900001347064972;0.07000000029802322;-37.6875;-23.5625;-24.0625;12.0;-1918.0;4154.0;189.0625;70.3125;7.5625;-0.06463623046875;-0.57257080078125;0.07281494140625;-0.81402587890625;-0.30300000309944153;-0.14100000262260437;-0.2670000195503235;0.9230000376701355;-0.0430000014603138;0.3270000219345093
735533.0;0.6190000176429749;-0.1850000023841858;0.05900000408291817;-37.6875;-23.5625;-24.0625;-188.0;-1717.0;3626.0;186.9375;70.875;14.25;-0.049560546875;-0.57794189453125;0.08514404296875;-0.81011962890625;-0.3410000205039978;-0.15000000596046448;-0.26600000262260437;0.9260000586509705;-0.07900000363588333;0.3110000193119049
735543.0;0.5840000510215759;-0.2290000170469284;0.04400000348687172;-37.6875;-23.5625;-24.0625;-247.0;-1613.0;3545.0;186.9375;70.875;14.25;-0.049560546875;-0.57794189453125;0.08514404296875;-0.81011962890625;-0.3410000205039978;-0.15000000596046448;-0.26600000262260437;0.9260000586509705;-0.07900000363588333;0.3110000193119049
735553.0;0.6200000047683716;-0.39000001549720764;-0.009000000543892384;-42.0625;-16.0625;-20.0;-219.0;-1489.0;3390.0;184.9375;71.0625;20.8125;-0.0350341796875;-0.5826416015625;0.0968017578125;-0.80621337890625;-0.3070000112056732;-0.2770000100135803;-0.3060000240802765;0.9270000457763672;-0.11300000548362732;0.29600000381469727
735563.0;0.656000018119812;-0.4100000262260437;-0.03500000014901161;-42.0625;-16.0625;-20.0;-259.0;-1396.0;3117.0;183.0625;71.0625;27.0625;-0.01007080078125;-0.5904541015625;0.11834716796875;-0.79827880859375;-0.25300002098083496;-0.2550000250339508;-0.33500000834465027;0.9260000586509705;-0.1730000078678131;0.26900002360343933
735567.0;0.656000018119812;-0.4100000262260437;-0.03500000014901161;-42.0625;-16.0625;-20.0;-259.0;-1396.0;3117.0;183.0625;71.0625;27.0625;-0.01007080078125;-0.5904541015625;0.11834716796875;-0.79827880859375;-0.25300002098083496;-0.2550000250339508;-0.33500000834465027;0.9260000586509705;-0.1730000078678131;0.26900002360343933
735577.0;0.6730000376701355;-0.42900002002716064;-0.06599999964237213;-42.0625;-16.0625;-20.0;-371.0;-1280.0;2880.0;181.4375;70.875;32.75;-6.103515625e-05;-0.59368896484375;0.12896728515625;-0.7943115234375;-0.23600001633167267;-0.25699999928474426;-0.30400002002716064;0.9240000247955322;-0.20000000298023224;0.25600001215934753
735587.0;0.6880000233650208;-0.4580000340938568;-0.04700000211596489;-42.0625;-16.0625;-20.0;-572.0;-1168.0;2621.0;180.0;70.5625;38.0;0.00823974609375;-0.596435546875;0.1397705078125;-0.79034423828125;-0.2510000169277191;-0.30000001192092896;-0.30800002813339233;0.9220000505447388;-0.22600001096725464;0.24400001764297485
735597.0;0.6700000166893005;-0.5270000100135803;-0.06300000101327896;-42.0625;-16.0625;-20.0;-780.0;-1063.0;2400.0;178.75;70.125;42.75;0.00823974609375;-0.596435546875;0.1397705078125;-0.79034423828125;-0.2510000169277191;-0.30000001192092896;-0.30800002813339233;0.9220000505447388;-0.22600001096725464;0.24400001764297485
735601.0;0.6470000147819519;-0.5640000104904175;-0.0430000014603138;-46.875;-7.5625;-17.0625;-875.0;-1020.0;2227.0;177.6875;69.5625;47.0625;0.01556396484375;-0.5989990234375;0.15032958984375;-0.78631591796875;-0.2710000276565552;-0.31300002336502075;-0.2760000228881836;0.9190000295639038;-0.25;0.23200000822544098
735611.0;0.6300000548362732;-0.5990000367164612;-0.04100000113248825;-46.875;-7.5625;-17.0625;-812.0;-1011.0;2124.0;176.625;69.0;51.0;0.02264404296875;-0.6015625;0.16033935546875;-0.7822265625;-0.2850000262260437;-0.32600000500679016;-0.26200002431869507;0.9110000729560852;-0.2930000126361847;0.20800000429153442
735621.0;0.6240000128746033;-0.6650000214576721;-0.04200000315904617;-46.875;-7.5625;-17.0625;-579.0;-1048.0;2066.0;175.5;68.375;54.625;0.03021240234375;-0.6041259765625;0.169189453125;-0.77813720703125;-0.2840000092983246;-0.38100001215934753;-0.23600001633167267;0.9070000648498535;-0.31300002336502075;0.19700001180171967
735631.0;0.6230000257492065;-0.6950000524520874;-0.03800000250339508;-46.875;-7.5625;-17.0625;-244.0;-1082.0;1997.0;174.25;67.75;57.75;0.03863525390625;-0.6068115234375;0.17633056640625;-0.7740478515625;-0.29100000858306885;-0.37300002574920654;-0.21700000762939453;0.9030000567436218;-0.33100003004074097;0.18700000643730164
735634.0;0.6230000257492065;-0.6950000524520874;-0.03800000250339508;-46.875;-7.5625;-17.0625;-244.0;-1082.0;1997.0;174.25;67.75;57.75;0.03863525390625;-0.6068115234375;0.17633056640625;-0.7740478515625;-0.29100000858306885;-0.37300002574920654;-0.21700000762939453;0.9030000567436218;-0.33100003004074097;0.18700000643730164
735644.0;0.612000048160553;-0.7050000429153442;-0.030000001192092896;-46.875;-7.5625;-17.0625;115.0;-1102.0;1920.0;172.875;67.125;60.5;0.0478515625;-0.60943603515625;0.18182373046875;-0.77020263671875;-0.29100000858306885;-0.37300002574920654;-0.21700000762939453;0.9030000567436218;-0.33100003004074097;0.18700000643730164
735654.0;0.5940000414848328;-0.703000009059906;-0.027000000700354576;-48.6875;-2.375;-14.1875;419.0;-1105.0;1815.0;171.3125;66.4375;62.875;0.057861328125;-0.61212158203125;0.1854248046875;-0.76654052734375;-0.30400002002716064;-0.35500001907348633;-0.20600001513957977;0.8990000486373901;-0.34800001978874207;0.17800000309944153
735664.0;0.5800000429153442;-0.6850000619888306;0.003000000026077032;-48.6875;-2.375;-14.1875;623.0;-1143.0;1717.0;169.8125;65.8125;64.9375;0.0679931640625;-0.6148681640625;0.1881103515625;-0.76287841796875;-0.3140000104904175;-0.32100000977516174;-0.16500000655651093;0.8940000534057617;-0.3630000054836273;0.16900001466274261
735669.0;0.5800000429153442;-0.6850000619888306;0.003000000026077032;-48.6875;-2.375;-14.1875;623.0;-1143.0;1717.0;169.8125;65.8125;64.9375;0.0679931640625;-0.6148681640625;0.1881103515625;-0.76287841796875;-0.3140000104904175;-0.32100000977516174;-0.16500000655651093;0.8940000534057617;-0.3630000054836273;0.16900001466274261
735679.0;0.5700000524520874;-0.6680000424385071;-0.009000000543892384;-48.6875;-2.375;-14.1875;727.0;-1168.0;1648.0;168.1875;65.1875;66.8125;0.078125;-0.61761474609375;0.19012451171875;-0.7591552734375;-0.3190000057220459;-0.29100000858306885;-0.17100000381469727;0.89000004529953;-0.37700000405311584;0.16100001335144043
735689.0;0.5600000023841858;-0.656000018119812;-0.017000000923871994;-48.6875;-2.375;-14.1875;780.0;-1193.0;1583.0;166.625;64.5625;68.5;0.08819580078125;-0.62042236328125;0.191650390625;-0.75537109375;-0.32600000500679016;-0.26500001549720764;-0.17000000178813934;0.8860000371932983;-0.39100003242492676;0.15300001204013824
735699.0;0.5350000262260437;-0.64000004529953;-0.0010000000474974513;-48.6875;-2.375;-14.1875;834.0;-1232.0;1513.0;165.0625;64.0;70.125;0.09820556640625;-0.6234130859375;0.19268798828125;-0.75140380859375;-0.3460000157356262;-0.23600001633167267;-0.1469999998807907;0.8810000419616699;-0.40400001406669617;0.14500001072883606
735705.0;0.5190000534057617;-0.628000020980835;-0.027000000700354576;-48.6875;3.875;-12.1875;901.0;-1289.0;1463.0;163.5;63.4375;71.6875;0.10821533203125;-0.62652587890625;0.19329833984375;-0.74725341796875;-0.3570000231266022;-0.2120000123977661;-0.16500000655651093;0.8770000338554382;-0.41600000858306885;0.13700000941753387
735715.0;0.5480000376701355;-0.6880000233650208;-0.04400000348687172;-48.6875;3.875;-12.1875;946.0;-1342.0;1440.0;161.875;62.8125;73.1875;0.118408203125;-0.6297607421875;0.19354248046875;-0.742919921875;-0.3240000009536743;-0.2600000202655792;-0.17400000989437103;0.8720000386238098;-0.4280000329017639;0.1290000081062317
735725.0;0.6040000319480896;-0.6980000138282776;-0.05900000408291817;-48.6875;3.875;-12.1875;874.0;-1373.0;1422.0;160.25;62.25;74.625;0.12823486328125;-0.633056640625;0.1939697265625;-0.73834228515625;-0.2630000114440918;-0.2580000162124634;-0.18000000715255737;0.8670000433921814;-0.4400000274181366;0.12000000476837158
735735.0;0.718000054359436;-0.8260000348091125;-0.24800001084804535;-48.6875;3.875;-12.1875;824.0;-1398.0;1921.0;158.375;61.3125;76.1875;0.13995361328125;-0.63592529296875;0.19622802734375;-0.733154296875;-0.1420000046491623;-0.36900001764297485;-0.36000001430511475;0.8600000143051147;-0.45600003004074097;0.11100000888109207
735745.0;0.6680000424385071;-0.48100003600120544;-0.164000004529953;-48.6875;3.875;-12.1875;-48.0;-1480.0;1580.0;157.0625;60.5625;78.1875;0.14739990234375;-0.6400146484375;0.20062255859375;-0.72686767578125;-0.1860000044107437;-0.010000000707805157;-0.26200002431869507;0.8540000319480896;-0.4710000157356262;0.09800000488758087
735755.0;0.7130000591278076;-0.706000030040741;-0.20000000298023224;-49.75;6.5;-8.5;-475.0;-1219.0;1554.0;155.9375;59.8125;80.0625;0.1533203125;-0.64349365234375;0.20648193359375;-0.720947265625;-0.1340000033378601;-0.22100001573562622;-0.2850000262260437;0.8470000624656677;-0.48500001430511475;0.08400000631809235
735757.0;0.7130000591278076;-0.706000030040741;-0.20000000298023224;-49.75;6.5;-8.5;-475.0;-1219.0;1554.0;155.9375;59.8125;80.0625;0.1533203125;-0.64349365234375;0.20648193359375;-0.720947265625;-0.1340000033378601;-0.22100001573562622;-0.2850000262260437;0.8470000624656677;-0.48500001430511475;0.08400000631809235
735767.0;0.7290000319480896;-0.9220000505447388;-0.21300001442432404;-49.75;6.5;-8.5;-520.0;-926.0;1583.0;155.0;58.9375;81.5625;0.1585693359375;-0.64569091796875;0.21307373046875;-0.7159423828125;-0.11000000685453415;-0.4220000207424164;-0.28700000047683716;0.8400000333786011;-0.5;0.07300000637769699
735777.0;0.6980000138282776;-1.0049999952316284;-0.3450000286102295;-49.75;6.5;-8.5;-461.0;-801.0;1551.0;154.0625;58.0625;82.8125;0.16375732421875;-0.6473388671875;0.21942138671875;-0.71136474609375;-0.1340000033378601;-0.4910000264644623;-0.4100000262260437;0.8320000171661377;-0.5139999985694885;0.06400000303983688
735787.0;0.7240000367164612;-0.9220000505447388;-0.35100001096725464;-49.75;6.5;-8.5;-492.0;-728.0;1423.0;153.1875;57.25;84.0;0.16827392578125;-0.6488037109375;0.22552490234375;-0.70703125;-0.10100000351667404;-0.39500001072883606;-0.406000018119812;0.8250000476837158;-0.5260000228881836;0.055000003427267075
735791.0;0.7410000562667847;-0.8800000548362732;-0.35600000619888306;-49.75;6.5;-8.5;-574.0;-548.0;1096.0;152.625;56.625;84.9375;0.17108154296875;-0.6500244140625;0.23089599609375;-0.7034912109375;-0.07700000703334808;-0.34300002455711365;-0.40300002694129944;0.8190000653266907;-0.5360000133514404;0.04700000211596489
735801.0;0.7410000562667847;-0.8800000548362732;-0.35600000619888306;-49.0;11.6875;-6.0;-549.0;-373.0;746.0;152.375;56.1875;85.6875;0.17230224609375;-0.65093994140625;0.23529052734375;-0.70086669921875;-0.09100000560283661;-0.39100003242492676;-0.39100003242492676;0.815000057220459;-0.5430000424385071;0.04000000283122063
735811.0;0.7240000367164612;-0.9340000152587891;-0.3500000238418579;-49.0;11.6875;-6.0;-382.0;-228.0;389.0;152.25;56.0;86.125;0.17266845703125;-0.65167236328125;0.23779296875;-0.69921875;-0.18700000643730164;-0.49900001287460327;-0.4000000059604645;0.8130000233650208;-0.5460000038146973;0.036000002175569534
735821.0;0.6260000467300415;-1.0460000038146973;-0.3630000054836273;-49.0;11.6875;-6.0;-227.0;-172.0;172.0;152.1875;55.875;86.4375;0.17279052734375;-0.65228271484375;0.23907470703125;-0.69818115234375;-0.20500001311302185;-0.4700000286102295;-0.398000031709671;0.812000036239624;-0.5480000376701355;0.03400000184774399
735823.0;0.6260000467300415;-1.0460000038146973;-0.3630000054836273;-49.0;11.6875;-6.0;-227.0;-172.0;172.0;152.1875;55.875;86.4375;0.17279052734375;-0.65228271484375;0.23907470703125;-0.69818115234375;-0.20500001311302185;-0.4700000286102295;-0.398000031709671;0.812000036239624;-0.5480000376701355;0.03400000184774399
735833.0;0.6060000061988831;-1.0180000066757202;-0.36400002241134644;-49.0;11.6875;-6.0;-179.0;-115.0;28.0;152.1875;55.875;86.625;0.17242431640625;-0.65283203125;0.23974609375;-0.69757080078125;-0.19500000774860382;-0.4270000159740448;-0.38100001215934753;0.812000036239624;-0.5480000376701355;0.03100000135600567
735843.0;0.6160000562667847;-0.9760000705718994;-0.3490000069141388;-49.0;11.6875;-6.0;-192.0;-16.0;-133.0;152.375;55.9375;86.75;0.1712646484375;-0.65325927734375;0.239990234375;-0.6973876953125;-0.20100000500679016;-0.41600000858306885;-0.3710000216960907;0.812000036239624;-0.5470000505447388;0.030000001192092896
735853.0;0.6110000014305115;-0.9640000462532043;-0.3400000035762787;-49.0;11.6875;-6.0;-192.0;-16.0;-133.0;152.6875;56.125;86.8125;0.16937255859375;-0.6534423828125;0.2398681640625;-0.69769287109375;-0.23100000619888306;-0.39900001883506775;-0.4100000262260437;0.8140000104904175;-0.5450000166893005;0.030000001192092896
735856.0;0.6110000014305115;-0.9640000462532043;-0.3400000035762787;-49.0;11.6875;-6.0;-192.0;-16.0;-133.0;152.6875;56.125;86.8125;0.16937255859375;-0.6534423828125;0.2398681640625;-0.69769287109375;-0.23100000619888306;-0.39900001883506775;-0.4100000262260437;0.8140000104904175;-0.5450000166893005;0.030000001192092896
735866.0;0.5830000042915344;-0.9440000653266907;-0.3800000250339508;-48.1875;13.0625;-3.875;-200.0;82.0;-283.0;152.6875;56.125;86.8125;0.16693115234375;-0.653564453125;0.23919677734375;-0.6983642578125;-0.2370000183582306;-0.37700000405311584;-0.4190000295639038;0.8160000443458557;-0.5410000085830688;0.030000001192092896
735876.0;0.5790000557899475;-0.9180000424385071;-0.3890000283718109;-48.1875;13.0625;-3.875;-93.0;221.0;-566.0;153.5625;56.6875;86.5625;0.16424560546875;-0.653564453125;0.23773193359375;-0.69952392578125;-0.242000013589859;-0.3630000054836273;-0.41100001335144043;0.8200000524520874;-0.5360000133514404;0.03200000151991844
735886.0;0.5770000219345093;-0.9000000357627869;-0.3790000081062317;-48.1875;13.0625;-3.875;69.0;300.0;-768.0;154.0625;57.1875;86.1875;0.16131591796875;-0.65338134765625;0.235107421875;-0.7012939453125;-0.23600001633167267;-0.3230000138282776;-0.36000001430511475;0.8240000605583191;-0.5300000309944153;0.03500000014901161
735896.0;0.5870000123977661;-0.8530000448226929;-0.32500001788139343;-48.1875;13.0625;-3.875;138.0;369.0;-967.0;154.6875;57.75;85.6875;0.15771484375;-0.653076171875;0.2315673828125;-0.70355224609375;-0.23400001227855682;-0.31700000166893005;-0.35600000619888306;0.8290000557899475;-0.5210000276565552;0.03800000250339508
735906.0;0.5950000286102295;-0.8390000462532043;-0.31700000166893005;-48.1875;13.0625;-3.875;138.0;369.0;-967.0;154.6875;57.75;85.6875;0.15771484375;-0.653076171875;0.2315673828125;-0.70355224609375;-0.23500001430511475;-0.37800002098083496;-0.37300002574920654;0.8350000381469727;-0.5120000243186951;0.0430000014603138
735911.0;0.5990000367164612;-0.89000004529953;-0.3290000259876251;-48.875;14.5625;-4.75;182.0;448.0;-1049.0;155.625;58.375;85.0625;0.15240478515625;-0.65203857421875;0.22906494140625;-0.70654296875;-0.22200001776218414;-0.3630000054836273;-0.37300002574920654;0.8400000333786011;-0.5020000338554382;0.04800000041723251
735921.0;0.6180000305175781;-0.8650000691413879;-0.3240000009536743;-48.875;14.5625;-4.75;180.0;433.0;-1141.0;157.25;59.8125;83.75;0.142822265625;-0.6513671875;0.22027587890625;-0.7119140625;-0.1380000114440918;-0.3410000205039978;-0.39100003242492676;0.8470000624656677;-0.49000000953674316;0.05300000309944153
735931.0;0.7090000510215759;-0.831000030040741;-0.3370000123977661;-48.875;14.5625;-4.75;63.0;480.0;-1351.0;158.375;60.625;82.875;0.1363525390625;-0.65057373046875;0.21588134765625;-0.7152099609375;-0.14000000059604645;-0.39400002360343933;-0.40400001406669617;0.8540000319480896;-0.47600001096725464;0.05900000408291817
735941.0;0.7140000462532043;-0.8710000514984131;-0.3450000286102295;-48.875;14.5625;-4.75;-50.0;669.0;-1470.0;159.5625;61.5;81.75;0.12933349609375;-0.64898681640625;0.2115478515625;-0.71923828125;-0.16300000250339508;-0.43700000643730164;-0.4230000078678131;0.8610000610351562;-0.46300002932548523;0.06599999964237213
735951.0;0.6970000267028809;-0.9000000357627869;-0.35600000619888306;-48.875;14.5625;-4.75;-68.0;882.0;-1524.0;159.5625;61.5;81.75;0.12933349609375;-0.64898681640625;0.2115478515625;-0.71923828125;-0.16300000250339508;-0.43700000643730164;-0.4230000078678131;0.8610000610351562;-0.46300002932548523;0.06599999964237213
735961.0;0.6840000152587891;-0.8570000529289246;-0.3580000102519989;-49.25;11.25;-6.0;-81.0;1001.0;-1585.0;161.125;62.3125;80.4375;0.1201171875;-0.646484375;0.20867919921875;-0.72393798828125;-0.18400001525878906;-0.40800002217292786;-0.43400001525878906;0.8680000305175781;-0.4480000138282776;0.07500000298023224
735964.0;0.6840000152587891;-0.8570000529289246;-0.3580000102519989;-49.25;11.25;-6.0;-81.0;1001.0;-1585.0;161.125;62.3125;80.4375;0.1201171875;-0.646484375;0.20867919921875;-0.72393798828125;-0.18400001525878906;-0.40800002217292786;-0.43400001525878906;0.8680000305175781;-0.4480000138282776;0.07500000298023224
735974.0;0.718000054359436;-0.8220000267028809;-0.3240000009536743;-49.25;11.25;-6.0;-122.0;1089.0;-1716.0;162.5;63.25;78.875;0.10284423828125;-0.64154052734375;0.1986083984375;-0.7337646484375;-0.1680000126361847;-0.41200003027915955;-0.398000031709671;0.8830000162124634;-0.4150000214576721;0.09600000083446503
735984.0;0.7150000333786011;-0.8270000219345093;-0.3020000159740448;-49.25;11.25;-6.0;-118.0;1247.0;-1916.0;164.0;64.1875;76.9375;0.0931396484375;-0.63824462890625;0.1927490234375;-0.73944091796875;-0.23000000417232513;-0.398000031709671;-0.3920000195503235;0.89000004529953;-0.3960000276565552;0.1080000028014183
735994.0;0.659000039100647;-0.7940000295639038;-0.28300002217292786;-49.25;11.25;-6.0;-84.0;1396.0;-2054.0;165.625;65.1875;74.625;0.0828857421875;-0.63470458984375;0.18634033203125;-0.745361328125;-0.3060000240802765;-0.36100003123283386;-0.3750000298023224;0.8970000147819519;-0.3750000298023224;0.12200000882148743
736004.0;0.5900000333786011;-0.737000048160553;-0.25300002098083496;-49.25;11.25;-6.0;-60.0;1478.0;-2187.0;167.3125;66.1875;71.875;0.0828857421875;-0.63470458984375;0.18634033203125;-0.745361328125;-0.3060000240802765;-0.36100003123283386;-0.3750000298023224;0.8970000147819519;-0.3750000298023224;0.12200000882148743
736014.0;0.5830000042915344;-0.706000030040741;-0.21300001442432404;-49.25;7.5625;-7.6875;-50.0;1538.0;-2278.0;169.125;67.1875;68.8125;0.07147216796875;-0.63067626953125;0.18017578125;-0.75146484375;-0.320000022649765;-0.35200002789497375;-0.3490000069141388;0.9040000438690186;-0.3530000150203705;0.13600000739097595
736022.0;0.5840000510215759;-0.6940000057220459;-0.19300000369548798;-49.25;7.5625;-7.6875;60.0;1607.0;-2395.0;170.8125;68.1875;65.25;0.06060791015625;-0.62646484375;0.17254638671875;-0.7576904296875;-0.32600000500679016;-0.3630000054836273;-0.3450000286102295;0.9160000681877136;-0.3050000071525574;0.1680000126361847
736032.0;0.5630000233650208;-0.6230000257492065;-0.15600000321865082;-49.25;7.5625;-7.6875;133.0;1657.0;-2594.0;172.625;69.125;61.0625;0.0491943359375;-0.6220703125;0.1639404296875;-0.7640380859375;-0.40800002217292786;-0.28600001335144043;-0.3150000274181366;0.921000063419342;-0.27800002694129944;0.1850000023841858
736042.0;0.5130000114440918;-0.5649999976158142;-0.1300000101327896;-49.25;7.5625;-7.6875;134.0;1690.0;-2744.0;174.4375;70.0;56.3125;0.03704833984375;-0.61749267578125;0.15478515625;-0.770263671875;-0.4180000126361847;-0.3060000240802765;-0.3290000259876251;0.9250000715255737;-0.2510000169277191;0.20200000703334808
736052.0;0.5070000290870667;-0.5570000410079956;-0.12600000202655792;-49.25;7.5625;-7.6875;77.0;1672.0;-2743.0;176.3125;70.75;51.1875;0.0247802734375;-0.61285400390625;0.1458740234375;-0.7762451171875;-0.4180000126361847;-0.3060000240802765;-0.3290000259876251;0.9250000715255737;-0.2510000169277191;0.20200000703334808
736062.0;0.5130000114440918;-0.5440000295639038;-0.11800000816583633;-49.6875;3.5;-10.875;0.0;1626.0;-2560.0;178.125;71.25;46.0625;0.01275634765625;-0.6080322265625;0.137939453125;-0.78173828125;-0.4150000214576721;-0.31800001859664917;-0.3360000252723694;0.9280000329017639;-0.22600001096725464;0.21800000965595245
736066.0;0.5130000114440918;-0.5440000295639038;-0.11800000816583633;-49.6875;3.5;-10.875;0.0;1626.0;-2560.0;178.125;71.25;46.0625;0.01275634765625;-0.6080322265625;0.137939453125;-0.78173828125;-0.4150000214576721;-0.31800001859664917;-0.3360000252723694;0.9280000329017639;-0.22600001096725464;0.21800000965595245
736076.0;0.5320000052452087;-0.5380000472068787;-0.08900000154972076;-49.6875;3.5;-10.875;4.0;1558.0;-2339.0;179.6875;71.5625;41.0625;0.00201416015625;-0.60321044921875;0.13055419921875;-0.78680419921875;-0.3970000147819519;-0.33400002121925354;-0.3230000138282776;0.9300000667572021;-0.203000009059906;0.2330000102519989
736086.0;0.5600000023841858;-0.47600001096725464;-0.09000000357627869;-49.6875;3.5;-10.875;97.0;1552.0;-2192.0;181.125;71.625;36.125;-0.00787353515625;-0.59820556640625;0.1231689453125;-0.791748046875;-0.3700000047683716;-0.2939999997615814;-0.33900001645088196;0.9300000667572021;-0.18200001120567322;0.24900001287460327
736096.0;0.5630000233650208;-0.40800002217292786;-0.09700000286102295;-49.6875;3.5;-10.875;203.0;1592.0;-2149.0;182.4375;71.5625;31.125;-0.01727294921875;-0.5928955078125;0.11541748046875;-0.7967529296875;-0.3660000264644623;-0.24800001084804535;-0.3620000183582306;0.9300000667572021;-0.1600000113248825;0.26500001549720764
736106.0;0.5710000395774841;-0.33800002932548523;-0.11800000816583633;-49.6875;3.5;-10.875;229.0;1577.0;-2198.0;183.8125;71.375;26.125;-0.0267333984375;-0.58758544921875;0.107421875;-0.80157470703125;-0.3570000231266022;-0.1990000158548355;-0.39900001883506775;0.9290000200271606;-0.1380000114440918;0.2800000011920929
736114.0;0.593000054359436;-0.32100000977516174;-0.17600001394748688;-47.875;-4.1875;-15.5;158.0;1611.0;-2290.0;185.3125;71.0;21.1875;-0.03759765625;-0.5819091796875;0.0999755859375;-0.80621337890625;-0.33400002121925354;-0.20600001513957977;-0.47300001978874207;0.9270000457763672;-0.11500000208616257;0.29600000381469727
736124.0;0.5900000333786011;-0.2980000078678131;-0.13600000739097595;-47.875;-4.1875;-15.5;43.0;1702.0;-2388.0;186.8125;70.5;16.25;-0.04852294921875;-0.57586669921875;0.09210205078125;-0.81085205078125;-0.33400002121925354;-0.2070000171661377;-0.45000001788139343;0.9240000247955322;-0.09100000560283661;0.31300002336502075
736134.0;0.5710000395774841;-0.30800002813339233;-0.12700000405311584;-47.875;-4.1875;-15.5;-38.0;1866.0;-2445.0;188.375;69.75;11.5625;-0.05999755859375;-0.56903076171875;0.0843505859375;-0.8157958984375;-0.34800001978874207;-0.24000000953674316;-0.45900002121925354;0.9200000166893005;-0.06700000166893005;0.33100003004074097
736144.0;0.550000011920929;-0.3190000057220459;-0.11300000548362732;-47.875;-4.1875;-15.5;-84.0;2034.0;-2513.0;190.0;68.8125;7.125;-0.072021484375;-0.561279296875;0.0765380859375;-0.8209228515625;-0.3630000054836273;-0.2750000059604645;-0.4650000333786011;0.9140000343322754;-0.0430000014603138;0.35100001096725464
736154.0;0.5080000162124634;-0.3050000071525574;-0.09000000357627869;-47.875;-4.1875;-15.5;-44.0;2160.0;-2590.0;191.625;67.625;2.9375;-0.084228515625;-0.5528564453125;0.06817626953125;-0.82623291015625;-0.398000031709671;-0.28600001335144043;-0.4620000123977661;0.9070000648498535;-0.01900000125169754;0.3720000088214874
736155.0;0.5080000162124634;-0.3050000071525574;-0.09000000357627869;-47.875;-4.1875;-15.5;-44.0;2160.0;-2590.0;191.625;67.625;2.9375;-0.084228515625;-0.5528564453125;0.06817626953125;-0.82623291015625;-0.398000031709671;-0.28600001335144043;-0.4620000123977661;0.9070000648498535;-0.01900000125169754;0.3720000088214874
736165.0;0.48500001430511475;-0.28600001335144043;-0.06599999964237213;-45.5625;-10.5625;-18.0;51.0;2262.0;-2679.0;193.1875;66.3125;-0.9375;-0.0965576171875;-0.54388427734375;0.05914306640625;-0.83148193359375;-0.41200003027915955;-0.2930000126361847;-0.45900002121925354;0.8980000615119934;0.006000000052154064;0.3930000066757202
736175.0;0.4570000171661377;-0.2880000174045563;-0.07000000029802322;-45.5625;-10.5625;-18.0;168.0;2347.0;-2795.0;194.8125;64.8125;-4.5625;-0.10906982421875;-0.534423828125;0.0491943359375;-0.83673095703125;-0.4300000071525574;-0.32100000977516174;-0.48600003123283386;0.8870000243186951;0.032999999821186066;0.4150000214576721
736185.0;0.42100003361701965;-0.29100000858306885;-0.07900000363588333;-45.5625;-10.5625;-18.0;368.0;2408.0;-2914.0;196.375;63.125;-8.0625;-0.1214599609375;-0.524658203125;0.03790283203125;-0.84173583984375;-0.453000009059906;-0.3540000021457672;-0.5170000195503235;0.8750000596046448;0.06200000271201134;0.43800002336502075
736195.0;0.3240000009536743;-0.2900000214576721;-0.04800000041723251;-45.5625;-10.5625;-18.0;704.0;2432.0;-3017.0;197.875;61.375;-11.4375;-0.1334228515625;-0.5147705078125;0.02484130859375;-0.84649658203125;-0.5360000133514404;-0.3830000162124634;-0.5080000162124634;0.8610000610351562;0.09300000220537186;0.45900002121925354
736205.0;0.2800000011920929;-0.28200000524520874;-0.04800000041723251;-45.5625;-10.5625;-18.0;1173.0;2448.0;-3107.0;199.25;59.5;-14.8125;-0.1444091796875;-0.50494384765625;0.00946044921875;-0.8509521484375;-0.5649999976158142;-0.4090000092983246;-0.527999997138977;0.8450000286102295;0.12700000405311584;0.48000001907348633
736209.0;0.2800000011920929;-0.28200000524520874;-0.04800000041723251;-45.5625;-10.5625;-18.0;1173.0;2448.0;-3107.0;199.25;59.5;-14.8125;-0.1444091796875;-0.50494384765625;0.00946044921875;-0.8509521484375;-0.5649999976158142;-0.4090000092983246;-0.527999997138977;0.8450000286102295;0.12700000405311584;0.48000001907348633
736219.0;0.2800000011920929;-0.28200000524520874;-0.04800000041723251;-41.875;-16.0625;-23.25;1704.0;2506.0;-3182.0;200.4375;57.5;-18.125;-0.15423583984375;-0.4949951171875;-0.00860595703125;-0.85504150390625;-0.5760000348091125;-0.4300000071525574;-0.5610000491142273;0.8270000219345093;0.164000004529953;0.49900001287460327
736229.0;0.2510000169277191;-0.26600000262260437;-0.06100000441074371;-41.875;-16.0625;-23.25;2194.0;2550.0;-3266.0;201.5;55.375;-21.5;-0.1630859375;-0.4849853515625;-0.02911376953125;-0.85870361328125;-0.5890000462532043;-0.43700000643730164;-0.5750000476837158;0.8070000410079956;0.20400001108646393;0.5170000195503235
736239.0;0.21700000762939453;-0.2330000102519989;-0.05700000375509262;-41.875;-16.0625;-23.25;2594.0;2554.0;-3351.0;202.4375;53.1875;-24.8125;-0.171142578125;-0.4749755859375;-0.0516357421875;-0.86163330078125;-0.6450000405311584;-0.3750000298023224;-0.5840000510215759;0.7850000262260437;0.2460000067949295;0.5320000052452087
736249.0;0.14000000059604645;-0.12800000607967377;-0.05100000277161598;-41.875;-16.0625;-23.25;2835.0;2524.0;-3467.0;203.375;50.875;-28.0625;-0.1790771484375;-0.46490478515625;-0.075439453125;-0.86376953125;-0.6630000472068787;-0.37800002098083496;-0.5300000309944153;0.7610000371932983;0.29100000858306885;0.5450000166893005
736259.0;0.09700000286102295;-0.08700000494718552;0.015000000596046448;-41.875;-16.0625;-23.25;2904.0;2478.0;-3567.0;204.375;48.5;-31.125;-0.1871337890625;-0.45477294921875;-0.09979248046875;-0.864990234375;-0.6720000505447388;-0.35500001907348633;-0.49000000953674316;0.734000027179718;0.3360000252723694;0.5550000071525574
736261.0;0.06200000271201134;-0.01900000125169754;0.0650000050663948;-41.875;-16.0625;-23.25;2904.0;2478.0;-3567.0;205.4375;46.0625;-34.0625;-0.19580078125;-0.4442138671875;-0.1240234375;-0.86541748046875;-0.718000054359436;-0.2580000162124634;-0.4360000193119049;0.706000030040741;0.38100001215934753;0.5630000233650208
736271.0;-0.012000000104308128;0.12200000882148743;0.12700000405311584;-34.875;-23.1875;-25.25;2850.0;2469.0;-3685.0;205.4375;46.0625;-34.0625;-0.20538330078125;-0.43292236328125;-0.14776611328125;-0.86517333984375;-0.7190000414848328;-0.25600001215934753;-0.42500001192092896;0.675000011920929;0.42500001192092896;0.5700000524520874
736281.0;-0.04400000348687172;0.16900001466274261;0.14400000870227814;-34.875;-23.1875;-25.25;2469.0;2502.0;-4052.0;208.0625;40.75;-39.0625;-0.21624755859375;-0.4208984375;-0.17095947265625;-0.86419677734375;-0.7000000476837158;-0.2760000228881836;-0.4150000214576721;0.64000004529953;0.46800002455711365;0.5750000476837158
736291.0;-0.05900000408291817;0.19100001454353333;0.15900000929832458;-34.875;-23.1875;-25.25;2354.0;2545.0;-4325.0;209.625;37.9375;-41.3125;-0.22833251953125;-0.4078369140625;-0.19415283203125;-0.8624267578125;-0.6980000138282776;-0.3150000274181366;-0.398000031709671;0.6020000576972961;0.5110000371932983;0.5800000429153442
736301.0;-0.0950000062584877;0.19500000774860382;0.1810000091791153;-34.875;-23.1875;-25.25;2240.0;2616.0;-4726.0;211.4375;34.8125;-43.4375;-0.24224853515625;-0.39361572265625;-0.21759033203125;-0.85968017578125;-0.8230000138282776;-0.32600000500679016;-0.34300002455711365;0.5600000023841858;0.5530000329017639;0.5830000042915344
736302.0;-0.0950000062584877;0.19500000774860382;0.1810000091791153;-34.875;-23.1875;-25.25;2240.0;2616.0;-4726.0;211.4375;34.8125;-43.4375;-0.24224853515625;-0.39361572265625;-0.21759033203125;-0.85968017578125;-0.8230000138282776;-0.32600000500679016;-0.34300002455711365;0.5600000023841858;0.5530000329017639;0.5830000042915344
736312.0;-0.2630000114440918;0.22600001096725464;0.23900000751018524;-34.875;-23.1875;-25.25;2240.0;2616.0;-4726.0;211.4375;34.8125;-43.4375;-0.24224853515625;-0.39361572265625;-0.21759033203125;-0.85968017578125;-0.8660000562667847;-0.3100000023841858;-0.31300002336502075;0.51500004529953;0.593000054359436;0.5850000381469727
736322.0;-0.35100001096725464;0.28200000524520874;0.2720000147819519;-26.6875;-33.5625;-25.25;2067.0;2564.0;-4771.0;213.3125;31.6875;-45.375;-0.25653076171875;-0.37896728515625;-0.24005126953125;-0.85614013671875;-0.8610000610351562;-0.2670000195503235;-0.27300000190734863;0.4710000157356262;0.628000020980835;0.5860000252723694
736332.0;-0.39000001549720764;0.36100003123283386;0.31300002336502075;-26.6875;-33.5625;-25.25;1783.0;2368.0;-4559.0;217.1875;25.8125;-48.25;-0.28515625;-0.35064697265625;-0.278564453125;-0.847412109375;-0.8370000123977661;-0.20100000500679016;-0.21700000762939453;0.4270000159740448;0.659000039100647;0.5870000123977661
736334.0;-0.39000001549720764;0.36100003123283386;0.31300002336502075;-26.6875;-33.5625;-25.25;1783.0;2368.0;-4559.0;217.1875;25.8125;-48.25;-0.28515625;-0.35064697265625;-0.278564453125;-0.847412109375;-0.8370000123977661;-0.20100000500679016;-0.21700000762939453;0.4270000159740448;0.659000039100647;0.5870000123977661
736344.0;-0.4100000262260437;0.4570000171661377;0.36900001764297485;-26.6875;-33.5625;-25.25;1438.0;2165.0;-4567.0;219.3125;22.8125;-49.3125;-0.30096435546875;-0.33587646484375;-0.2950439453125;-0.84234619140625;-0.7640000581741333;-0.10700000822544098;-0.11400000751018524;0.3800000250339508;0.6850000619888306;0.5879999995231628
736354.0;-0.3830000162124634;0.5770000219345093;0.4740000367164612;-26.6875;-33.5625;-25.25;1067.0;2089.0;-4694.0;221.5;19.75;-50.125;-0.31744384765625;-0.31976318359375;-0.31024169921875;-0.83709716796875;-0.7120000123977661;-0.11300000548362732;-0.07700000703334808;0.33100003004074097;0.7080000042915344;0.5910000205039978
736364.0;-0.3800000250339508;0.5950000286102295;0.5130000114440918;-26.6875;-33.5625;-25.25;750.0;2188.0;-4801.0;221.5;19.75;-50.125;-0.31744384765625;-0.31976318359375;-0.31024169921875;-0.83709716796875;-0.7120000123977661;-0.11300000548362732;-0.07700000703334808;0.33100003004074097;0.7080000042915344;0.5910000205039978
736367.0;-0.3800000250339508;0.5950000286102295;0.5130000114440918;-26.6875;-33.5625;-25.25;750.0;2188.0;-4801.0;221.5;19.75;-50.125;-0.31744384765625;-0.31976318359375;-0.31024169921875;-0.83709716796875;-0.7120000123977661;-0.11300000548362732;-0.07700000703334808;0.33100003004074097;0.7080000042915344;0.5910000205039978
736377.0;-0.4100000262260437;0.5990000367164612;0.5530000329017639;-14.0;-39.875;-23.25;520.0;2341.0;-4883.0;223.75;16.5625;-50.6875;-0.334228515625;-0.3021240234375;-0.3245849609375;-0.8316650390625;-0.690000057220459;-0.12800000607967377;-0.04100000113248825;0.2800000011920929;0.7270000576972961;0.5940000414848328
736387.0;-0.4740000367164612;0.6030000448226929;0.5630000233650208;-14.0;-39.875;-23.25;367.0;2431.0;-4909.0;226.0;13.3125;-51.125;-0.36676025390625;-0.26495361328125;-0.35089111328125;-0.81982421875;-0.7660000324249268;-0.14000000059604645;-0.06800000369548798;0.1730000078678131;0.7540000081062317;0.6010000109672546
736397.0;-0.593000054359436;0.6140000224113464;0.5330000519752502;-14.0;-39.875;-23.25;286.0;2416.0;-4769.0;228.1875;10.1875;-51.4375;-0.38128662109375;-0.24700927734375;-0.3624267578125;-0.81378173828125;-0.7680000066757202;-0.1380000114440918;-0.06800000369548798;0.12300000339746475;0.7630000114440918;0.6030000448226929
736401.0;-0.6450000405311584;0.6240000128746033;0.534000039100647;-14.0;-39.875;-23.25;219.0;2315.0;-4444.0;230.1875;7.1875;-51.625;-0.3944091796875;-0.2301025390625;-0.37255859375;-0.807861328125;-0.7670000195503235;-0.11800000816583633;-0.09200000762939453;0.07600000500679016;0.7680000066757202;0.6040000319480896
736411.0;-0.690000057220459;0.6500000357627869;0.5120000243186951;-14.0;-39.875;-23.25;130.0;2164.0;-4093.0;232.0;4.4375;-51.75;-0.3944091796875;-0.2301025390625;-0.37255859375;-0.807861328125;-0.7670000195503235;-0.11800000816583633;-0.09200000762939453;0.07600000500679016;0.7680000066757202;0.6040000319480896
736421.0;-0.7500000596046448;0.7390000224113464;0.5490000247955322;0.375;-42.0625;-21.1875;21.0;2019.0;-3857.0;233.75;1.875;-51.8125;-0.40679931640625;-0.2138671875;-0.3814697265625;-0.80206298828125;-0.7820000648498535;-0.030000001192092896;-0.055000003427267075;0.03200000151991844;0.7700000405311584;0.6050000190734863
736431.0;-0.7820000648498535;0.7720000147819519;0.5830000042915344;0.375;-42.0625;-21.1875;-103.0;1873.0;-3749.0;235.5;-0.5625;-51.75;-0.41888427734375;-0.1981201171875;-0.38916015625;-0.796142578125;-0.7510000467300415;0.010000000707805157;-0.027000000700354576;-0.052000001072883606;0.7670000195503235;0.6070000529289246
736435.0;-0.7820000648498535;0.7720000147819519;0.5830000042915344;0.375;-42.0625;-21.1875;-103.0;1873.0;-3749.0;235.5;-0.5625;-51.75;-0.41888427734375;-0.1981201171875;-0.38916015625;-0.796142578125;-0.7510000467300415;0.010000000707805157;-0.027000000700354576;-0.052000001072883606;0.7670000195503235;0.6070000529289246
736445.0;-0.8030000329017639;0.7780000567436218;0.5800000429153442;0.375;-42.0625;-21.1875;-241.0;1797.0;-3756.0;237.1875;-3.0625;-51.5625;-0.43115234375;-0.18231201171875;-0.39599609375;-0.78997802734375;-0.734000027179718;-0.005000000353902578;-0.013000000268220901;-0.09400000423192978;0.7620000243186951;0.609000027179718
736455.0;-0.8290000557899475;0.7570000290870667;0.5950000286102295;0.375;-42.0625;-21.1875;-351.0;1802.0;-3796.0;239.0;-5.5;-51.3125;-0.44342041015625;-0.166015625;-0.40216064453125;-0.78363037109375;-0.7920000553131104;-0.07400000095367432;-0.017000000923871994;-0.13700000941753387;0.7550000548362732;0.6100000143051147
736465.0;-0.9300000667572021;0.6800000071525574;0.593000054359436;0.375;-42.0625;-21.1875;-415.0;1817.0;-3895.0;240.8125;-8.0625;-51.0;-0.4559326171875;-0.149169921875;-0.40802001953125;-0.77679443359375;-0.7920000553131104;-0.07400000095367432;-0.017000000923871994;-0.13700000941753387;0.7550000548362732;0.6100000143051147
736469.0;-0.9300000667572021;0.6800000071525574;0.593000054359436;0.375;-42.0625;-21.1875;-415.0;1817.0;-3895.0;240.8125;-8.0625;-51.0;-0.4559326171875;-0.149169921875;-0.40802001953125;-0.77679443359375;-0.7920000553131104;-0.07400000095367432;-0.017000000923871994;-0.13700000941753387;0.7550000548362732;0.6100000143051147
736479.0;-0.9890000224113464;0.6630000472068787;0.6410000324249268;11.5625;-42.1875;-21.6875;-359.0;1838.0;-4104.0;242.75;-10.6875;-50.6875;-0.46893310546875;-0.13189697265625;-0.4140625;-0.7689208984375;-0.8080000281333923;-0.0820000022649765;0.030000001192092896;-0.1810000091791153;0.7450000643730164;0.6100000143051147
736489.0;-1.0230000019073486;0.6890000104904175;0.7070000171661377;11.5625;-42.1875;-21.6875;-194.0;1896.0;-4353.0;244.8125;-13.4375;-50.375;-0.48248291015625;-0.11419677734375;-0.4208984375;-0.7596435546875;-0.7950000166893005;-0.04500000178813934;0.10000000149011612;-0.22800001502037048;0.7350000143051147;0.6070000529289246
736499.0;-1.027999997138977;0.7400000095367432;0.6880000233650208;11.5625;-42.1875;-21.6875;14.0;1975.0;-4547.0;247.0;-16.3125;-50.1875;-0.49615478515625;-0.09613037109375;-0.4285888671875;-0.74896240234375;-0.7520000338554382;0.017000000923871994;0.08500000089406967;-0.2750000059604645;0.7230000495910645;0.6020000576972961
736504.0;-1.0480000972747803;0.8130000233650208;0.6970000267028809;11.5625;-42.1875;-21.6875;167.0;2058.0;-4694.0;249.3125;-19.25;-50.0;-0.509765625;-0.07781982421875;-0.43682861328125;-0.737060546875;-0.7240000367164612;0.10300000756978989;0.10300000756978989;-0.3240000009536743;0.7090000510215759;0.5940000414848328
736514.0;-1.0910000801086426;0.8190000653266907;0.6880000233650208;11.5625;-42.1875;-21.6875;218.0;2092.0;-4833.0;251.6875;-22.3125;-49.8125;-0.5234375;-0.05908203125;-0.44512939453125;-0.72412109375;-0.718000054359436;0.12600000202655792;0.10300000756978989;-0.37300002574920654;0.6920000314712524;0.5850000381469727
736524.0;-1.1820000410079956;0.796000063419342;0.6690000295639038;22.375;-38.0625;-20.0;262.0;2083.0;-4739.0;254.0625;-25.3125;-49.5625;-0.536376953125;-0.04071044921875;-0.45318603515625;-0.7108154296875;-0.7620000243186951;0.12200000882148743;0.0950000062584877;-0.42000001668930054;0.6740000247955322;0.5740000009536743
736534.0;-1.1350001096725464;0.6940000057220459;0.6100000143051147;22.375;-38.0625;-20.0;460.0;2125.0;-4291.0;256.1875;-28.125;-49.5;-0.547119140625;-0.02374267578125;-0.46173095703125;-0.69775390625;-0.6720000505447388;0.036000002175569534;0.049000002443790436;-0.4620000123977661;0.6570000052452087;0.5610000491142273
736538.0;-1.1350001096725464;0.6940000057220459;0.6100000143051147;22.375;-38.0625;-20.0;460.0;2125.0;-4291.0;256.1875;-28.125;-49.5;-0.547119140625;-0.02374267578125;-0.46173095703125;-0.69775390625;-0.6720000505447388;0.036000002175569534;0.049000002443790436;-0.4620000123977661;0.6570000052452087;0.5610000491142273
736548.0;-1.2380000352859497;0.6510000228881836;0.5220000147819519;22.375;-38.0625;-20.0;629.0;2090.0;-5179.0;258.875;-31.3125;-49.25;-0.560791015625;-0.0052490234375;-0.47052001953125;-0.6812744140625;-0.7270000576972961;0.017000000923871994;-0.023000001907348633;-0.5100000500679016;0.6340000033378601;0.5460000038146973
736558.0;-1.2320001125335693;0.6520000100135803;0.5200000405311584;22.375;-38.0625;-20.0;880.0;2058.0;-5458.0;261.875;-34.625;-49.0;-0.57501220703125;0.01312255859375;-0.47967529296875;-0.66265869140625;-0.6740000247955322;0.0430000014603138;-0.00800000037997961;-0.5580000281333923;0.6080000400543213;0.527999997138977
736568.0;-1.2910000085830688;0.6810000538825989;0.5490000247955322;22.375;-38.0625;-20.0;1012.0;2043.0;-5007.0;264.625;-37.75;-48.8125;-0.587158203125;0.02984619140625;-0.4888916015625;-0.64447021484375;-0.690000057220459;0.09700000286102295;0.039000000804662704;-0.6000000238418579;0.5830000042915344;0.5100000500679016
736572.0;-1.3600000143051147;0.5350000262260437;0.5840000510215759;32.375;-32.5;-16.6875;1465.0;2037.0;-4205.0;267.0625;-40.5;-49.125;-0.59625244140625;0.0430908203125;-0.4993896484375;-0.62713623046875;-0.7230000495910645;-0.02800000086426735;0.09600000083446503;-0.6360000371932983;0.5630000233650208;0.4870000183582306
736582.0;-1.371000051498413;0.6520000100135803;0.5820000171661377;32.375;-32.5;-16.6875;1703.0;1963.0;-3608.0;269.25;-42.875;-49.6875;-0.60321044921875;0.0537109375;-0.51019287109375;-0.61065673828125;-0.703000009059906;0.10500000417232513;0.11700000613927841;-0.6680000424385071;0.5470000505447388;0.46400001645088196
736592.0;-1.3510000705718994;0.8700000643730164;0.6150000095367432;32.375;-32.5;-16.6875;1404.0;1843.0;-3618.0;271.4375;-45.3125;-50.0;-0.61016845703125;0.06494140625;-0.51947021484375;-0.59466552734375;-0.6530000567436218;0.34200000762939453;0.1720000058412552;-0.6970000267028809;0.527999997138977;0.44300001859664917
736602.0;-1.3310000896453857;0.9290000200271606;0.6020000576972961;32.375;-32.5;-16.6875;1048.0;1775.0;-4126.0;273.875;-47.875;-49.75;-0.618408203125;0.07843017578125;-0.52691650390625;-0.57769775390625;-0.6030000448226929;0.4270000159740448;0.17800000309944153;-0.7270000576972961;0.5010000467300415;0.4240000247955322
736606.0;-1.3310000896453857;0.9290000200271606;0.6020000576972961;32.375;-32.5;-16.6875;1048.0;1775.0;-4126.0;273.875;-47.875;-49.75;-0.618408203125;0.07843017578125;-0.52691650390625;-0.57769775390625;-0.6030000448226929;0.4270000159740448;0.17800000309944153;-0.7270000576972961;0.5010000467300415;0.4240000247955322
736616.0;-1.3170000314712524;0.6210000514984131;0.5700000524520874;32.375;-32.5;-16.6875;987.0;1747.0;-4406.0;276.5;-50.625;-49.3125;-0.627197265625;0.0927734375;-0.53363037109375;-0.5596923828125;-0.5590000152587891;0.14900000393390656;0.16500000655651093;-0.7580000162124634;0.4710000157356262;0.4050000309944153
736626.0;-1.3170000314712524;0.6210000514984131;0.5700000524520874;32.375;-32.5;-16.6875;1170.0;1861.0;-4190.0;279.0625;-53.25;-49.0;-0.63470458984375;0.10614013671875;-0.541015625;-0.54144287109375;-0.6020000576972961;0.1380000114440918;0.07100000232458115;-0.7860000133514404;0.44200003147125244;0.3840000033378601
736636.0;-1.3880000114440918;0.5800000429153442;0.45500001311302185;42.0;-24.25;-11.25;670.0;1688.0;-2914.0;280.6875;-55.25;-48.8125;-0.63848876953125;0.11700439453125;-0.546875;-0.5286865234375;-0.6210000514984131;0.2880000174045563;0.10700000822544098;-0.8060000538825989;0.42000001668930054;0.367000013589859
736641.0;-1.4270000457763672;0.7090000510215759;0.4740000367164612;42.0;-24.25;-11.25;725.0;1372.0;-2318.0;282.125;-56.875;-48.8125;-0.64141845703125;0.12506103515625;-0.552001953125;-0.51788330078125;-0.6040000319480896;0.2370000183582306;0.0820000022649765;-0.8210000395774841;0.40300002694129944;0.35200002789497375
736651.0;-1.4250000715255737;0.6410000324249268;0.43400001525878906;42.0;-24.25;-11.25;1412.0;1426.0;-2543.0;283.9375;-58.625;-49.125;-0.64501953125;0.131591796875;-0.5589599609375;-0.504150390625;-0.5430000424385071;0.08000000566244125;0.09800000488758087;-0.8370000123977661;0.38600000739097595;0.3330000042915344
736661.0;-1.38100004196167;0.4660000205039978;0.4320000112056732;42.0;-24.25;-11.25;2073.0;1457.0;-2547.0;286.0625;-60.3125;-49.8125;-0.64886474609375;0.13592529296875;-0.56756591796875;-0.48828125;-0.5400000214576721;0.1550000011920929;0.10100000351667404;-0.8520000576972961;0.3700000047683716;0.31200000643730164
736671.0;-1.3920000791549683;0.5260000228881836;0.4130000174045563;42.0;-24.25;-11.25;2073.0;1457.0;-2547.0;288.25;-61.9375;-50.9375;-0.65228271484375;0.13763427734375;-0.57720947265625;-0.47161865234375;-0.5460000038146973;0.22300000488758087;0.09000000357627869;-0.8650000691413879;0.3570000231266022;0.2900000214576721
736681.0;-1.4110000133514404;0.581000030040741;0.3800000250339508;47.1875;-16.0625;-6.75;2559.0;1404.0;-2297.0;290.4375;-63.375;-52.3125;-0.6553955078125;0.13751220703125;-0.58685302734375;-0.45513916015625;-0.5160000324249268;0.3070000112056732;0.04700000211596489;-0.8770000338554382;0.34700000286102295;0.2680000066757202
736691.0;-1.3940000534057617;0.6550000309944153;0.3150000274181366;47.1875;-16.0625;-6.75;3095.0;1172.0;-2144.0;292.875;-64.875;-53.75;-0.65899658203125;0.13623046875;-0.5966796875;-0.43719482421875;-0.4660000205039978;0.2410000115633011;-0.00800000037997961;-0.8880000710487366;0.33500000834465027;0.24500000476837158
736694.0;-1.3940000534057617;0.6550000309944153;0.3150000274181366;47.1875;-16.0625;-6.75;3095.0;1172.0;-2144.0;292.875;-64.875;-53.75;-0.65899658203125;0.13623046875;-0.5966796875;-0.43719482421875;-0.4660000205039978;0.2410000115633011;-0.00800000037997961;-0.8880000710487366;0.33500000834465027;0.24500000476837158
736704.0;-1.3540000915527344;0.5770000219345093;0.2370000183582306;47.1875;-16.0625;-6.75;3199.0;1165.0;-2322.0;295.5;-66.4375;-55.125;-0.662841796875;0.13507080078125;-0.6063232421875;-0.4180908203125;-0.44700002670288086;0.23000000417232513;-0.0010000000474974513;-0.8980000615119934;0.32100000977516174;0.22300000488758087
736714.0;-1.346000075340271;0.5509999990463257;0.22200001776218414;47.1875;-16.0625;-6.75;2997.0;1137.0;-2414.0;298.125;-68.0;-56.3125;-0.66650390625;0.13482666015625;-0.61505126953125;-0.39910888671875;-0.4350000321865082;0.24300001561641693;-0.026000000536441803;-0.909000039100647;0.3050000071525574;0.203000009059906
736724.0;-1.3440001010894775;0.5490000247955322;0.17600001394748688;47.1875;-16.0625;-6.75;2997.0;1137.0;-2414.0;298.125;-68.0;-56.3125;-0.66650390625;0.13482666015625;-0.61505126953125;-0.39910888671875;-0.40700000524520874;0.2680000066757202;-0.021000001579523087;-0.9190000295639038;0.28700000047683716;0.18400001525878906
736728.0;-1.3440001010894775;0.5490000247955322;0.17600001394748688;47.1875;-16.0625;-6.75;2997.0;1137.0;-2414.0;298.125;-68.0;-56.3125;-0.66650390625;0.13482666015625;-0.61505126953125;-0.39910888671875;-0.40700000524520874;0.2680000066757202;-0.021000001579523087;-0.9190000295639038;0.28700000047683716;0.18400001525878906
736738.0;-1.3260000944137573;0.5550000071525574;0.16300000250339508;50.0625;-10.875;-1.5;2715.0;1059.0;-2406.0;300.6875;-69.5625;-57.3125;-0.66998291015625;0.13525390625;-0.62261962890625;-0.38104248046875;-0.3960000276565552;0.28300002217292786;-0.01600000075995922;-0.9280000329017639;0.2680000066757202;0.1680000126361847
736748.0;-1.3240001201629639;0.5520000457763672;0.1510000079870224;50.0625;-10.875;-1.5;2406.0;950.0;-2423.0;305.625;-72.6875;-58.0625;-0.6766357421875;0.13922119140625;-0.634033203125;-0.34747314453125;-0.3850000202655792;0.2800000011920929;-0.00800000037997961;-0.9360000491142273;0.24700000882148743;0.15400001406669617
736758.0;-1.3220000267028809;0.5270000100135803;0.14500001072883606;50.0625;-10.875;-1.5;2047.0;843.0;-2491.0;307.875;-74.25;-57.5625;-0.6798095703125;0.14349365234375;-0.6378173828125;-0.332275390625;-0.37800002098083496;0.2670000195503235;0.023000001907348633;-0.9430000185966492;0.2240000069141388;0.1420000046491623
736762.0;-1.3220000267028809;0.492000013589859;0.16500000655651093;50.0625;-10.875;-1.5;1611.0;790.0;-2572.0;309.9375;-75.8125;-56.375;-0.6827392578125;0.14971923828125;-0.640380859375;-0.31842041015625;-0.40400001406669617;0.22600001096725464;0.04000000283122063;-0.9500000476837158;0.1990000158548355;0.13199999928474426
736772.0;-1.3550000190734863;0.42600002884864807;0.1720000058412552;50.0625;-10.875;-1.5;1109.0;739.0;-2646.0;309.9375;-75.8125;-56.375;-0.6827392578125;0.14971923828125;-0.640380859375;-0.31842041015625;-0.40400001406669617;0.22600001096725464;0.04000000283122063;-0.9500000476837158;0.1990000158548355;0.13199999928474426
736782.0;-1.378000020980835;0.39000001549720764;0.19300000369548798;50.5;-4.5625;2.25;655.0;704.0;-2710.0;311.8125;-77.4375;-54.3125;-0.6851806640625;0.1580810546875;-0.64166259765625;-0.3062744140625;-0.42100003361701965;0.21700000762939453;0.06800000369548798;-0.9570000171661377;0.1730000078678131;0.12400000542402267
736792.0;-1.477000117301941;0.31700000166893005;0.21000000834465027;50.5;-4.5625;2.25;360.0;670.0;-2685.0;313.5625;-78.9375;-51.375;-0.68939208984375;0.172607421875;-0.6429443359375;-0.28564453125;-0.4520000219345093;0.08100000023841858;0.007000000216066837;-0.9660000205039978;0.12600000202655792;0.11100000888109207
736795.0;-1.477000117301941;0.31700000166893005;0.21000000834465027;50.5;-4.5625;2.25;360.0;670.0;-2685.0;313.5625;-78.9375;-51.375;-0.68939208984375;0.172607421875;-0.6429443359375;-0.28564453125;-0.4520000219345093;0.08100000023841858;0.007000000216066837;-0.9660000205039978;0.12600000202655792;0.11100000888109207
736805.0;-1.4180001020431519;0.20800000429153442;0.11900000274181366;50.5;-4.5625;2.25;464.0;435.0;-1964.0;314.9375;-80.0625;-48.625;-0.69085693359375;0.1796875;-0.64324951171875;-0.27685546875;-0.4880000352859497;-0.08300000429153442;0.0950000062584877;-0.9690000414848328;0.10500000417232513;0.10500000417232513
736815.0;-1.4570000171661377;0.02200000174343586;0.20100000500679016;50.5;-4.5625;2.25;212.0;535.0;-2084.0;316.3125;-81.1875;-45.0;-0.6932373046875;0.17938232421875;-0.64385986328125;-0.26953125;-0.3830000162124634;-0.18000000715255737;0.012000000104308128;-0.9700000286102295;0.09600000083446503;0.10400000214576721
736825.0;-1.3530000448226929;-0.08300000429153442;0.11700000613927841;50.5;-4.5625;2.25;1044.0;26.0;-1030.0;317.5;-81.625;-42.6875;-0.6932373046875;0.17938232421875;-0.64385986328125;-0.26953125;-0.3830000162124634;-0.18000000715255737;0.012000000104308128;-0.9700000286102295;0.09600000083446503;0.10400000214576721
736831.0;-1.2750000953674316;0.1120000034570694;0.1720000058412552;51.75;2.375;3.0625;1395.0;184.0;-1148.0;318.9375;-82.1875;-40.375;-0.695556640625;0.178466796875;-0.64544677734375;-0.2603759765625;-0.30400002002716064;0.026000000536441803;0.07100000232458115;-0.971000075340271;0.0860000029206276;0.10100000351667404
736841.0;-1.2100000381469727;0.2990000247955322;0.08400000631809235;51.75;2.375;3.0625;2114.0;442.0;-1332.0;320.875;-82.875;-38.1875;-0.69781494140625;0.17584228515625;-0.64862060546875;-0.24786376953125;-0.2900000214576721;0.2510000169277191;0.01100000087171793;-0.9740000367164612;0.06100000441074371;0.0860000029206276
736851.0;-1.2650001049041748;0.31300002336502075;0.09700000286102295;51.75;2.375;3.0625;2334.0;675.0;-1481.0;323.0;-83.75;-3.5625;-0.69952392578125;0.17315673828125;-0.6527099609375;-0.2337646484375;-0.3450000286102295;0.2460000067949295;0.01100000087171793;-0.9760000705718994;0.046000003814697266;0.07700000703334808
736861.0;-1.3220000267028809;0.29200002551078796;0.08800000697374344;51.75;2.375;3.0625;2395.0;717.0;-1718.0;325.375;-84.6875;-2.6875;-0.7012939453125;0.17108154296875;-0.65667724609375;-0.21844482421875;-0.38100001215934753;0.2639999985694885;0.02500000037252903;-0.9770000576972961;0.026000000536441803;0.0690000057220459
736864.0;-1.3220000267028809;0.29200002551078796;0.08800000697374344;51.75;2.375;3.0625;2395.0;717.0;-1718.0;325.375;-84.6875;-2.6875;-0.7012939453125;0.17108154296875;-0.65667724609375;-0.21844482421875;-0.38100001215934753;0.2639999985694885;0.02500000037252903;-0.9770000576972961;0.026000000536441803;0.0690000057220459
736874.0;-1.3590000867843628;0.29100000858306885;0.09400000423192978;51.75;2.375;3.0625;2127.0;687.0;-2031.0;327.75;-85.625;-1.5;-0.70306396484375;0.1710205078125;-0.65972900390625;-0.20294189453125;-0.38100001215934753;0.2639999985694885;0.02500000037252903;-0.9770000576972961;0.026000000536441803;0.0690000057220459
736884.0;-1.2720000743865967;0.3150000274181366;0.06000000238418579;51.75;6.875;4.25;1713.0;434.0;-2205.0;330.0625;-86.1875;-0.25;-0.70538330078125;0.17279052734375;-0.6611328125;-0.1883544921875;-0.2930000126361847;0.30900001525878906;-0.003000000026077032;-0.9780000448226929;0.005000000353902578;0.06400000303983688
736894.0;-1.2040001153945923;0.33100003004074097;0.04200000315904617;51.75;6.875;4.25;1236.0;178.0;-2449.0;332.25;-86.125;1.125;-0.708251953125;0.1768798828125;-0.66070556640625;-0.17474365234375;-0.22600001096725464;0.35100001096725464;-0.020000001415610313;-0.9770000576972961;-0.04500000178813934;0.06100000441074371
736897.0;-1.2040001153945923;0.33100003004074097;0.04200000315904617;51.75;6.875;4.25;1236.0;178.0;-2449.0;332.25;-86.125;1.125;-0.708251953125;0.1768798828125;-0.66070556640625;-0.17474365234375;-0.22600001096725464;0.35100001096725464;-0.020000001415610313;-0.9770000576972961;-0.04500000178813934;0.06100000441074371
736907.0;-1.1690000295639038;0.33400002121925354;0.05100000277161598;51.75;6.875;4.25;851.0;172.0;-2554.0;334.3125;-85.5;2.625;-0.710693359375;0.18280029296875;-0.65972900390625;-0.16204833984375;-0.19100001454353333;0.3790000081062317;-0.010000000707805157;-0.9760000705718994;-0.0690000057220459;0.05900000408291817
736917.0;-1.1690000295639038;0.2900000214576721;0.06800000369548798;51.75;6.875;4.25;655.0;267.0;-2397.0;336.125;-84.625;4.0;-0.71240234375;0.18890380859375;-0.65887451171875;-0.15045166015625;-0.19200000166893005;0.359000027179718;0.009000000543892384;-0.9760000705718994;-0.0690000057220459;0.05900000408291817
736927.0;-1.1910001039505005;0.21800000965595245;0.09600000083446503;51.75;6.875;4.25;536.0;298.0;-2119.0;337.6875;-83.6875;5.3125;-0.71356201171875;0.1944580078125;-0.6583251953125;-0.14031982421875;-0.2160000056028366;0.30900001525878906;0.039000000804662704;-0.9740000367164612;-0.09000000357627869;0.0560000017285347
736931.0;-1.156000018119812;0.24400001764297485;0.09400000423192978;49.6875;12.0625;3.375;414.0;283.0;-1830.0;339.0625;-82.8125;63.6875;-0.71429443359375;0.199462890625;-0.65777587890625;-0.1317138671875;-0.18300001323223114;0.3530000150203705;0.04000000283122063;-0.9730000495910645;-0.10900000482797623;0.05400000140070915
736941.0;-1.1110000610351562;0.29200002551078796;0.058000002056360245;49.6875;12.0625;3.375;301.0;292.0;-1655.0;340.25;-82.0;67.8125;-0.7147216796875;0.20428466796875;-0.65728759765625;-0.12408447265625;-0.14000000059604645;0.4180000126361847;0.007000000216066837;-0.971000075340271;-0.12600000202655792;0.05100000277161598
736951.0;-2.0810000896453857;3.5430002212524414;2.3310000896453857;49.6875;12.0625;3.375;-146.0;436.0;-1560.0;341.1875;-81.1875;71.8125;-0.71405029296875;0.21051025390625;-0.65716552734375;-0.11822509765625;-1.1120001077651978;3.686000108718872;2.2840001583099365;-0.9690000414848328;-0.1420000046491623;0.046000003814697266
736961.0;-1.0010000467300415;3.9110002517700195;-0.1080000028014183;49.6875;12.0625;3.375;-515.0;452.0;-606.0;341.25;-80.875;74.4375;-0.7122802734375;0.21484375;-0.6578369140625;-0.11724853515625;-0.032999999821186066;4.060000419616699;-0.14900000393390656;-0.968000054359436;-0.14800000190734863;0.04100000113248825
736966.0;-1.0010000467300415;3.9110002517700195;-0.1080000028014183;49.6875;12.0625;3.375;-515.0;452.0;-606.0;341.25;-80.875;74.4375;-0.7122802734375;0.21484375;-0.6578369140625;-0.11724853515625;-0.032999999821186066;4.060000419616699;-0.14900000393390656;-0.968000054359436;-0.14800000190734863;0.04100000113248825
736976.0;-0.687000036239624;1.9100000858306885;-0.22500000894069672;49.6875;12.0625;3.375;3346.0;-523.0;499.0;342.8125;-81.125;69.9375;-0.71746826171875;0.20013427734375;-0.65838623046875;-0.10809326171875;0.281000018119812;2.052000045776367;-0.2770000100135803;-0.968000054359436;-0.1420000046491623;0.05100000277161598
736986.0;-0.8520000576972961;0.6190000176429749;-0.37300002574920654;48.75;17.5625;4.5625;2022.0;-434.0;1178.0;343.25;-81.625;65.3125;-0.72039794921875;0.1881103515625;-0.65911865234375;-0.10595703125;0.11800000816583633;0.7470000386238098;-0.4320000112056732;-0.9700000286102295;-0.12800000607967377;0.05900000408291817
736996.0;-1.0509999990463257;-0.5940000414848328;0.2240000069141388;48.75;17.5625;4.5625;361.0;99.0;1342.0;342.625;-82.4375;62.9375;-0.7196044921875;0.18212890625;-0.6610107421875;-0.10968017578125;-0.07900000363588333;-0.4790000319480896;0.16500000655651093;-0.9720000624656677;-0.11400000751018524;0.058000002056360245
737006.0;-1.1350001096725464;-0.2290000170469284;0.5070000290870667;48.75;17.5625;4.5625;-1564.0;78.0;669.0;341.375;-82.8125;62.75;-0.7174072265625;0.185791015625;-0.6610107421875;-0.11761474609375;-0.16200000047683716;-0.12000000476837158;0.45100003480911255;-0.9720000624656677;-0.1080000028014183;0.055000003427267075
737016.0;-1.0180000066757202;0.18200001120567322;0.2600000202655792;48.75;17.5625;4.5625;-2294.0;18.0;-118.0;340.125;-82.75;64.5;-0.71514892578125;0.19488525390625;-0.65948486328125;-0.12518310546875;-0.04500000178813934;0.2939999997615814;0.2070000171661377;-0.9720000624656677;-0.11100000888109207;0.05300000309944153
737021.0;-1.0;0.18400001525878906;-0.03400000184774399;48.75;17.5625;4.5625;-1382.0;115.0;-769.0;339.8125;-82.3125;67.25;-0.71380615234375;0.202880859375;-0.658203125;-0.126953125;-0.02800000086426735;0.30400002002716064;-0.08500000089406967;-0.971000075340271;-0.12000000476837158;0.05000000074505806
737031.0;-1.1170001029968262;-0.1980000138282776;-0.28600001335144043;48.375;16.875;4.1875;-777.0;349.0;-912.0;339.9375;-81.875;70.625;-0.71234130859375;0.20916748046875;-0.65802001953125;-0.1258544921875;-0.14600001275539398;-0.06800000369548798;-0.33100003004074097;-0.9700000286102295;-0.1290000081062317;0.04500000178813934
737041.0;-1.1710000038146973;-0.07600000500679016;-0.18400001525878906;48.375;16.875;4.1875;-935.0;360.0;-541.0;339.75;-81.625;73.3125;-0.71038818359375;0.21484375;-0.65814208984375;-0.12664794921875;-0.20100000500679016;0.05900000408291817;-0.22500000894069672;-0.9700000286102295;-0.13500000536441803;0.04000000283122063
737051.0;-1.1710000038146973;-0.07600000500679016;-0.18400001525878906;48.375;16.875;4.1875;-721.0;214.0;-233.0;339.5;-81.5625;74.875;-0.708984375;0.218505859375;-0.658203125;-0.1280517578125;-0.1600000113248825;0.23800000548362732;-0.14300000667572021;-0.9700000286102295;-0.1380000114440918;0.03700000047683716
737054.0;-1.1710000038146973;-0.07600000500679016;-0.18400001525878906;48.375;16.875;4.1875;-721.0;214.0;-233.0;339.5;-81.5625;74.875;-0.708984375;0.218505859375;-0.658203125;-0.1280517578125;-0.1600000113248825;0.23800000548362732;-0.14300000667572021;-0.9700000286102295;-0.1380000114440918;0.03700000047683716
737064.0;-1.1299999952316284;0.0990000069141388;-0.10500000417232513;48.375;16.875;4.1875;394.0;-5.0;-80.0;339.75;-81.5;74.6875;-0.70947265625;0.21728515625;-0.6583251953125;-0.1263427734375;0.027000000700354576;0.29100000858306885;-0.03500000014901161;-0.9690000414848328;-0.13900001347064972;0.03700000047683716
737074.0;-0.9420000314712524;0.15200001001358032;0.0020000000949949026;48.375;16.875;4.1875;1500.0;-16.0;145.0;340.5625;-81.5625;73.5625;-0.711181640625;0.21112060546875;-0.659423828125;-0.1217041015625;0.05000000074505806;0.28700000047683716;-0.010000000707805157;-0.9700000286102295;-0.13700000941753387;0.04000000283122063
737084.0;-0.9190000295639038;0.15000000596046448;0.029000001028180122;48.375;16.875;4.1875;1500.0;-16.0;145.0;341.125;-82.0;72.1875;-0.71221923828125;0.20233154296875;-0.6617431640625;-0.1180419921875;0.01900000125169754;0.3570000231266022;0.07300000637769699;-0.971000075340271;-0.1290000081062317;0.04100000113248825
737089.0;-0.9190000295639038;0.15000000596046448;0.029000001028180122;48.375;16.875;4.1875;1500.0;-16.0;145.0;341.125;-82.0;72.1875;-0.71221923828125;0.20233154296875;-0.6617431640625;-0.1180419921875;0.01900000125169754;0.3570000231266022;0.07300000637769699;-0.971000075340271;-0.1290000081062317;0.04100000113248825
737099.0;-0.9520000219345093;0.22800001502037048;0.11500000208616257;49.1875;18.25;5.0625;1737.0;118.0;675.0;341.0;-82.75;69.375;-0.712646484375;0.193359375;-0.66375732421875;-0.119140625;-0.04700000211596489;0.44300001859664917;0.15400001406669617;-0.9720000624656677;-0.11500000208616257;0.0430000014603138
737109.0;-1.0200001001358032;0.328000009059906;0.19700001180171967;49.1875;18.25;5.0625;149.0;-243.0;1815.0;339.9375;-83.6875;5.625;-0.71246337890625;0.186279296875;-0.66473388671875;-0.12567138671875;-0.0860000029206276;0.5060000419616699;0.21400001645088196;-0.9740000367164612;-0.09600000083446503;0.04500000178813934
737119.0;-1.061000108718872;0.4100000262260437;0.2600000202655792;49.1875;18.25;5.0625;-790.0;-318.0;1925.0;338.3125;-84.625;4.5;-0.71148681640625;0.1822509765625;-0.66485595703125;-0.13604736328125;-0.08300000429153442;0.48500001430511475;0.2150000035762787;-0.9760000705718994;-0.07600000500679016;0.04800000041723251
737123.0;-1.059000015258789;0.40800002217292786;0.2639999985694885;49.1875;18.25;5.0625;-1579.0;-295.0;1606.0;336.4375;-85.3125;3.5625;-0.70977783203125;0.18231201171875;-0.66412353515625;-0.14788818359375;-0.08100000023841858;0.46000000834465027;0.19200000166893005;-0.9770000576972961;-0.06100000441074371;0.05000000074505806
737133.0;-1.058000087738037;0.39900001883506775;0.242000013589859;49.1875;18.25;5.0625;-1579.0;-295.0;1606.0;336.4375;-85.3125;3.5625;-0.70751953125;0.1866455078125;-0.66259765625;-0.15960693359375;-0.09200000762939453;0.40700000524520874;0.15300001204013824;-0.9770000576972961;-0.05100000277161598;0.05100000277161598
737143.0;-1.0700000524520874;0.35600000619888306;0.20400001108646393;48.75;16.5;4.5625;-2180.0;-206.0;1047.0;334.5625;-85.6875;3.0;-0.70751953125;0.1866455078125;-0.66259765625;-0.15960693359375;-0.12000000476837158;0.3190000057220459;0.11700000613927841;-0.9780000448226929;-0.04700000211596489;0.05000000074505806
737153.0;-1.0980000495910645;0.2710000276565552;0.16700001060962677;48.75;16.5;4.5625;-2637.0;-26.0;76.0;331.25;-85.9375;2.8125;-0.7020263671875;0.20379638671875;-0.658203125;-0.1798095703125;-0.14300000667572021;0.2770000100135803;0.1120000034570694;-0.9780000448226929;-0.04800000041723251;0.049000002443790436
737156.0;-1.0980000495910645;0.2710000276565552;0.16700001060962677;48.75;16.5;4.5625;-2637.0;-26.0;76.0;331.25;-85.9375;2.8125;-0.7020263671875;0.20379638671875;-0.658203125;-0.1798095703125;-0.14300000667572021;0.2770000100135803;0.1120000034570694;-0.9780000448226929;-0.04800000041723251;0.049000002443790436
737166.0;-1.121000051498413;0.2290000170469284;0.16100001335144043;48.75;16.5;4.5625;-2637.0;-26.0;76.0;329.8125;-85.875;2.875;-0.69976806640625;0.212890625;-0.65533447265625;-0.18865966796875;-0.15200001001358032;0.24500000476837158;0.10100000351667404;-0.9780000448226929;-0.049000002443790436;0.049000002443790436
737176.0;-1.1299999952316284;0.19500000774860382;0.1510000079870224;48.75;16.5;4.5625;-2497.0;-130.0;10.0;328.3125;-85.8125;2.8125;-0.6978759765625;0.2203369140625;-0.65216064453125;-0.19769287109375;-0.2120000123977661;0.14300000667572021;0.25699999928474426;-0.9780000448226929;-0.04800000041723251;0.05100000277161598
737186.0;-1.1910001039505005;0.09400000423192978;0.30800002813339233;48.75;16.5;4.5625;-2296.0;-283.0;212.0;328.3125;-85.8125;2.8125;-0.6978759765625;0.2203369140625;-0.65216064453125;-0.19769287109375;-0.2120000123977661;0.14300000667572021;0.25699999928474426;-0.9780000448226929;-0.04800000041723251;0.05100000277161598
737192.0;-1.1820000410079956;0.15800000727176666;0.3440000116825104;49.875;13.0625;4.5625;-1476.0;-429.0;595.0;327.125;-85.875;2.5;-0.697021484375;0.2232666015625;-0.64971923828125;-0.2054443359375;-0.20400001108646393;0.20100000500679016;0.289000004529953;-0.9780000448226929;-0.0430000014603138;0.05400000140070915
737202.0;-1.193000078201294;0.2970000207424164;0.3360000252723694;49.875;13.0625;4.5625;-961.0;-494.0;1094.0;324.6875;-85.9375;1.0;-0.69610595703125;0.21917724609375;-0.64678955078125;-0.2215576171875;-0.23400001227855682;0.44300001859664917;0.23400001227855682;-0.9780000448226929;-0.018000001087784767;0.06599999964237213
737212.0;-1.2130000591278076;0.42500001192092896;0.30000001192092896;49.875;13.0625;4.5625;-624.0;-628.0;1443.0;324.6875;-85.9375;1.0;-0.69598388671875;0.21484375;-0.64532470703125;-0.23016357421875;-0.25699999928474426;0.5110000371932983;0.14900000393390656;-0.9770000576972961;-0.0010000000474974513;0.07300000637769699
737222.0;-1.2350000143051147;0.5090000033378601;0.22200001776218414;49.875;13.0625;4.5625;-553.0;-716.0;1610.0;323.375;-85.6875;0.0625;-0.69598388671875;0.21063232421875;-0.6434326171875;-0.2391357421875;-0.25600001215934753;0.48100003600120544;0.09000000357627869;-0.9770000576972961;0.014000000432133675;0.08100000023841858
737232.0;-1.2330000400543213;0.4960000216960907;0.17100000381469727;49.875;13.0625;4.5625;-626.0;-792.0;1621.0;322.0625;-85.125;-0.8125;-0.69598388671875;0.21063232421875;-0.6434326171875;-0.2391357421875;-0.25600001215934753;0.48100003600120544;0.09000000357627869;-0.9770000576972961;0.014000000432133675;0.08100000023841858
737242.0;-1.2280000448226929;0.47200003266334534;0.13700000941753387;50.5625;10.5625;4.5625;-829.0;-789.0;1512.0;320.5;-84.4375;-1.6875;-0.69537353515625;0.2086181640625;-0.64080810546875;-0.24957275390625;-0.25200000405311584;0.44300001859664917;0.04700000211596489;-0.9760000705718994;0.029000001028180122;0.08900000154972076
737246.0;-1.2280000448226929;0.47200003266334534;0.13700000941753387;50.5625;10.5625;4.5625;-829.0;-789.0;1512.0;320.5;-84.4375;-1.6875;-0.69537353515625;0.2086181640625;-0.64080810546875;-0.24957275390625;-0.25200000405311584;0.44300001859664917;0.04700000211596489;-0.9760000705718994;0.029000001028180122;0.08900000154972076
737256.0;-1.2320001125335693;0.4440000355243683;0.14600001275539398;50.5625;10.5625;4.5625;-1069.0;-795.0;1426.0;319.0625;-83.6875;-2.4375;-0.6949462890625;0.2066650390625;-0.63800048828125;-0.25927734375;-0.2970000207424164;0.36500000953674316;0.13199999928474426;-0.9730000495910645;0.055000003427267075;0.1080000028014183
737266.0;-1.2700001001358032;0.42000001668930054;0.24000000953674316;50.5625;10.5625;4.5625;-1258.0;-894.0;1398.0;317.5625;-82.8125;-27.1875;-0.69464111328125;0.205322265625;-0.634521484375;-0.26959228515625;-0.3060000240802765;0.3630000054836273;0.15200001001358032;-0.9700000286102295;0.06800000369548798;0.11900000274181366
737276.0;-1.277000069618225;0.4320000112056732;0.2720000147819519;50.5625;10.5625;4.5625;-1398.0;-975.0;1410.0;316.0;-81.875;-29.875;-0.6943359375;0.204345703125;-0.63043212890625;-0.280517578125;-0.3190000057220459;0.36500000953674316;0.16600000858306885;-0.968000054359436;0.08100000023841858;0.1300000101327896
737281.0;-1.2880001068115234;0.44600000977516174;0.29600000381469727;50.5625;10.5625;4.5625;-1494.0;-987.0;1463.0;314.3125;-80.9375;-31.9375;-0.69378662109375;0.2034912109375;-0.6260986328125;-0.2918701171875;-0.3190000057220459;0.36500000953674316;0.16600000858306885;-0.968000054359436;0.08100000023841858;0.1300000101327896
737291.0;-1.3070000410079956;0.46300002932548523;0.30000001192092896;51.0;6.0625;4.1875;-1558.0;-1051.0;1565.0;312.25;-79.875;-33.6875;-0.69219970703125;0.204345703125;-0.620849609375;-0.30609130859375;-0.34200000762939453;0.367000013589859;0.15800000727176666;-0.9650000333786011;0.0950000062584877;0.1420000046491623
737301.0;-1.3560000658035278;0.578000009059906;0.2580000162124634;51.0;6.0625;4.1875;-1628.0;-1102.0;1680.0;310.4375;-78.75;-35.125;-0.69122314453125;0.2030029296875;-0.615966796875;-0.3187255859375;-0.39400002360343933;0.46800002455711365;0.10200000554323196;-0.9610000252723694;0.10900000482797623;0.1550000011920929
737311.0;-1.3560000658035278;0.5890000462532043;0.26200002431869507;51.0;6.0625;4.1875;-1904.0;-1040.0;1720.0;308.5;-77.625;-36.3125;-0.68963623046875;0.20257568359375;-0.6107177734375;-0.332275390625;-0.398000031709671;0.4650000333786011;0.09300000220537186;-0.9520000219345093;0.14400000870227814;0.18400001525878906
737315.0;-1.3560000658035278;0.5890000462532043;0.26200002431869507;51.0;6.0625;4.1875;-1904.0;-1040.0;1720.0;308.5;-77.625;-36.3125;-0.68963623046875;0.20257568359375;-0.6107177734375;-0.332275390625;-0.398000031709671;0.4650000333786011;0.09300000220537186;-0.9520000219345093;0.14400000870227814;0.18400001525878906
737325.0;-1.4190000295639038;0.45500001311302185;0.2600000202655792;51.0;6.0625;4.1875;-2343.0;-1266.0;2435.0;305.9375;-76.125;-37.9375;-0.68682861328125;0.20098876953125;-0.6044921875;-0.3499755859375;-0.4660000205039978;0.3110000193119049;0.07500000298023224;-0.9450000524520874;0.16300000250339508;0.20100000500679016
737335.0;-1.3920000791549683;0.242000013589859;0.24400001764297485;51.0;6.0625;4.1875;-2248.0;-1346.0;2385.0;303.5;-74.625;-39.0;-0.6842041015625;0.19903564453125;-0.597900390625;-0.3671875;-0.44700002670288086;0.07900000363588333;0.04200000315904617;-0.9450000524520874;0.16300000250339508;0.20100000500679016
737345.0;-1.3270000219345093;0.2710000276565552;0.23900000751018524;50.5625;2.75;2.5625;-1865.0;-1381.0;2186.0;301.375;-73.125;-39.5625;-0.68212890625;0.19635009765625;-0.5914306640625;-0.382568359375;-0.3880000114440918;0.08900000154972076;0.020000001415610313;-0.9380000233650208;0.1810000091791153;0.21800000965595245
737355.0;-1.3130000829696655;0.35200002789497375;0.2670000195503235;50.5625;2.75;2.5625;-1377.0;-1378.0;2067.0;299.625;-71.6875;-40.0625;-0.68072509765625;0.1920166015625;-0.58575439453125;-0.39569091796875;-0.38200002908706665;0.15400001406669617;0.03200000151991844;-0.9310000538825989;0.1980000138282776;0.23500001430511475
737365.0;-1.3300000429153442;0.39900001883506775;0.2770000100135803;50.5625;2.75;2.5625;-912.0;-1307.0;1958.0;298.1875;-70.3125;-40.625;-0.6796875;0.1865234375;-0.58111572265625;-0.4068603515625;-0.406000018119812;0.18400001525878906;0.027000000700354576;-0.9230000376701355;0.2150000035762787;0.25
737369.0;-1.3300000429153442;0.39900001883506775;0.2770000100135803;50.5625;2.75;2.5625;-912.0;-1307.0;1958.0;298.1875;-70.3125;-40.625;-0.6796875;0.1865234375;-0.58111572265625;-0.4068603515625;-0.406000018119812;0.18400001525878906;0.027000000700354576;-0.9230000376701355;0.2150000035762787;0.25
737379.0;-1.3870000839233398;0.5060000419616699;0.3230000138282776;50.5625;2.75;2.5625;-628.0;-1312.0;2140.0;296.75;-68.875;-41.5;-0.678466796875;0.17938232421875;-0.57708740234375;-0.417724609375;-0.47200003266334534;0.2720000147819519;0.05900000408291817;-0.9140000343322754;0.23400001227855682;0.2639999985694885
737389.0;-1.371000051498413;0.5070000290870667;0.3410000205039978;50.5625;2.75;2.5625;-600.0;-1401.0;2282.0;295.25;-67.3125;-42.25;-0.67706298828125;0.17144775390625;-0.57281494140625;-0.42901611328125;-0.4660000205039978;0.25300002098083496;0.06200000271201134;-0.9040000438690186;0.2540000081062317;0.27900001406669617
737399.0;-1.3630000352859497;0.4650000333786011;0.3750000298023224;50.1875;-3.1875;-0.25;-676.0;-1531.0;2482.0;293.4375;-65.625;-42.9375;-0.67462158203125;0.16387939453125;-0.5677490234375;-0.44244384765625;-0.4700000286102295;0.18900001049041748;0.08000000566244125;-0.893000066280365;0.2750000059604645;0.29500001668930054
737403.0;-1.3260000944137573;0.43300002813339233;0.3760000169277191;50.1875;-3.1875;-0.25;-841.0;-1616.0;2578.0;291.75;-63.8125;-43.4375;-0.672607421875;0.15533447265625;-0.5621337890625;-0.45550537109375;-0.44600000977516174;0.13600000739097595;0.06200000271201134;-0.8800000548362732;0.2970000207424164;0.31300002336502075
737413.0;-1.3170000314712524;0.40400001406669617;0.3460000157356262;50.1875;-3.1875;-0.25;-1032.0;-1620.0;2643.0;290.0;-62.0;-43.75;-0.67010498046875;0.14727783203125;-0.5560302734375;-0.46917724609375;-0.45100003480911255;0.0860000029206276;0.014000000432133675;-0.8660000562667847;0.31800001859664917;0.33100003004074097
737423.0;-1.2960000038146973;0.4280000329017639;0.3660000264644623;50.1875;-3.1875;-0.25;-1192.0;-1666.0;2822.0;288.0625;-60.125;-44.0;-0.6669921875;0.1390380859375;-0.54925537109375;-0.48388671875;-0.44600000977516174;0.08800000697374344;0.015000000596046448;-0.8500000238418579;0.33900001645088196;0.35100001096725464
737433.0;-1.3070000410079956;0.3960000276565552;0.3890000283718109;50.1875;-3.1875;-0.25;-1350.0;-1727.0;2986.0;286.0;-58.125;-44.125;-0.6632080078125;0.13067626953125;-0.54180908203125;-0.49951171875;-0.4740000367164612;0.03500000014901161;0.017000000923871994;-0.8320000171661377;0.36000001430511475;0.3710000216960907
737436.0;-1.3070000410079956;0.3960000276565552;0.3890000283718109;50.1875;-3.1875;-0.25;-1350.0;-1727.0;2986.0;286.0;-58.125;-44.125;-0.6632080078125;0.13067626953125;-0.54180908203125;-0.49951171875;-0.4740000367164612;0.03500000014901161;0.017000000923871994;-0.8320000171661377;0.36000001430511475;0.3710000216960907
737446.0;-1.3070000410079956;0.3960000276565552;0.3890000283718109;50.5625;-8.375;-5.6875;-1389.0;-1826.0;3332.0;283.75;-55.875;-44.3125;-0.6585693359375;0.1212158203125;-0.533935546875;-0.51629638671875;-0.41100001335144043;0.052000001072883606;-0.006000000052154064;-0.812000036239624;0.3840000033378601;0.3920000195503235
737456.0;-1.1740000247955322;0.5080000162124634;0.37800002098083496;50.5625;-8.375;-5.6875;-1478.0;-1912.0;3495.0;281.5;-53.625;-44.4375;-0.6533203125;0.11126708984375;-0.525390625;-0.53369140625;-0.3840000033378601;0.10000000149011612;-0.036000002175569534;-0.7890000343322754;0.40700000524520874;0.4150000214576721
737466.0;-1.1290000677108765;0.5320000052452087;0.3660000264644623;50.5625;-8.375;-5.6875;-1544.0;-1881.0;3226.0;279.375;-51.4375;-44.25;-0.64837646484375;0.102294921875;-0.51629638671875;-0.550048828125;-0.3620000183582306;0.10500000417232513;-0.07000000029802322;-0.7660000324249268;0.42600002884864807;0.43700000643730164
737471.0;-1.1290000677108765;0.5320000052452087;0.3660000264644623;50.5625;-8.375;-5.6875;-1661.0;-1856.0;2916.0;277.375;-49.375;-43.875;-0.6439208984375;0.0946044921875;-0.506591796875;-0.56549072265625;-0.3850000202655792;0.12700000405311584;-0.07200000435113907;-0.7440000176429749;0.44200003147125244;0.45900002121925354
737481.0;-1.1299999952316284;0.5690000057220459;0.38700002431869507;50.5625;-8.375;-5.6875;-1945.0;-1862.0;2787.0;275.4375;-47.375;-43.1875;-0.6395263671875;0.08819580078125;-0.4957275390625;-0.5809326171875;-0.4490000307559967;0.0860000029206276;-0.027000000700354576;-0.7220000624656677;0.4540000259876251;0.4830000102519989
737491.0;-1.1710000038146973;0.5400000214576721;0.45500001311302185;47.25;-16.875;-9.75;-2276.0;-2003.0;3095.0;273.3125;-45.25;-42.375;-0.634033203125;0.08160400390625;-0.4832763671875;-0.59814453125;-0.46400001645088196;0.015000000596046448;-0.026000000536441803;-0.6960000395774841;0.4650000333786011;0.5090000033378601
737501.0;-1.1600000858306885;0.48100003600120544;0.4830000102519989;47.25;-16.875;-9.75;-2456.0;-2165.0;3387.0;271.0;-42.875;-41.5;-0.62762451171875;0.0743408203125;-0.4696044921875;-0.61651611328125;-0.44700002670288086;-0.07800000160932541;-0.03100000135600567;-0.6670000553131104;0.47600001096725464;0.5370000004768372
737505.0;-1.1600000858306885;0.48100003600120544;0.4830000102519989;47.25;-16.875;-9.75;-2456.0;-2165.0;3387.0;271.0;-42.875;-41.5;-0.62762451171875;0.0743408203125;-0.4696044921875;-0.61651611328125;-0.44700002670288086;-0.07800000160932541;-0.03100000135600567;-0.6670000553131104;0.47600001096725464;0.5370000004768372
737515.0;-1.1150000095367432;0.3970000147819519;0.5049999952316284;47.25;-16.875;-9.75;-2307.0;-2200.0;3322.0;268.8125;-40.5625;-40.6875;-0.62115478515625;0.06658935546875;-0.45599365234375;-0.6339111328125;-0.4280000329017639;-0.15700000524520874;-0.052000001072883606;-0.6380000114440918;0.48500001430511475;0.5640000104904175
737525.0;-1.0660001039505005;0.3270000219345093;0.5110000371932983;47.25;-16.875;-9.75;-2025.0;-2172.0;3136.0;266.8125;-38.375;-39.9375;-0.614990234375;0.058349609375;-0.44305419921875;-0.649658203125;-0.37700000405311584;-0.11000000685453415;-0.07300000637769699;-0.6080000400543213;0.49400001764297485;0.5879999995231628
737535.0;-0.9860000610351562;0.3840000033378601;0.51500004529953;47.25;-16.875;-9.75;-1813.0;-2178.0;3069.0;265.0;-36.125;-39.3125;-0.60888671875;0.04962158203125;-0.43060302734375;-0.66436767578125;-0.38200002908706665;-0.07600000500679016;-0.08900000154972076;-0.578000009059906;0.5010000467300415;0.612000048160553
737542.0;-0.9610000252723694;0.42500001192092896;0.5220000147819519;47.25;-16.875;-9.75;-1813.0;-2178.0;3069.0;265.0;-36.125;-39.3125;-0.6024169921875;0.04022216796875;-0.41839599609375;-0.6785888671875;-0.39400002360343933;-0.06300000101327896;-0.09000000357627869;-0.5470000505447388;0.5090000033378601;0.6340000033378601
737552.0;-0.9420000314712524;0.445000022649765;0.5430000424385071;41.375;-22.75;-17.1875;-1682.0;-2195.0;3104.0;263.1875;-33.9375;-38.75;-0.6024169921875;0.04022216796875;-0.41839599609375;-0.6785888671875;-0.3890000283718109;-0.07300000637769699;-0.08800000697374344;-0.51500004529953;0.5160000324249268;0.6550000309944153
737562.0;-0.9050000309944153;0.44200003147125244;0.5660000443458557;41.375;-22.75;-17.1875;-1443.0;-2251.0;3232.0;259.5625;-29.375;-37.75;-0.58807373046875;0.0196533203125;-0.39422607421875;-0.7059326171875;-0.34200000762939453;-0.11700000613927841;-0.0690000057220459;-0.48100003600120544;0.5230000019073486;0.675000011920929
737572.0;-0.8240000605583191;0.4050000309944153;0.6050000190734863;41.375;-22.75;-17.1875;-1261.0;-2254.0;3181.0;257.875;-27.125;-37.375;-0.58062744140625;0.008544921875;-0.3828125;-0.718505859375;-0.33900001645088196;-0.10900000482797623;-0.0650000050663948;-0.44700002670288086;0.5290000438690186;0.6930000185966492
737582.0;-0.7870000600814819;0.4190000295639038;0.6270000338554382;41.375;-22.75;-17.1875;-1261.0;-2254.0;3181.0;256.3125;-24.9375;-37.0;-0.57373046875;-0.0028076171875;-0.371826171875;-0.729736328125;-0.3320000171661377;-0.10000000149011612;-0.06800000369548798;-0.4140000343322754;0.5350000262260437;0.7090000510215759
737592.0;-0.7460000514984131;0.4350000321865082;0.6410000324249268;41.375;-22.75;-17.1875;-1072.0;-2270.0;2984.0;256.3125;-24.9375;-37.0;-0.57373046875;-0.0028076171875;-0.371826171875;-0.729736328125;-0.3320000171661377;-0.10000000149011612;-0.06800000369548798;-0.38100001215934753;0.5390000343322754;0.7240000367164612
737598.0;-0.7460000514984131;0.4350000321865082;0.6410000324249268;41.375;-22.75;-17.1875;-1072.0;-2270.0;2984.0;256.3125;-24.9375;-37.0;-0.57373046875;-0.0028076171875;-0.371826171875;-0.729736328125;-0.3320000171661377;-0.10000000149011612;-0.06800000369548798;-0.38100001215934753;0.5390000343322754;0.7240000367164612
737608.0;-0.6930000185966492;0.47700002789497375;0.6350000500679016;34.375;-26.5;-23.375;-926.0;-2306.0;2718.0;255.0;-22.875;-36.6875;-0.56768798828125;-0.01422119140625;-0.36114501953125;-0.7396240234375;-0.3110000193119049;-0.06200000271201134;-0.08800000697374344;-0.38100001215934753;0.5390000343322754;0.7240000367164612
737618.0;-0.6820000410079956;0.484000027179718;0.6260000467300415;34.375;-26.5;-23.375;-874.0;-2334.0;2487.0;252.75;-18.8125;-35.8125;-0.55743408203125;-0.03643798828125;-0.3394775390625;-0.75677490234375;-0.3570000231266022;-0.06000000238418579;-0.12200000882148743;-0.31700000166893005;0.5430000424385071;0.7520000338554382
737628.0;-0.6740000247955322;0.4830000102519989;0.6290000081062317;34.375;-26.5;-23.375;-922.0;-2358.0;2365.0;251.6875;-16.8125;-35.3125;-0.55255126953125;-0.047119140625;-0.327880859375;-0.76483154296875;-0.37300002574920654;-0.05000000074505806;-0.11300000548362732;-0.2840000092983246;0.5420000553131104;0.76500004529953
737638.0;-0.6580000519752502;0.492000013589859;0.6510000228881836;34.375;-26.5;-23.375;-1023.0;-2386.0;2331.0;250.625;-14.8125;-34.6875;-0.547607421875;-0.05755615234375;-0.31549072265625;-0.7728271484375;-0.35200002789497375;-0.017000000923871994;-0.08500000089406967;-0.2510000169277191;0.5400000214576721;0.7780000567436218
737648.0;-0.6040000319480896;0.5220000147819519;0.6930000185966492;34.375;-26.5;-23.375;-1154.0;-2432.0;2309.0;250.625;-14.8125;-34.6875;-0.547607421875;-0.05755615234375;-0.31549072265625;-0.7728271484375;-0.35200002789497375;-0.017000000923871994;-0.08500000089406967;-0.2510000169277191;0.5400000214576721;0.7780000567436218
737653.0;-0.5790000557899475;0.5080000162124634;0.7160000205039978;26.5625;-29.0625;-28.6875;-1284.0;-2450.0;2281.0;249.5625;-12.8125;-34.0;-0.54266357421875;-0.067626953125;-0.30242919921875;-0.78070068359375;-0.36100003123283386;-0.026000000536441803;-0.07500000298023224;-0.21800000965595245;0.5350000262260437;0.7920000553131104
737663.0;-0.5550000071525574;0.4910000264644623;0.7240000367164612;26.5625;-29.0625;-28.6875;-1379.0;-2452.0;2272.0;248.5625;-10.8125;-33.25;-0.53228759765625;-0.08697509765625;-0.27508544921875;-0.7958984375;-0.37400001287460327;-0.04100000113248825;-0.09100000560283661;-0.1510000079870224;0.5200000405311584;0.8170000314712524
737673.0;-0.5250000357627869;0.4780000150203705;0.7250000238418579;26.5625;-29.0625;-28.6875;-1404.0;-2429.0;2288.0;247.5;-8.875;-32.4375;-0.52655029296875;-0.09661865234375;-0.26153564453125;-0.80316162109375;-0.3370000123977661;-0.06800000369548798;-0.06800000369548798;-0.11700000613927841;0.5110000371932983;0.8280000686645508
737683.0;-0.45500001311302185;0.44300001859664917;0.7590000629425049;26.5625;-29.0625;-28.6875;-1367.0;-2399.0;2321.0;246.4375;-6.875;-31.6875;-0.52032470703125;-0.10638427734375;-0.248291015625;-0.81011962890625;-0.3370000123977661;-0.08900000154972076;-0.0690000057220459;-0.08400000631809235;0.503000020980835;0.8370000123977661
737693.0;-0.42100003361701965;0.4130000174045563;0.7670000195503235;26.5625;-29.0625;-28.6875;-1269.0;-2378.0;2364.0;245.375;-4.875;-30.9375;-0.52032470703125;-0.10638427734375;-0.248291015625;-0.81011962890625;-0.3370000123977661;-0.08900000154972076;-0.0690000057220459;-0.08400000631809235;0.503000020980835;0.8370000123977661
737703.0;-0.3840000033378601;0.3850000202655792;0.7660000324249268;18.75;-29.75;-32.0625;-1103.0;-2367.0;2398.0;244.3125;-2.9375;-30.3125;-0.51373291015625;-0.11663818359375;-0.23565673828125;-0.816650390625;-0.3330000042915344;-0.10900000482797623;-0.07800000160932541;-0.05000000074505806;0.49400001764297485;0.8450000286102295
737709.0;-0.3840000033378601;0.3850000202655792;0.7660000324249268;18.75;-29.75;-32.0625;-1103.0;-2367.0;2398.0;244.3125;-2.9375;-30.3125;-0.51373291015625;-0.11663818359375;-0.23565673828125;-0.816650390625;-0.3330000042915344;-0.10900000482797623;-0.07800000160932541;-0.05000000074505806;0.49400001764297485;0.8450000286102295
737719.0;-0.3460000157356262;0.3840000033378601;0.7560000419616699;18.75;-29.75;-32.0625;-850.0;-2373.0;2452.0;243.1875;-0.9375;-29.8125;-0.50653076171875;-0.1275634765625;-0.2239990234375;-0.82275390625;-0.3290000259876251;-0.10300000756978989;-0.09400000423192978;0.017000000923871994;0.4830000102519989;0.8530000448226929
737729.0;-0.27400001883506775;0.4750000238418579;0.7610000371932983;18.75;-29.75;-32.0625;-536.0;-2389.0;2516.0;242.0625;1.0;-29.5;-0.49871826171875;-0.13946533203125;-0.21356201171875;-0.828369140625;-0.2980000078678131;0.014000000432133675;-0.05300000309944153;0.052000001072883606;0.48000001907348633;0.8530000448226929
737739.0;-0.24500000476837158;0.49500003457069397;0.7990000247955322;18.75;-29.75;-32.0625;-215.0;-2410.0;2566.0;240.875;3.0625;-29.375;-0.49029541015625;-0.15228271484375;-0.204345703125;-0.83349609375;-0.2980000078678131;0.014000000432133675;-0.05300000309944153;0.08700000494718552;0.4780000150203705;0.8510000109672546
737749.0;-0.22800001502037048;0.5080000162124634;0.8510000109672546;18.75;-29.75;-32.0625;45.0;-2431.0;2613.0;239.6875;5.0625;-29.3125;-0.48126220703125;-0.1658935546875;-0.19610595703125;-0.83807373046875;-0.3150000274181366;0.030000001192092896;0.0;0.08700000494718552;0.4780000150203705;0.8510000109672546
737753.0;-0.203000009059906;0.48000001907348633;0.8550000190734863;10.5;-29.5625;-37.875;222.0;-2460.0;2694.0;238.4375;7.1875;-29.375;-0.47161865234375;-0.18011474609375;-0.18841552734375;-0.8424072265625;-0.3270000219345093;0.0020000000949949026;0.00800000037997961;0.12300000339746475;0.47700002789497375;0.8470000624656677
737763.0;-0.19600000977516174;0.4570000171661377;0.8220000267028809;10.5;-29.5625;-37.875;349.0;-2478.0;2772.0;237.125;9.3125;-29.5;-0.46136474609375;-0.1947021484375;-0.18115234375;-0.846435546875;-0.35500001907348633;-0.01900000125169754;-0.01900000125169754;0.15900000929832458;0.47600001096725464;0.8410000205039978
737773.0;-0.18300001323223114;0.45600003004074097;0.7760000228881836;10.5;-29.5625;-37.875;425.0;-2495.0;2827.0;235.8125;11.5;-29.625;-0.4505615234375;-0.2095947265625;-0.17401123046875;-0.85015869140625;-0.37800002098083496;-0.018000001087784767;-0.058000002056360245;0.19500000774860382;0.4750000238418579;0.8350000381469727
737783.0;-0.16500000655651093;0.46700000762939453;0.7450000643730164;10.5;-29.5625;-37.875;444.0;-2486.0;2883.0;234.4375;13.625;-29.6875;-0.4393310546875;-0.224365234375;-0.1668701171875;-0.85369873046875;-0.3970000147819519;-0.004000000189989805;-0.0820000022649765;0.23100000619888306;0.47200003266334534;0.8270000219345093
737793.0;-0.10400000214576721;0.48000001907348633;0.734000027179718;10.5;-29.5625;-37.875;393.0;-2470.0;2953.0;233.0;15.8125;-29.75;-0.4276123046875;-0.239013671875;-0.159423828125;-0.85711669921875;-0.3720000088214874;0.012000000104308128;-0.08400000631809235;0.2680000066757202;0.46800002455711365;0.8180000185966492
737803.0;-0.06800000369548798;0.4740000367164612;0.7170000076293945;2.0;-31.75;-37.0625;269.0;-2458.0;3019.0;231.5625;18.0;-29.625;-0.41558837890625;-0.25323486328125;-0.1512451171875;-0.86041259765625;-0.3720000088214874;0.013000000268220901;-0.09200000762939453;0.30400002002716064;0.4610000252723694;0.8100000619888306
737808.0;-0.06800000369548798;0.4740000367164612;0.7170000076293945;2.0;-31.75;-37.0625;269.0;-2458.0;3019.0;231.5625;18.0;-29.625;-0.41558837890625;-0.25323486328125;-0.1512451171875;-0.86041259765625;-0.3720000088214874;0.013000000268220901;-0.09200000762939453;0.30400002002716064;0.4610000252723694;0.8100000619888306
737818.0;-0.03200000151991844;0.4780000150203705;0.6810000538825989;2.0;-31.75;-37.0625;82.0;-2446.0;3067.0;230.0625;20.25;-29.375;-0.4034423828125;-0.26690673828125;-0.14208984375;-0.86358642578125;-0.3720000088214874;0.026000000536441803;-0.11900000274181366;0.33900001645088196;0.45100003480911255;0.8010000586509705
737828.0;0.004000000189989805;0.47200003266334534;0.6520000100135803;2.0;-31.75;-37.0625;-142.0;-2438.0;3108.0;228.5625;22.4375;-28.9375;-0.3912353515625;-0.27996826171875;-0.1318359375;-0.86669921875;-0.3700000047683716;0.032999999821186066;-0.14000000059604645;0.37400001287460327;0.43800002336502075;0.7920000553131104
737838.0;0.046000003814697266;0.4180000126361847;0.6200000047683716;2.0;-31.75;-37.0625;-373.0;-2417.0;3159.0;227.0625;24.625;-28.3125;-0.37890625;-0.29241943359375;-0.1204833984375;-0.8697509765625;-0.3630000054836273;-0.004000000189989805;-0.16300000250339508;0.4090000092983246;0.4220000207424164;0.784000039100647
737848.0;0.07300000637769699;0.37700000405311584;0.5940000414848328;2.0;-31.75;-37.0625;-597.0;-2392.0;3222.0;225.5;26.8125;-27.4375;-0.366455078125;-0.30419921875;-0.10791015625;-0.8726806640625;-0.36900001764297485;-0.026000000536441803;-0.18200001120567322;0.44300001859664917;0.40300002694129944;0.7760000228881836
737852.0;0.10500000417232513;0.31200000643730164;0.5480000376701355;-7.25;-30.6875;-37.5;-790.0;-2381.0;3272.0;224.0;29.0;-26.375;-0.35394287109375;-0.3154296875;-0.09442138671875;-0.87542724609375;-0.3700000047683716;-0.06800000369548798;-0.21900001168251038;0.4750000238418579;0.38100001215934753;0.7680000066757202
737862.0;0.16600000858306885;0.19100001454353333;0.47700002789497375;-7.25;-30.6875;-37.5;-899.0;-2355.0;3318.0;222.4375;31.1875;-25.125;-0.3411865234375;-0.326171875;-0.080322265625;-0.8779296875;-0.3410000205039978;-0.164000004529953;-0.281000018119812;0.5070000290870667;0.35600000619888306;0.7590000629425049
737872.0;0.20200000703334808;0.17800000309944153;0.49800002574920654;-7.25;-30.6875;-37.5;-906.0;-2329.0;3386.0;220.8125;33.3125;-23.75;-0.32794189453125;-0.33673095703125;-0.06610107421875;-0.88018798828125;-0.3360000252723694;-0.15200001001358032;-0.2510000169277191;0.5380000472068787;0.33000001311302185;0.7490000128746033
737882.0;0.24500000476837158;0.19200000166893005;0.5400000214576721;-7.25;-30.6875;-37.5;-804.0;-2387.0;3419.0;219.1875;35.4375;-22.375;-0.31427001953125;-0.3475341796875;-0.0521240234375;-0.88189697265625;-0.3230000138282776;-0.11100000888109207;-0.19700001180171967;0.5680000185966492;0.30400002002716064;0.7380000352859497
737888.0;0.24500000476837158;0.19200000166893005;0.5400000214576721;-7.25;-30.6875;-37.5;-804.0;-2387.0;3419.0;219.1875;35.4375;-22.375;-0.31427001953125;-0.3475341796875;-0.0521240234375;-0.88189697265625;-0.3230000138282776;-0.11100000888109207;-0.19700001180171967;0.5680000185966492;0.30400002002716064;0.7380000352859497
737898.0;0.24500000476837158;0.19200000166893005;0.5400000214576721;-7.25;-30.6875;-37.5;-684.0;-2453.0;3404.0;217.5;37.5625;-20.9375;-0.30023193359375;-0.358642578125;-0.03857421875;-0.88299560546875;-0.31300002336502075;-0.07000000029802322;-0.14800000190734863;0.5980000495910645;0.27800002694129944;0.7250000238418579
737908.0;0.2850000262260437;0.2070000171661377;0.5760000348091125;-7.25;-30.6875;-37.5;-602.0;-2484.0;3404.0;215.8125;39.6875;-19.4375;-0.28594970703125;-0.369873046875;-0.025390625;-0.88360595703125;-0.3190000057220459;-0.09800000488758087;-0.1290000081062317;0.6260000467300415;0.2510000169277191;0.7110000252723694
737918.0;0.3070000112056732;0.15200001001358032;0.581000030040741;-17.6875;-27.25;-36.5625;-553.0;-2480.0;3408.0;214.125;41.75;-17.8125;-0.27142333984375;-0.3809814453125;-0.01239013671875;-0.8837890625;-0.32500001788139343;-0.13500000536441803;-0.13100001215934753;0.6530000567436218;0.2240000069141388;0.6950000524520874
737928.0;0.3270000219345093;0.08800000697374344;0.5640000104904175;-17.6875;-27.25;-36.5625;-497.0;-2485.0;3369.0;212.375;43.8125;-16.125;-0.25677490234375;-0.3919677734375;0.000244140625;-0.8834228515625;-0.328000009059906;-0.15300001204013824;-0.12700000405311584;0.6790000200271606;0.19700001180171967;0.6790000200271606
737938.0;0.3500000238418579;0.0430000014603138;0.5520000457763672;-17.6875;-27.25;-36.5625;-432.0;-2461.0;3272.0;210.6875;45.75;-14.375;-0.24237060546875;-0.40277099609375;0.01239013671875;-0.882568359375;-0.33400002121925354;-0.13600000739097595;-0.1290000081062317;0.703000009059906;0.17000000178813934;0.6620000600814819
737943.0;0.3680000305175781;0.032999999821186066;0.5320000052452087;-17.6875;-27.25;-36.5625;-401.0;-2455.0;3182.0;209.0;47.6875;-12.5;-0.22821044921875;-0.41339111328125;0.02410888671875;-0.88116455078125;-0.359000027179718;-0.10900000482797623;-0.17500001192092896;0.7250000238418579;0.14300000667572021;0.6440000534057617
737953.0;0.36500000953674316;0.032999999821186066;0.4690000116825104;-17.6875;-27.25;-36.5625;-401.0;-2455.0;3182.0;207.375;49.5;-10.5;-0.21441650390625;-0.4237060546875;0.03594970703125;-0.87933349609375;-0.3850000202655792;-0.11900000274181366;-0.20900000631809235;0.7450000643730164;0.11600000411272049;0.625
737963.0;0.36000001430511475;-0.0020000000949949026;0.41600000858306885;-27.6875;-23.25;-35.0;-453.0;-2444.0;3088.0;207.375;49.5;-10.5;-0.20135498046875;-0.43377685546875;0.0478515625;-0.876953125;-0.3840000033378601;-0.1510000079870224;-0.24500000476837158;0.7640000581741333;0.08900000154972076;0.6070000529289246
737973.0;0.3800000250339508;-0.06200000271201134;0.3620000183582306;-27.6875;-23.25;-35.0;-595.0;-2475.0;2831.0;204.375;52.9375;-6.0;-0.18896484375;-0.44378662109375;0.0596923828125;-0.87396240234375;-0.36900001764297485;-0.1730000078678131;-0.2580000162124634;0.7820000648498535;0.06200000271201134;0.5870000123977661
737983.0;0.4130000174045563;-0.11100000888109207;0.3290000259876251;-27.6875;-23.25;-35.0;-544.0;-2514.0;2587.0;203.0;54.5625;-3.75;-0.177490234375;-0.45391845703125;0.07080078125;-0.87030029296875;-0.40300002694129944;-0.1900000125169754;-0.2410000115633011;0.7990000247955322;0.03700000047683716;0.5660000443458557
737993.0;0.39500001072883606;-0.15300001204013824;0.32500001788139343;-27.6875;-23.25;-35.0;-356.0;-2552.0;2409.0;201.6875;56.1875;-1.5;-0.166259765625;-0.46435546875;0.08056640625;-0.86614990234375;-0.5130000114440918;-0.20500001311302185;-0.24900001287460327;0.815000057220459;0.014000000432133675;0.5450000166893005
738001.0;0.30100002884864807;-0.19100001454353333;0.29500001668930054;-27.6875;-23.25;-35.0;-356.0;-2552.0;2409.0;201.6875;56.1875;-1.5;-0.166259765625;-0.46435546875;0.08056640625;-0.86614990234375;-0.4180000126361847;-0.16500000655651093;-0.22700001299381256;0.8290000557899475;-0.014000000432133675;0.5230000019073486
738011.0;0.4100000262260437;-0.18000000715255737;0.29500001668930054;-34.25;-17.6875;-31.25;-180.0;-2532.0;3262.0;199.8125;57.75;1.5625;-0.15069580078125;-0.47430419921875;0.09161376953125;-0.862548828125;-0.4180000126361847;-0.16500000655651093;-0.22700001299381256;0.8420000672340393;-0.04400000348687172;0.5
738021.0;0.4310000240802765;-0.17800000309944153;0.2330000102519989;-34.25;-17.6875;-31.25;-180.0;-2532.0;3262.0;196.0625;60.4375;8.5;-0.12060546875;-0.493408203125;0.112548828125;-0.85400390625;-0.4320000112056732;-0.08700000494718552;-0.2770000100135803;0.8530000448226929;-0.07100000232458115;0.4780000150203705
738031.0;0.42000001668930054;-0.15800000727176666;0.20100000500679016;-34.25;-17.6875;-31.25;-140.0;-2487.0;2960.0;194.3125;61.5625;12.125;-0.10662841796875;-0.50244140625;0.12213134765625;-0.8492431640625;-0.43800002336502075;-0.07900000363588333;-0.27300000190734863;0.862000048160553;-0.09800000488758087;0.45600003004074097
738041.0;0.4240000247955322;-0.1770000010728836;0.18200001120567322;-34.25;-17.6875;-31.25;-144.0;-2418.0;2854.0;192.4375;62.5;16.0;-0.0924072265625;-0.5111083984375;0.13134765625;-0.8443603515625;-0.41700002551078796;-0.08100000023841858;-0.30800002813339233;0.8700000643730164;-0.12400000542402267;0.43400001525878906
738043.0;0.4240000247955322;-0.1770000010728836;0.18200001120567322;-34.25;-17.6875;-31.25;-144.0;-2418.0;2854.0;192.4375;62.5;16.0;-0.0924072265625;-0.5111083984375;0.13134765625;-0.8443603515625;-0.41700002551078796;-0.08100000023841858;-0.30800002813339233;0.8700000643730164;-0.12400000542402267;0.43400001525878906
738053.0;0.4520000219345093;-0.20600001513957977;0.12600000202655792;-34.25;-17.6875;-31.25;-66.0;-2372.0;2876.0;192.4375;62.5;16.0;-0.0924072265625;-0.5111083984375;0.13134765625;-0.8443603515625;-0.41700002551078796;-0.08100000023841858;-0.30800002813339233;0.8700000643730164;-0.12400000542402267;0.43400001525878906
738063.0;0.5210000276565552;-0.23600001633167267;0.06400000303983688;-41.375;-11.25;-28.0;-132.0;-2164.0;2625.0;190.8125;63.25;19.8125;-0.07952880859375;-0.518798828125;0.14007568359375;-0.839599609375;-0.3540000021457672;-0.0860000029206276;-0.3490000069141388;0.8760000467300415;-0.14900000393390656;0.4140000343322754
738073.0;0.527999997138977;-0.25;0.08500000089406967;-41.375;-11.25;-28.0;-132.0;-2164.0;2625.0;189.125;63.875;23.875;-0.05584716796875;-0.5325927734375;0.15826416015625;-0.82952880859375;-0.3680000305175781;-0.06100000441074371;-0.3140000104904175;0.8830000162124634;-0.1990000158548355;0.3750000298023224
738083.0;0.51500004529953;-0.2600000202655792;0.06000000238418579;-41.375;-11.25;-28.0;-493.0;-1922.0;2422.0;187.6875;64.3125;27.9375;-0.04571533203125;-0.53839111328125;0.16851806640625;-0.82440185546875;-0.39100003242492676;-0.05700000375509262;-0.3270000219345093;0.8850000500679016;-0.2240000069141388;0.35600000619888306
738093.0;0.49400001764297485;-0.281000018119812;0.02800000086426735;-41.375;-11.25;-28.0;-676.0;-1835.0;2395.0;186.3125;64.5625;32.125;-0.0361328125;-0.54376220703125;0.17926025390625;-0.81903076171875;-0.38700002431869507;-0.07800000160932541;-0.3700000047683716;0.8860000371932983;-0.24900001287460327;0.3370000123977661
738099.0;0.49400001764297485;-0.281000018119812;0.02800000086426735;-41.375;-11.25;-28.0;-676.0;-1835.0;2395.0;186.3125;64.5625;32.125;-0.0361328125;-0.54376220703125;0.17926025390625;-0.81903076171875;-0.38700002431869507;-0.07800000160932541;-0.3700000047683716;0.8860000371932983;-0.24900001287460327;0.3370000123977661
738109.0;0.49800002574920654;-0.3270000219345093;-0.03200000151991844;-41.375;-11.25;-28.0;-829.0;-1792.0;2376.0;185.0;64.625;36.4375;-0.0361328125;-0.54376220703125;0.17926025390625;-0.81903076171875;-0.38700002431869507;-0.07800000160932541;-0.3700000047683716;0.8860000371932983;-0.24900001287460327;0.3370000123977661
738119.0;0.5200000405311584;-0.3540000021457672;-0.012000000104308128;-45.25;-5.0;-22.6875;-936.0;-1771.0;2388.0;183.625;64.5625;40.8125;-0.02606201171875;-0.549072265625;0.19000244140625;-0.8134765625;-0.36500000953674316;-0.07900000363588333;-0.33100003004074097;0.8850000500679016;-0.2750000059604645;0.31800001859664917
738129.0;0.5040000081062317;-0.4050000309944153;-0.046000003814697266;-45.25;-5.0;-22.6875;-973.0;-1773.0;2400.0;182.375;64.375;45.125;-0.016845703125;-0.5540771484375;0.20135498046875;-0.80755615234375;-0.3790000081062317;-0.10400000214576721;-0.3450000286102295;0.8810000419616699;-0.32500001788139343;0.27900001406669617
738139.0;0.46700000762939453;-0.5010000467300415;-0.06700000166893005;-45.25;-5.0;-22.6875;-870.0;-1820.0;2388.0;181.0;64.0625;49.375;-0.00726318359375;-0.55914306640625;0.21221923828125;-0.8013916015625;-0.39500001072883606;-0.19200000166893005;-0.359000027179718;0.878000020980835;-0.3490000069141388;0.2590000033378601
738139.0;0.46700000762939453;-0.5010000467300415;-0.06700000166893005;-45.25;-5.0;-22.6875;-870.0;-1820.0;2388.0;181.0;64.0625;49.375;-0.00726318359375;-0.55914306640625;0.21221923828125;-0.8013916015625;-0.39500001072883606;-0.19200000166893005;-0.359000027179718;0.878000020980835;-0.3490000069141388;0.2590000033378601
738149.0;0.4820000231266022;-0.5420000553131104;-0.10000000149011612;-45.25;-5.0;-22.6875;-629.0;-1845.0;2390.0;179.5;63.625;53.375;0.0030517578125;-0.564208984375;0.22198486328125;-0.79522705078125;-0.3700000047683716;-0.2240000069141388;-0.3680000305175781;0.8740000128746033;-0.3720000088214874;0.2410000115633011
738159.0;0.503000020980835;-0.5960000157356262;-0.12700000405311584;-45.25;-5.0;-22.6875;-297.0;-1856.0;2376.0;177.875;63.0625;57.0;0.01434326171875;-0.56915283203125;0.230224609375;-0.78924560546875;-0.3700000047683716;-0.2240000069141388;-0.3680000305175781;0.8740000128746033;-0.3720000088214874;0.2410000115633011
738169.0;0.5260000228881836;-0.6350000500679016;-0.1340000033378601;-48.25;2.0;-19.0;-2.0;-1832.0;2322.0;176.0;62.4375;60.25;0.0269775390625;-0.5740966796875;0.23651123046875;-0.783447265625;-0.34200000762939453;-0.242000013589859;-0.359000027179718;0.8690000176429749;-0.3930000066757202;0.2240000069141388
738179.0;0.5660000443458557;-0.6780000329017639;-0.1900000125169754;-48.25;2.0;-19.0;220.0;-1748.0;2249.0;174.1875;61.75;63.125;0.03912353515625;-0.57843017578125;0.24212646484375;-0.77801513671875;-0.2970000207424164;-0.2639999985694885;-0.39900001883506775;0.8640000224113464;-0.4130000174045563;0.20900000631809235
738189.0;0.5700000524520874;-0.7090000510215759;-0.21400001645088196;-48.25;2.0;-19.0;358.0;-1656.0;2163.0;172.375;61.0;65.625;0.05120849609375;-0.58233642578125;0.24688720703125;-0.77288818359375;-0.28700000047683716;-0.2760000228881836;-0.4100000262260437;0.8570000529289246;-0.4320000112056732;0.19600000977516174
738193.0;0.581000030040741;-0.7320000529289246;-0.22600001096725464;-48.25;2.0;-19.0;393.0;-1579.0;2056.0;170.625;60.25;67.8125;0.0628662109375;-0.5859375;0.25115966796875;-0.76788330078125;-0.26900002360343933;-0.281000018119812;-0.4100000262260437;0.8510000109672546;-0.45000001788139343;0.18300001323223114
738203.0;0.5940000414848328;-0.7460000514984131;-0.20800000429153442;-48.25;2.0;-19.0;353.0;-1508.0;1958.0;168.875;59.4375;69.8125;0.07391357421875;-0.58929443359375;0.2552490234375;-0.76300048828125;-0.24900001287460327;-0.27900001406669617;-0.3800000250339508;0.8440000414848328;-0.46700000762939453;0.17100000381469727
738213.0;0.5570000410079956;-0.753000020980835;-0.22100001573562622;-48.6875;7.5625;-15.1875;306.0;-1429.0;1893.0;167.1875;58.6875;71.625;0.0848388671875;-0.59246826171875;0.25897216796875;-0.75811767578125;-0.2800000011920929;-0.27000001072883606;-0.38100001215934753;0.8370000123977661;-0.4830000102519989;0.1600000113248825
738223.0;0.5290000438690186;-0.7780000567436218;-0.22300000488758087;-48.6875;7.5625;-15.1875;333.0;-1376.0;1827.0;165.5625;57.875;73.1875;0.0950927734375;-0.59527587890625;0.26275634765625;-0.75335693359375;-0.30100002884864807;-0.27800002694129944;-0.37300002574920654;0.8300000429153442;-0.49900001287460327;0.15000000596046448
738233.0;0.5160000324249268;-0.8070000410079956;-0.24300001561641693;-48.6875;7.5625;-15.1875;416.0;-1335.0;1763.0;163.9375;57.0625;74.625;0.105224609375;-0.597900390625;0.26593017578125;-0.74884033203125;-0.3060000240802765;-0.2930000126361847;-0.3840000033378601;0.8230000138282776;-0.5130000114440918;0.14000000059604645
738242.0;0.5610000491142273;-0.906000018119812;-0.2900000214576721;-48.6875;7.5625;-15.1875;554.0;-1279.0;1720.0;162.3125;56.25;75.875;0.1156005859375;-0.6002197265625;0.2684326171875;-0.74456787109375;-0.2540000081062317;-0.37800002098083496;-0.4230000078678131;0.815000057220459;-0.527999997138977;0.13199999928474426
738252.0;0.5760000348091125;-0.9390000700950623;-0.23600001633167267;-48.6875;7.5625;-15.1875;676.0;-1259.0;1726.0;160.625;55.4375;76.875;0.12628173828125;-0.60223388671875;0.27044677734375;-0.74041748046875;-0.23100000619888306;-0.398000031709671;-0.3620000183582306;0.8070000410079956;-0.5410000085830688;0.125
738262.0;0.4570000171661377;-0.8560000658035278;-0.2770000100135803;-48.1875;12.375;-12.0;788.0;-1210.0;1876.0;158.75;54.4375;77.8125;0.1378173828125;-0.60369873046875;0.27252197265625;-0.73638916015625;-0.3410000205039978;-0.2990000247955322;-0.3970000147819519;0.7980000376701355;-0.5560000538825989;0.12000000476837158
738272.0;0.5920000076293945;-0.9220000505447388;-0.3750000298023224;-48.1875;12.375;-12.0;413.0;-1373.0;2544.0;156.625;53.125;79.0625;0.1510009765625;-0.60504150390625;0.2779541015625;-0.73065185546875;-0.19200000166893005;-0.3450000286102295;-0.48600003123283386;0.784000039100647;-0.5770000219345093;0.11100000888109207
738282.0;0.64000004529953;-0.8400000333786011;-0.359000027179718;-48.1875;12.375;-12.0;-197.0;-943.0;1833.0;155.3125;52.125;80.1875;0.1588134765625;-0.6060791015625;0.2838134765625;-0.725830078125;-0.13300000131130219;-0.24700000882148743;-0.4610000252723694;0.7740000486373901;-0.5920000076293945;0.10200000554323196
738292.0;0.5710000395774841;-0.8600000143051147;-0.3240000009536743;-48.1875;12.375;-12.0;-611.0;-878.0;1671.0;154.25;51.1875;81.4375;0.16461181640625;-0.607421875;0.290771484375;-0.720703125;-0.19300000369548798;-0.25200000405311584;-0.4150000214576721;0.7640000581741333;-0.6070000529289246;0.09100000560283661
738299.0;0.5710000395774841;-0.8600000143051147;-0.3240000009536743;-48.1875;12.375;-12.0;-611.0;-878.0;1671.0;154.25;51.1875;81.4375;0.16461181640625;-0.607421875;0.290771484375;-0.720703125;-0.19300000369548798;-0.25200000405311584;-0.4150000214576721;0.7640000581741333;-0.6070000529289246;0.09100000560283661
738309.0;0.5570000410079956;-0.9460000395774841;-0.3450000286102295;-48.1875;12.375;-12.0;-548.0;-654.0;1451.0;153.375;50.375;82.375;0.16937255859375;-0.608154296875;0.29693603515625;-0.7164306640625;-0.1980000138282776;-0.32600000500679016;-0.4270000159740448;0.7550000548362732;-0.6190000176429749;0.0820000022649765
738319.0;0.5570000410079956;-0.9460000395774841;-0.3450000286102295;-46.6875;18.0;-9.0;-467.0;-468.0;1323.0;152.625;49.625;83.125;0.173583984375;-0.6082763671875;0.30255126953125;-0.7130126953125;-0.1900000125169754;-0.40800002217292786;-0.4320000112056732;0.7470000386238098;-0.6300000548362732;0.07500000298023224
738329.0;0.5570000410079956;-1.0380001068115234;-0.35600000619888306;-46.6875;18.0;-9.0;-686.0;-380.0;1242.0;152.0;48.9375;83.9375;0.1766357421875;-0.60833740234375;0.3087158203125;-0.70953369140625;-0.1510000079870224;-0.359000027179718;-0.42100003361701965;0.7390000224113464;-0.64000004529953;0.06700000166893005
738339.0;0.5879999995231628;-1.0;-0.3530000150203705;-46.6875;18.0;-9.0;-781.0;-249.0;979.0;151.625;48.375;84.625;0.17822265625;-0.60833740234375;0.3145751953125;-0.70654296875;-0.15600000321865082;-0.4180000126361847;-0.4320000112056732;0.7330000400543213;-0.6480000019073486;0.06000000238418579
738343.0;0.5760000348091125;-1.0660001039505005;-0.3710000216960907;-46.6875;18.0;-9.0;-600.0;-104.0;659.0;151.5;47.9375;85.125;0.17889404296875;-0.60821533203125;0.31884765625;-0.70458984375;-0.16300000250339508;-0.48100003600120544;-0.41200003027915955;0.7280000448226929;-0.6540000438690186;0.055000003427267075
738353.0;0.5649999976158142;-1.1350001096725464;-0.35600000619888306;-46.6875;18.0;-9.0;-290.0;5.0;379.0;151.375;47.75;85.3125;0.17938232421875;-0.60784912109375;0.32110595703125;-0.7037353515625;-0.15800000727176666;-0.5130000114440918;-0.4190000295639038;0.7250000238418579;-0.6570000052452087;0.05300000309944153
738363.0;0.5670000314712524;-1.1700000762939453;-0.3660000264644623;-46.6875;18.0;-9.0;-290.0;5.0;379.0;151.375;47.625;85.3125;0.17950439453125;-0.60723876953125;0.3221435546875;-0.7037353515625;-0.15000000596046448;-0.5130000114440918;-0.42600002884864807;0.7240000367164612;-0.6580000519752502;0.05300000309944153
738373.0;0.5740000009536743;-1.1710000038146973;-0.3720000088214874;-46.0;21.25;-7.0;-101.0;117.0;169.0;151.4375;47.5625;85.1875;0.178955078125;-0.60638427734375;0.32269287109375;-0.704345703125;-0.13100001215934753;-0.49500003457069397;-0.406000018119812;0.7240000367164612;-0.6580000519752502;0.055000003427267075
738377.0;0.5740000009536743;-1.1710000038146973;-0.3720000088214874;-46.0;21.25;-7.0;-101.0;117.0;169.0;151.4375;47.5625;85.1875;0.178955078125;-0.60638427734375;0.32269287109375;-0.704345703125;-0.13100001215934753;-0.49500003457069397;-0.406000018119812;0.7240000367164612;-0.6580000519752502;0.055000003427267075
738387.0;0.593000054359436;-1.1540000438690186;-0.3500000238418579;-46.0;21.25;-7.0;-60.0;345.0;-204.0;151.75;47.6875;85.0;0.17742919921875;-0.60552978515625;0.3226318359375;-0.70550537109375;-0.1600000113248825;-0.4880000352859497;-0.44300001859664917;0.7250000238418579;-0.6570000052452087;0.05700000375509262
738397.0;0.5640000104904175;-1.1450001001358032;-0.38600000739097595;-46.0;21.25;-7.0;-47.0;464.0;-452.0;152.1875;47.9375;84.6875;0.1748046875;-0.6046142578125;0.32177734375;-0.70733642578125;-0.1810000091791153;-0.5060000419616699;-0.3890000283718109;0.7280000448226929;-0.6530000567436218;0.06000000238418579
738407.0;0.5470000505447388;-1.1600000858306885;-0.328000009059906;-46.0;21.25;-7.0;-14.0;585.0;-701.0;152.875;48.3125;84.25;0.171142578125;-0.6036376953125;0.32012939453125;-0.7098388671875;-0.22300000488758087;-0.445000022649765;-0.38200002908706665;0.7320000529289246;-0.6480000019073486;0.0650000050663948
738411.0;0.5090000033378601;-1.093000054359436;-0.31700000166893005;-46.0;21.25;-7.0;-14.0;585.0;-701.0;152.875;48.3125;84.25;0.171142578125;-0.6036376953125;0.32012939453125;-0.7098388671875;-0.24500000476837158;-0.3800000250339508;-0.367000013589859;0.7390000224113464;-0.64000004529953;0.0690000057220459
738421.0;0.4930000305175781;-1.0200001001358032;-0.2970000207424164;-44.875;22.75;-7.375;-39.0;638.0;-1057.0;153.75;48.9375;83.75;0.16595458984375;-0.60302734375;0.3175048828125;-0.7127685546875;-0.25;-0.4050000309944153;-0.3830000162124634;0.7470000386238098;-0.6290000081062317;0.07400000095367432
738431.0;0.4970000088214874;-1.0350000858306885;-0.30800002813339233;-44.875;22.75;-7.375;-78.0;723.0;-1322.0;156.0;50.375;82.6875;0.1527099609375;-0.60205078125;0.31170654296875;-0.71905517578125;-0.2930000126361847;-0.3920000195503235;-0.3580000102519989;0.7550000548362732;-0.6190000176429749;0.07900000363588333
738441.0;0.4610000252723694;-1.0120000839233398;-0.27900001406669617;-44.875;22.75;-7.375;-250.0;741.0;-1264.0;157.0625;50.9375;82.25;0.14630126953125;-0.60113525390625;0.310546875;-0.7216796875;-0.2900000214576721;-0.3850000202655792;-0.33100003004074097;0.7610000371932983;-0.612000048160553;0.0820000022649765
738445.0;0.4610000252723694;-1.0120000839233398;-0.27900001406669617;-44.875;22.75;-7.375;-250.0;741.0;-1264.0;157.0625;50.9375;82.25;0.14630126953125;-0.60113525390625;0.310546875;-0.7216796875;-0.2900000214576721;-0.3850000202655792;-0.33100003004074097;0.7610000371932983;-0.612000048160553;0.0820000022649765
738455.0;0.4710000157356262;-0.9970000386238098;-0.24800001084804535;-44.875;22.75;-7.375;-385.0;775.0;-1024.0;158.0625;51.375;81.8125;0.1402587890625;-0.599609375;0.31036376953125;-0.72418212890625;-0.2840000092983246;-0.3530000150203705;-0.3410000205039978;0.7660000324249268;-0.6050000190734863;0.0860000029206276
738465.0;0.48100003600120544;-0.9590000510215759;-0.2540000081062317;-44.875;22.75;-7.375;-475.0;845.0;-837.0;158.0625;51.375;81.8125;0.1402587890625;-0.599609375;0.31036376953125;-0.72418212890625;-0.2840000092983246;-0.3530000150203705;-0.3410000205039978;0.7660000324249268;-0.6050000190734863;0.0860000029206276
738475.0;0.5060000419616699;-0.9080000519752502;-0.2720000147819519;-46.0;20.1875;-8.1875;-568.0;935.0;-889.0;159.125;51.8125;81.375;0.13348388671875;-0.597900390625;0.31036376953125;-0.72686767578125;-0.2639999985694885;-0.30900001525878906;-0.3630000054836273;0.7710000276565552;-0.5990000367164612;0.09000000357627869
738479.0;0.5060000419616699;-0.9080000519752502;-0.2720000147819519;-46.0;20.1875;-8.1875;-568.0;935.0;-889.0;159.125;51.8125;81.375;0.13348388671875;-0.597900390625;0.31036376953125;-0.72686767578125;-0.2639999985694885;-0.30900001525878906;-0.3630000054836273;0.7710000276565552;-0.5990000367164612;0.09000000357627869
738489.0;0.5490000247955322;-0.8980000615119934;-0.20000000298023224;-46.0;20.1875;-8.1875;-513.0;1047.0;-1107.0;160.375;52.375;80.75;0.117919921875;-0.59381103515625;0.307861328125;-0.73394775390625;-0.23500001430511475;-0.3050000071525574;-0.31800001859664917;0.7830000519752502;-0.5800000429153442;0.10300000756978989
738499.0;0.5480000376701355;-0.8850000500679016;-0.21400001645088196;-46.0;20.1875;-8.1875;-375.0;1167.0;-1261.0;161.6875;53.0;79.875;0.109619140625;-0.5911865234375;0.305419921875;-0.73834228515625;-0.23100000619888306;-0.3270000219345093;-0.35200002789497375;0.7900000214576721;-0.5690000057220459;0.1120000034570694
738509.0;0.5590000152587891;-0.8960000276565552;-0.23900000751018524;-46.0;20.1875;-8.1875;-286.0;1294.0;-1370.0;163.0625;53.6875;78.8125;0.10107421875;-0.588134765625;0.3026123046875;-0.7431640625;-0.26500001549720764;-0.3320000171661377;-0.3410000205039978;0.7970000505447388;-0.5570000410079956;0.12200000882148743
738513.0;0.5320000052452087;-0.89000004529953;-0.21800000965595245;-46.0;20.1875;-8.1875;-218.0;1406.0;-1434.0;164.5;54.375;77.5625;0.10107421875;-0.588134765625;0.3026123046875;-0.7431640625;-0.26500001549720764;-0.3320000171661377;-0.3410000205039978;0.7970000505447388;-0.5570000410079956;0.12200000882148743
738523.0;0.5580000281333923;-0.8960000276565552;-0.18400001525878906;-46.25;17.25;-9.0625;-170.0;1465.0;-1370.0;165.8125;54.9375;76.1875;0.09283447265625;-0.5845947265625;0.2998046875;-0.7481689453125;-0.24500000476837158;-0.3500000238418579;-0.31800001859664917;0.8030000329017639;-0.5460000038146973;0.1340000033378601
738533.0;0.5480000376701355;-0.8860000371932983;-0.203000009059906;-46.25;17.25;-9.0625;56.0;1496.0;-1549.0;167.1875;55.625;74.5625;0.08453369140625;-0.58111572265625;0.29547119140625;-0.75360107421875;-0.3100000023841858;-0.2720000147819519;-0.367000013589859;0.8170000314712524;-0.5170000195503235;0.16100001335144043
738543.0;0.5060000419616699;-0.7900000214576721;-0.20600001513957977;-46.25;17.25;-9.0625;181.0;1505.0;-1809.0;168.625;56.4375;72.6875;0.07550048828125;-0.57781982421875;0.28985595703125;-0.75921630859375;-0.3570000231266022;-0.2680000066757202;-0.3620000183582306;0.8240000605583191;-0.5010000467300415;0.17400000989437103
738547.0;0.5060000419616699;-0.7900000214576721;-0.20600001513957977;-46.25;17.25;-9.0625;181.0;1505.0;-1809.0;168.625;56.4375;72.6875;0.07550048828125;-0.57781982421875;0.28985595703125;-0.75921630859375;-0.3570000231266022;-0.2680000066757202;-0.3620000183582306;0.8240000605583191;-0.5010000467300415;0.17400000989437103
738557.0;0.46700000762939453;-0.7690000534057617;-0.18800000846385956;-46.25;17.25;-9.0625;139.0;1459.0;-1840.0;170.0625;57.1875;70.75;0.06634521484375;-0.57464599609375;0.28424072265625;-0.76458740234375;-0.33500000834465027;-0.29500001668930054;-0.3500000238418579;0.831000030040741;-0.484000027179718;0.18700000643730164
738567.0;0.49500003457069397;-0.7800000309944153;-0.16300000250339508;-46.25;17.25;-9.0625;31.0;1472.0;-1826.0;171.5;57.9375;68.8125;0.05682373046875;-0.5714111328125;0.27911376953125;-0.7696533203125;-0.33500000834465027;-0.29500001668930054;-0.3500000238418579;0.831000030040741;-0.484000027179718;0.18700000643730164
738577.0;0.4880000352859497;-0.734000027179718;-0.13700000941753387;-47.0;15.375;-12.375;35.0;1526.0;-1762.0;172.9375;58.5625;66.75;0.04754638671875;-0.5677490234375;0.2740478515625;-0.7747802734375;-0.3490000069141388;-0.2639999985694885;-0.33800002932548523;0.8370000123977661;-0.4690000116825104;0.20100000500679016
738582.0;0.4650000333786011;-0.7010000348091125;-0.13300000131130219;-47.0;15.375;-12.375;175.0;1562.0;-1590.0;174.1875;59.0625;64.5625;0.039306640625;-0.5635986328125;0.26898193359375;-0.78009033203125;-0.3750000298023224;-0.24700000882148743;-0.3490000069141388;0.8450000286102295;-0.4400000274181366;0.23100000619888306
738592.0;0.5130000114440918;-0.6140000224113464;-0.13300000131130219;-47.0;15.375;-12.375;285.0;1551.0;-1529.0;175.375;59.5;62.3125;0.0316162109375;-0.55926513671875;0.2635498046875;-0.78533935546875;-0.3320000171661377;-0.17400000989437103;-0.36400002241134644;0.8450000286102295;-0.4400000274181366;0.23100000619888306
738602.0;0.5350000262260437;-0.5290000438690186;-0.10300000756978989;-47.0;15.375;-12.375;257.0;1573.0;-1700.0;176.625;59.9375;59.875;0.02313232421875;-0.55499267578125;0.2576904296875;-0.79058837890625;-0.31300002336502075;-0.10400000214576721;-0.3500000238418579;0.8480000495910645;-0.4240000247955322;0.2460000067949295
738612.0;0.5350000262260437;-0.5230000019073486;-0.1210000067949295;-47.0;15.375;-12.375;196.0;1665.0;-1964.0;178.0625;60.4375;57.1875;0.01324462890625;-0.5506591796875;0.25128173828125;-0.7958984375;-0.31700000166893005;-0.11700000613927841;-0.3830000162124634;0.8530000448226929;-0.406000018119812;0.26200002431869507
738622.0;0.5330000519752502;-0.5530000329017639;-0.12000000476837158;-47.0;9.75;-16.5;83.0;1753.0;-2194.0;179.6875;60.9375;54.25;0.001953125;-0.546142578125;0.24468994140625;-0.8011474609375;-0.3240000009536743;-0.16600000858306885;-0.398000031709671;0.8570000529289246;-0.38600000739097595;0.27800002694129944
738632.0;0.5240000486373901;-0.5570000410079956;-0.08400000631809235;-47.0;9.75;-16.5;-10.0;1827.0;-2318.0;181.4375;61.375;51.0625;-0.01025390625;-0.54132080078125;0.238037109375;-0.80633544921875;-0.3360000252723694;-0.19100001454353333;-0.3790000081062317;0.8600000143051147;-0.36500000953674316;0.2939999997615814
738635.0;0.5240000486373901;-0.5570000410079956;-0.08400000631809235;-47.0;9.75;-16.5;-10.0;1827.0;-2318.0;181.4375;61.375;51.0625;-0.01025390625;-0.54132080078125;0.238037109375;-0.80633544921875;-0.3360000252723694;-0.19100001454353333;-0.3790000081062317;0.8600000143051147;-0.36500000953674316;0.2939999997615814
738645.0;0.5160000324249268;-0.5530000329017639;-0.08100000023841858;-47.0;9.75;-16.5;-10.0;1912.0;-2397.0;183.1875;61.6875;47.75;-0.02288818359375;-0.5361328125;0.2310791015625;-0.81158447265625;-0.34700000286102295;-0.20900000631809235;-0.3930000066757202;0.8630000352859497;-0.34300002455711365;0.31200000643730164
738655.0;0.5230000019073486;-0.5509999990463257;-0.08800000697374344;-47.0;9.75;-16.5;46.0;1994.0;-2476.0;185.0;61.9375;44.125;-0.0357666015625;-0.530517578125;0.22357177734375;-0.81683349609375;-0.34200000762939453;-0.23000000417232513;-0.4190000295639038;0.8650000691413879;-0.320000022649765;0.33000001311302185
738665.0;0.5160000324249268;-0.5170000195503235;-0.0560000017285347;-47.0;9.75;-16.5;135.0;2069.0;-2525.0;186.75;62.0625;40.3125;-0.0487060546875;-0.5245361328125;0.21551513671875;-0.82220458984375;-0.3500000238418579;-0.2200000137090683;-0.406000018119812;0.8660000562667847;-0.2970000207424164;0.3490000069141388
738673.0;0.4930000305175781;-0.48500001430511475;-0.03400000184774399;-45.875;6.875;-19.75;233.0;2139.0;-2547.0;188.5;62.0;36.375;-0.06158447265625;-0.51812744140625;0.20684814453125;-0.82763671875;-0.3720000088214874;-0.2120000123977661;-0.40400001406669617;0.8660000562667847;-0.27300000190734863;0.3700000047683716
738683.0;0.4660000205039978;-0.4520000219345093;-0.032999999821186066;-45.875;6.875;-19.75;305.0;2189.0;-2551.0;190.125;61.75;32.4375;-0.07427978515625;-0.5113525390625;0.19781494140625;-0.83294677734375;-0.3970000147819519;-0.203000009059906;-0.4240000247955322;0.8640000224113464;-0.24800001084804535;0.39100003242492676
738693.0;0.4440000355243683;-0.4310000240802765;-0.04700000211596489;-45.875;6.875;-19.75;337.0;2216.0;-2554.0;191.8125;61.375;28.5;-0.08685302734375;-0.50433349609375;0.18853759765625;-0.83819580078125;-0.41600000858306885;-0.2070000171661377;-0.45900002121925354;0.8610000610351562;-0.22300000488758087;0.41200003027915955
738703.0;0.4240000247955322;-0.40800002217292786;-0.07300000637769699;-45.875;6.875;-19.75;346.0;2204.0;-2541.0;193.4375;60.875;24.6875;-0.099365234375;-0.4971923828125;0.17919921875;-0.84307861328125;-0.43300002813339233;-0.20900000631809235;-0.5060000419616699;0.8570000529289246;-0.1990000158548355;0.4320000112056732
738711.0;0.4310000240802765;-0.3930000066757202;-0.07900000363588333;-45.875;6.875;-19.75;371.0;2179.0;-2500.0;194.9375;60.25;21.0625;-0.111572265625;-0.489990234375;0.1697998046875;-0.84771728515625;-0.42000001668930054;-0.21800000965595245;-0.5320000052452087;0.8510000109672546;-0.17500001192092896;0.453000009059906
738721.0;0.4310000240802765;-0.3930000066757202;-0.07900000363588333;-44.75;-1.25;-24.25;454.0;2141.0;-2417.0;196.4375;59.5625;17.6875;-0.12310791015625;-0.4827880859375;0.16021728515625;-0.85211181640625;-0.4140000343322754;-0.21300001442432404;-0.5530000329017639;0.8450000286102295;-0.1510000079870224;0.47300001978874207
738731.0;0.4300000071525574;-0.36400002241134644;-0.08000000566244125;-44.75;-1.25;-24.25;590.0;2173.0;-2345.0;197.75;58.6875;14.4375;-0.13397216796875;-0.47528076171875;0.150146484375;-0.85650634765625;-0.4180000126361847;-0.2110000103712082;-0.5870000123977661;0.8370000123977661;-0.12700000405311584;0.4930000305175781
738741.0;0.4190000295639038;-0.33800002932548523;-0.09300000220537186;-44.75;-1.25;-24.25;765.0;2214.0;-2339.0;199.0;57.6875;11.25;-0.1444091796875;-0.46759033203125;0.13922119140625;-0.86090087890625;-0.445000022649765;-0.19500000774860382;-0.6000000238418579;0.8280000686645508;-0.10200000554323196;0.5130000114440918
738751.0;0.3830000162124634;-0.2980000078678131;-0.0860000029206276;-44.75;-1.25;-24.25;954.0;2243.0;-2348.0;200.1875;56.5625;8.1875;-0.154296875;-0.45977783203125;0.12738037109375;-0.86517333984375;-0.45100003480911255;-0.1990000158548355;-0.5980000495910645;0.8180000185966492;-0.07600000500679016;0.534000039100647
738761.0;0.367000013589859;-0.2760000228881836;-0.06400000303983688;-44.75;-1.25;-24.25;1160.0;2295.0;-2351.0;201.3125;55.375;5.125;-0.16375732421875;-0.4517822265625;0.114501953125;-0.8695068359375;-0.45900002121925354;-0.19600000977516174;-0.6240000128746033;0.8070000410079956;-0.05000000074505806;0.5540000200271606
738767.0;0.367000013589859;-0.2760000228881836;-0.06400000303983688;-44.75;-1.25;-24.25;1160.0;2295.0;-2351.0;201.3125;55.375;5.125;-0.16375732421875;-0.4517822265625;0.114501953125;-0.8695068359375;-0.45900002121925354;-0.19600000977516174;-0.6240000128746033;0.8070000410079956;-0.05000000074505806;0.5540000200271606
738777.0;0.34700000286102295;-0.2460000067949295;-0.0690000057220459;-44.75;-1.25;-24.25;1364.0;2414.0;-2361.0;202.3125;54.0;2.1875;-0.17279052734375;-0.44317626953125;0.1004638671875;-0.87384033203125;-0.4690000116825104;-0.15900000929832458;-0.6670000553131104;0.7930000424385071;-0.02200000174343586;0.5750000476837158
738787.0;0.3240000009536743;-0.1810000091791153;-0.09100000560283661;-40.25;-6.0625;-30.0625;1364.0;2414.0;-2361.0;203.3125;52.5;-0.625;-0.181640625;-0.4339599609375;0.085693359375;-0.87823486328125;-0.4970000088214874;-0.14800000190734863;-0.6610000133514404;0.7780000567436218;0.006000000052154064;0.5960000157356262
738797.0;0.2800000011920929;-0.14100000262260437;-0.06400000303983688;-40.25;-6.0625;-30.0625;1434.0;2728.0;-2478.0;204.375;50.75;-3.3125;-0.1910400390625;-0.4237060546875;0.07073974609375;-0.882568359375;-0.5350000262260437;-0.1300000101327896;-0.6550000309944153;0.7590000629425049;0.036000002175569534;0.6180000305175781
738807.0;0.2240000069141388;-0.09400000423192978;-0.036000002175569534;-40.25;-6.0625;-30.0625;1287.0;2916.0;-2644.0;205.5625;48.875;-5.8125;-0.2015380859375;-0.41229248046875;0.055908203125;-0.88671875;-0.5750000476837158;-0.11100000888109207;-0.628000020980835;0.7390000224113464;0.0650000050663948;0.6410000324249268
738817.0;0.16300000250339508;-0.04500000178813934;0.012000000104308128;-40.25;-6.0625;-30.0625;1086.0;3106.0;-2868.0;206.9375;46.8125;-8.125;-0.21343994140625;-0.399658203125;0.041259765625;-0.8905029296875;-0.656000018119812;-0.09100000560283661;-0.581000030040741;0.7150000333786011;0.0950000062584877;0.6640000343322754
738821.0;0.05900000408291817;0.004000000189989805;0.0820000022649765;-40.25;-6.0625;-30.0625;1086.0;3106.0;-2868.0;206.9375;46.8125;-8.125;-0.21343994140625;-0.399658203125;0.041259765625;-0.8905029296875;-0.656000018119812;-0.09100000560283661;-0.581000030040741;0.6880000233650208;0.12400000542402267;0.687000036239624
738831.0;-0.0020000000949949026;-0.01600000075995922;0.11400000751018524;-35.875;-12.375;-32.0625;924.0;3284.0;-3043.0;208.375;44.5625;-10.25;-0.22650146484375;-0.38580322265625;0.02679443359375;-0.8939208984375;-0.690000057220459;-0.14100000262260437;-0.5720000267028809;0.6580000519752502;0.15300001204013824;0.7100000381469727
738841.0;-0.06200000271201134;-0.03800000250339508;0.13100001215934753;-35.875;-12.375;-32.0625;774.0;3460.0;-3314.0;211.5625;39.625;-13.875;-0.254638671875;-0.3555908203125;-0.002197265625;-0.8992919921875;-0.7460000514984131;-0.22700001299381256;-0.5950000286102295;0.6260000467300415;0.1810000091791153;0.7320000529289246
738851.0;-0.11900000274181366;-0.04500000178813934;0.13700000941753387;-35.875;-12.375;-32.0625;774.0;3460.0;-3314.0;213.1875;37.125;-15.5625;-0.2686767578125;-0.34039306640625;-0.0172119140625;-0.90093994140625;-0.8110000491142273;-0.20900000631809235;-0.5220000147819519;0.5920000076293945;0.20900000631809235;0.7520000338554382
738854.0;-0.11900000274181366;-0.04500000178813934;0.13700000941753387;-35.875;-12.375;-32.0625;774.0;3460.0;-3314.0;213.1875;37.125;-15.5625;-0.2686767578125;-0.34039306640625;-0.0172119140625;-0.90093994140625;-0.8110000491142273;-0.20900000631809235;-0.5220000147819519;0.5920000076293945;0.20900000631809235;0.7520000338554382
738864.0;-0.21900001168251038;0.0;0.2290000170469284;-35.875;-12.375;-32.0625;880.0;3421.0;-3335.0;214.6875;34.625;-17.1875;-0.28179931640625;-0.32550048828125;-0.0330810546875;-0.9019775390625;-0.8220000267028809;-0.22500000894069672;-0.4830000102519989;0.5570000410079956;0.23800000548362732;0.7700000405311584
738874.0;-0.26500001549720764;0.013000000268220901;0.28600001335144043;-35.875;-12.375;-32.0625;1098.0;3382.0;-3263.0;214.6875;34.625;-17.1875;-0.28179931640625;-0.32550048828125;-0.0330810546875;-0.9019775390625;-0.8220000267028809;-0.22500000894069672;-0.4830000102519989;0.5210000276565552;0.2670000195503235;0.7860000133514404
738884.0;-0.29500001668930054;0.021000001579523087;0.3330000042915344;-27.75;-19.375;-38.25;1373.0;3374.0;-3183.0;216.0625;32.0625;-18.75;-0.2939453125;-0.310791015625;-0.05010986328125;-0.9024658203125;-0.8160000443458557;-0.2460000067949295;-0.4520000219345093;0.5210000276565552;0.2670000195503235;0.7860000133514404
738888.0;-0.29500001668930054;0.021000001579523087;0.3330000042915344;-27.75;-19.375;-38.25;1373.0;3374.0;-3183.0;216.0625;32.0625;-18.75;-0.2939453125;-0.310791015625;-0.05010986328125;-0.9024658203125;-0.8160000443458557;-0.2460000067949295;-0.4520000219345093;0.5210000276565552;0.2670000195503235;0.7860000133514404
738898.0;-0.328000009059906;0.021000001579523087;0.3580000102519989;-27.75;-19.375;-38.25;1740.0;3306.0;-3142.0;218.5625;27.0625;-22.375;-0.3153076171875;-0.28387451171875;-0.0892333984375;-0.901123046875;-0.8890000581741333;-0.27300000190734863;-0.42000001668930054;0.44600000977516174;0.3330000042915344;0.8060000538825989
738908.0;-0.44200003147125244;0.05900000408291817;0.38600000739097595;-27.75;-19.375;-38.25;2208.0;3202.0;-3137.0;218.5625;27.0625;-22.375;-0.32440185546875;-0.2718505859375;-0.11224365234375;-0.8990478515625;-0.8770000338554382;-0.2600000202655792;-0.4240000247955322;0.40700000524520874;0.3700000047683716;0.8110000491142273
738918.0;-0.4690000116825104;0.11000000685453415;0.38600000739097595;-27.75;-19.375;-38.25;2758.0;3167.0;-3123.0;219.625;24.5625;-24.5625;-0.33245849609375;-0.2608642578125;-0.13787841796875;-0.895751953125;-0.8710000514984131;-0.25;-0.4000000059604645;0.3680000305175781;0.41200003027915955;0.8090000152587891
738922.0;-0.503000020980835;0.16100001335144043;0.4090000092983246;-27.75;-19.375;-38.25;3344.0;3100.0;-3122.0;220.6875;22.0625;-26.9375;-0.33245849609375;-0.2608642578125;-0.13787841796875;-0.895751953125;-0.8710000514984131;-0.25;-0.4000000059604645;0.3680000305175781;0.41200003027915955;0.8090000152587891
738932.0;-0.6100000143051147;0.3410000205039978;0.4520000219345093;-18.375;-25.0;-37.5;3787.0;3010.0;-3228.0;221.75;19.5;-29.5625;-0.34014892578125;-0.2508544921875;-0.1654052734375;-0.89111328125;-0.9380000233650208;-0.11500000208616257;-0.35100001096725464;0.328000009059906;0.45600003004074097;0.8030000329017639
738942.0;-0.6830000281333923;0.40800002217292786;0.47700002789497375;-18.375;-25.0;-37.5;4038.0;2938.0;-3523.0;223.0;16.875;-32.3125;-0.35870361328125;-0.231201171875;-0.22357177734375;-0.87628173828125;-0.9930000305175781;-0.09200000762939453;-0.2840000092983246;0.24000000953674316;0.5460000038146973;0.7770000100135803
738952.0;-0.7520000338554382;0.453000009059906;0.492000013589859;-18.375;-25.0;-37.5;4109.0;2828.0;-3947.0;224.5;14.125;-35.0625;-0.3709716796875;-0.22113037109375;-0.2525634765625;-0.8658447265625;-1.0070000886917114;-0.09800000488758087;-0.23900000751018524;0.19100001454353333;0.5890000462532043;0.7590000629425049
738956.0;-0.7520000338554382;0.453000009059906;0.492000013589859;-18.375;-25.0;-37.5;4109.0;2828.0;-3947.0;224.5;14.125;-35.0625;-0.3709716796875;-0.22113037109375;-0.2525634765625;-0.8658447265625;-1.0070000886917114;-0.09800000488758087;-0.23900000751018524;0.19100001454353333;0.5890000462532043;0.7590000629425049
738966.0;-0.815000057220459;0.4910000264644623;0.5200000405311584;-18.375;-25.0;-37.5;4042.0;2671.0;-4443.0;226.375;11.25;-37.8125;-0.3709716796875;-0.22113037109375;-0.2525634765625;-0.8658447265625;-1.0640000104904175;-0.1340000033378601;-0.21800000965595245;0.14000000059604645;0.6290000081062317;0.7380000352859497
738976.0;-0.9230000376701355;0.49400001764297485;0.5200000405311584;-18.375;-25.0;-37.5;3907.0;2507.0;-4940.0;228.5625;8.1875;-40.375;-0.3853759765625;-0.21063232421875;-0.28094482421875;-0.85333251953125;-1.0640000104904175;-0.1340000033378601;-0.21800000965595245;0.14000000059604645;0.6290000081062317;0.7380000352859497
738986.0;-0.9800000190734863;0.46800002455711365;0.5049999952316284;-5.375;-33.5625;-32.0625;3806.0;2396.0;-5403.0;231.125;4.9375;-42.875;-0.40167236328125;-0.19940185546875;-0.30877685546875;-0.83880615234375;-1.065000057220459;-0.19600000977516174;-0.20900000631809235;0.08400000631809235;0.6650000214576721;0.7150000333786011
738991.0;-1.0530000925064087;0.4750000238418579;0.4710000157356262;-5.375;-33.5625;-32.0625;3831.0;2307.0;-5797.0;234.0;1.5;-45.25;-0.41925048828125;-0.187744140625;-0.33648681640625;-0.82208251953125;-1.0789999961853027;-0.2200000137090683;-0.21800000965595245;-0.03500000014901161;0.7250000238418579;0.659000039100647
739001.0;-1.1340000629425049;0.5080000162124634;0.41600000858306885;-5.375;-33.5625;-32.0625;4013.0;2244.0;-6074.0;237.125;-2.0625;-47.6875;-0.437255859375;-0.17596435546875;-0.36456298828125;-0.80303955078125;-1.0980000495910645;-0.2160000056028366;-0.24300001561641693;-0.09800000488758087;0.7490000128746033;0.6240000128746033
739011.0;-1.290000081062317;0.6340000033378601;0.36900001764297485;-5.375;-33.5625;-32.0625;4299.0;2171.0;-6256.0;240.375;-5.75;-50.1875;-0.45526123046875;-0.16448974609375;-0.39324951171875;-0.78167724609375;-1.1910001039505005;-0.11400000751018524;-0.2540000081062317;-0.16300000250339508;0.7690000534057617;0.5850000381469727
739021.0;-1.3410000801086426;0.7540000081062317;0.3620000183582306;-5.375;-33.5625;-32.0625;4508.0;2062.0;-6376.0;243.875;-9.5625;-52.75;-0.472900390625;-0.1534423828125;-0.4219970703125;-0.75811767578125;-1.1780000925064087;-0.015000000596046448;-0.22200001776218414;-0.16300000250339508;0.7690000534057617;0.5850000381469727
739024.0;-1.3410000801086426;0.7540000081062317;0.3620000183582306;-5.375;-33.5625;-32.0625;4508.0;2062.0;-6376.0;243.875;-9.5625;-52.75;-0.472900390625;-0.1534423828125;-0.4219970703125;-0.75811767578125;-1.1780000925064087;-0.015000000596046448;-0.22200001776218414;-0.16300000250339508;0.7690000534057617;0.5850000381469727
739034.0;-1.3750001192092896;0.8740000128746033;0.33500000834465027;8.0;-40.1875;-25.875;4520.0;1935.0;-6428.0;247.5;-13.375;-55.1875;-0.490234375;-0.14251708984375;-0.44970703125;-0.73291015625;-1.1470000743865967;0.09000000357627869;-0.20800000429153442;-0.22700001299381256;0.7830000519752502;0.5440000295639038
739044.0;-1.3870000839233398;1.0070000886917114;0.32600000500679016;8.0;-40.1875;-25.875;4296.0;1826.0;-6404.0;251.25;-17.25;-57.4375;-0.50701904296875;-0.1312255859375;-0.4754638671875;-0.70684814453125;-1.097000002861023;0.21800000965595245;-0.17600001394748688;-0.2900000214576721;0.7890000343322754;0.503000020980835
739054.0;-1.3840000629425049;1.034000039100647;0.33500000834465027;8.0;-40.1875;-25.875;3864.0;1665.0;-6272.0;255.0;-21.0;-59.375;-0.52313232421875;-0.11956787109375;-0.498291015625;-0.68096923828125;-1.0320000648498535;0.2460000067949295;-0.1300000101327896;-0.35100001096725464;0.7880000472068787;0.4650000333786011
739058.0;-1.3840000629425049;1.034000039100647;0.33500000834465027;8.0;-40.1875;-25.875;3864.0;1665.0;-6272.0;255.0;-21.0;-59.375;-0.52313232421875;-0.11956787109375;-0.498291015625;-0.68096923828125;-1.0320000648498535;0.2460000067949295;-0.1300000101327896;-0.35100001096725464;0.7880000472068787;0.4650000333786011
739068.0;-1.378000020980835;1.040000081062317;0.3450000286102295;8.0;-40.1875;-25.875;3382.0;1507.0;-5846.0;258.625;-24.5;-61.0625;-0.53765869140625;-0.1080322265625;-0.5179443359375;-0.656494140625;-0.971000075340271;0.2590000033378601;-0.08500000089406967;-0.40700000524520874;0.7800000309944153;0.4310000240802765
739078.0;-1.1890000104904175;1.0530000925064087;0.34700000286102295;8.0;-40.1875;-25.875;3001.0;1449.0;-5244.0;261.875;-27.6875;-62.5;-0.54986572265625;-0.09710693359375;-0.53515625;-0.63385009765625;-0.7330000400543213;0.28300002217292786;-0.052000001072883606;-0.45600003004074097;0.7700000405311584;0.4000000059604645
739088.0;-1.415000081062317;1.1380000114440918;0.3530000150203705;24.375;-38.375;-14.375;2519.0;1372.0;-5776.0;265.4375;-31.1875;-63.5625;-0.563720703125;-0.08349609375;-0.55023193359375;-0.6103515625;-0.9070000648498535;0.38700002431869507;-0.01900000125169754;-0.5080000162124634;0.7500000596046448;0.37300002574920654
739092.0;-1.402000069618225;1.1540000438690186;0.33900001645088196;24.375;-38.375;-14.375;2094.0;1309.0;-5815.0;269.0;-34.6875;-64.25;-0.577392578125;-0.06854248046875;-0.5631103515625;-0.587158203125;-0.843000054359436;0.4280000329017639;-0.009000000543892384;-0.5580000281333923;0.7260000109672546;0.3490000069141388
739102.0;-1.4870001077651978;1.1720000505447388;0.2840000092983246;24.375;-38.375;-14.375;1527.0;1337.0;-5268.0;272.1875;-37.9375;-64.75;-0.58892822265625;-0.0533447265625;-0.5736083984375;-0.56683349609375;-0.8830000162124634;0.47200003266334534;-0.04500000178813934;-0.6030000448226929;0.6990000605583191;0.3290000259876251
739112.0;-1.5260000228881836;1.0350000858306885;0.24900001287460327;24.375;-38.375;-14.375;1214.0;1391.0;-4495.0;274.8125;-40.75;-65.125;-0.59765625;-0.03936767578125;-0.5826416015625;-0.54937744140625;-0.8860000371932983;0.36100003123283386;-0.06200000271201134;-0.64000004529953;0.6730000376701355;0.3110000193119049
739122.0;-1.561000108718872;0.9480000734329224;0.2290000170469284;24.375;-38.375;-14.375;1027.0;1419.0;-3721.0;276.9375;-43.125;-65.625;-0.60369873046875;-0.02703857421875;-0.5906982421875;-0.53466796875;-0.89000004529953;0.2970000207424164;-0.06400000303983688;-0.6710000038146973;0.6510000228881836;0.2939999997615814
739126.0;-1.561000108718872;0.9480000734329224;0.2290000170469284;24.375;-38.375;-14.375;1027.0;1419.0;-3721.0;276.9375;-43.125;-65.625;-0.60369873046875;-0.02703857421875;-0.5906982421875;-0.53466796875;-0.89000004529953;0.2970000207424164;-0.06400000303983688;-0.6710000038146973;0.6510000228881836;0.2939999997615814
739136.0;-1.5380001068115234;1.0820000171661377;0.2510000169277191;37.25;-31.375;-5.75;564.0;1368.0;-3506.0;278.8125;-45.4375;-65.875;-0.609130859375;-0.0140380859375;-0.5970458984375;-0.52178955078125;-0.8390000462532043;0.4540000259876251;-0.029000001028180122;-0.6980000138282776;0.6270000338554382;0.281000018119812
739146.0;-1.5380001068115234;1.1290000677108765;0.2990000247955322;37.25;-31.375;-5.75;124.0;1368.0;-3947.0;280.8125;-47.9375;-65.6875;-0.61553955078125;0.00177001953125;-0.6019287109375;-0.5086669921875;-0.8090000152587891;0.531000018119812;0.029000001028180122;-0.7280000448226929;0.5980000495910645;0.27000001072883606
739156.0;-1.5820000171661377;1.061000108718872;0.3290000259876251;37.25;-31.375;-5.75;-2.0;1427.0;-4518.0;283.1875;-50.8125;-65.25;-0.6229248046875;0.01995849609375;-0.6063232421875;-0.49383544921875;-0.8220000267028809;0.49800002574920654;0.07100000232458115;-0.7600000500679016;0.562000036239624;0.2580000162124634
739161.0;-1.5820000171661377;1.061000108718872;0.3290000259876251;37.25;-31.375;-5.75;64.0;1617.0;-4216.0;285.3125;-53.5;-65.0625;-0.62860107421875;0.0374755859375;-0.6112060546875;-0.47943115234375;-0.940000057220459;0.612000048160553;0.08700000494718552;-0.7880000472068787;0.527999997138977;0.24500000476837158
739171.0;-1.7280000448226929;1.1410000324249268;0.3320000171661377;37.25;-31.375;-5.75;-537.0;1122.0;-3219.0;286.75;-55.5625;-64.4375;-0.6329345703125;0.05242919921875;-0.61285400390625;-0.47021484375;-0.9030000567436218;0.4480000138282776;0.046000003814697266;-0.8090000152587891;0.5;0.23800000548362732
739181.0;-1.7130000591278076;0.9480000734329224;0.2850000262260437;37.25;-31.375;-5.75;379.0;1039.0;-2903.0;288.4375;-57.4375;-64.375;-0.63677978515625;0.06317138671875;-0.61639404296875;-0.45892333984375;-0.8290000557899475;0.24700000882148743;0.10300000756978989;-0.8260000348091125;0.4750000238418579;0.22700001299381256
739191.0;-1.6560001373291016;0.7230000495910645;0.33100003004074097;44.375;-25.5;-2.0;1244.0;1016.0;-2457.0;290.1875;-59.0;-65.0;-0.6397705078125;0.06939697265625;-0.62188720703125;-0.44622802734375;-0.6950000524520874;0.46000000834465027;0.1080000028014183;-0.8410000205039978;0.4570000171661377;0.2120000123977661
739201.0;-1.5360000133514404;0.9170000553131104;0.320000022649765;44.375;-25.5;-2.0;1748.0;968.0;-2265.0;292.0625;-60.5;-66.0;-0.6424560546875;0.0732421875;-0.62835693359375;-0.43243408203125;-0.5990000367164612;0.5520000457763672;0.11800000816583633;-0.8530000448226929;0.4400000274181366;0.19500000774860382
739201.0;-1.5360000133514404;0.9170000553131104;0.320000022649765;44.375;-25.5;-2.0;1748.0;968.0;-2265.0;292.0625;-60.5;-66.0;-0.6424560546875;0.0732421875;-0.62835693359375;-0.43243408203125;-0.5990000367164612;0.5520000457763672;0.11800000816583633;-0.8530000448226929;0.4400000274181366;0.19500000774860382
739211.0;-1.4530000686645508;0.9930000305175781;0.31300002336502075;44.375;-25.5;-2.0;2111.0;946.0;-2606.0;294.375;-62.1875;-67.125;-0.64599609375;0.07684326171875;-0.63531494140625;-0.4161376953125;-0.5100000500679016;0.5940000414848328;0.12800000607967377;-0.8670000433921814;0.42100003361701965;0.1770000010728836
739221.0;-1.378000020980835;1.0160000324249268;0.3060000240802765;44.375;-25.5;-2.0;1998.0;1004.0;-3451.0;297.1875;-64.375;-67.875;-0.65087890625;0.08380126953125;-0.64154052734375;-0.39715576171875;-0.48600003123283386;0.6720000505447388;0.15800000727176666;-0.8840000629425049;0.3920000195503235;0.15900000929832458
739231.0;-1.3700001239776611;1.0640000104904175;0.31800001859664917;44.375;-25.5;-2.0;1998.0;1004.0;-3451.0;297.1875;-64.375;-67.875;-0.65087890625;0.08380126953125;-0.64154052734375;-0.39715576171875;-0.5870000123977661;0.6730000376701355;0.1510000079870224;-0.9020000696182251;0.35600000619888306;0.1420000046491623
739241.0;-1.4890000820159912;1.0290000438690186;0.2939999997615814;48.375;-16.1875;-0.375;1620.0;1129.0;-4082.0;300.1875;-66.875;-68.1875;-0.6561279296875;0.09442138671875;-0.6468505859375;-0.3770751953125;-0.6030000448226929;0.6580000519752502;0.11400000751018524;-0.9180000424385071;0.3190000057220459;0.12800000607967377
739251.0;-1.5210000276565552;0.9780000448226929;0.242000013589859;48.375;-16.1875;-0.375;728.0;742.0;-3624.0;305.4375;-71.625;-67.3125;-0.6656494140625;0.11761474609375;-0.6522216796875;-0.343017578125;-0.581000030040741;0.659000039100647;0.08100000023841858;-0.9300000667572021;0.2850000262260437;0.11900000274181366
739257.0;-1.5210000276565552;0.9780000448226929;0.242000013589859;48.375;-16.1875;-0.375;728.0;742.0;-3624.0;305.4375;-71.625;-67.3125;-0.6656494140625;0.11761474609375;-0.6522216796875;-0.343017578125;-0.581000030040741;0.659000039100647;0.08100000023841858;-0.9300000667572021;0.2850000262260437;0.11900000274181366
739267.0;-1.5120000839233398;0.9440000653266907;0.20000000298023224;48.375;-16.1875;-0.375;700.0;500.0;-3066.0;307.5625;-73.4375;-66.25;-0.66986083984375;0.1265869140625;-0.65325927734375;-0.3294677734375;-0.5270000100135803;0.6340000033378601;0.06100000441074371;-0.940000057220459;0.2550000250339508;0.1120000034570694
739277.0;-1.467000126838684;0.89000004529953;0.1730000078678131;48.375;-16.1875;-0.375;700.0;500.0;-3066.0;309.5625;-74.9375;-65.1875;-0.67376708984375;0.1329345703125;-0.6541748046875;-0.31689453125;-0.4020000100135803;0.5890000462532043;0.024000000208616257;-0.9470000267028809;0.23000000417232513;0.10600000619888306
739287.0;-1.349000096321106;0.8200000524520874;0.1300000101327896;48.375;-16.1875;-0.375;903.0;332.0;-2596.0;309.5625;-74.9375;-65.1875;-0.67376708984375;0.1329345703125;-0.6541748046875;-0.31689453125;-0.4020000100135803;0.5890000462532043;0.024000000208616257;-0.9470000267028809;0.23000000417232513;0.10600000619888306
739297.0;-1.3050000667572021;0.7980000376701355;0.10400000214576721;51.25;-7.25;2.875;1131.0;273.0;-2357.0;311.5625;-76.3125;-64.0625;-0.677490234375;0.13751220703125;-0.65533447265625;-0.30438232421875;-0.35200002789497375;0.5900000333786011;0.003000000026077032;-0.9570000171661377;0.18700000643730164;0.09600000083446503
739307.0;-1.2610000371932983;0.7890000343322754;0.09600000083446503;51.25;-7.25;2.875;1249.0;255.0;-2235.0;315.625;-78.875;-61.25;-0.684326171875;0.14508056640625;-0.65789794921875;-0.2789306640625;-0.22700001299381256;0.51500004529953;0.014000000432133675;-0.9620000720024109;0.16500000655651093;0.09000000357627869
739311.0;-1.190000057220459;0.6800000071525574;0.10500000417232513;51.25;-7.25;2.875;1265.0;321.0;-2299.0;317.6875;-80.3125;-59.125;-0.68731689453125;0.14996337890625;-0.6590576171875;-0.2659912109375;-0.3580000102519989;0.44600000977516174;0.09200000762939453;-0.9660000205039978;0.14100000262260437;0.08400000631809235
739321.0;-1.3250000476837158;0.5879999995231628;0.1770000010728836;51.25;-7.25;2.875;1122.0;395.0;-2420.0;317.6875;-80.3125;-59.125;-0.6900634765625;0.15045166015625;-0.66058349609375;-0.254638671875;-0.1770000010728836;0.35200002789497375;0.021000001579523087;-0.9690000414848328;0.12600000202655792;0.08000000566244125
739331.0;-1.1470000743865967;0.4780000150203705;0.10100000351667404;51.25;-7.25;2.875;1512.0;199.0;-1624.0;319.4375;-81.1875;-57.5;-0.6900634765625;0.15045166015625;-0.66058349609375;-0.254638671875;-0.1770000010728836;0.35200002789497375;0.021000001579523087;-0.9690000414848328;0.12600000202655792;0.08000000566244125
739341.0;-1.3390001058578491;0.4710000157356262;0.18000000715255737;51.1875;-1.0;2.875;1787.0;134.0;-1260.0;321.1875;-81.875;-56.25;-0.692626953125;0.14849853515625;-0.66241455078125;-0.24371337890625;-0.3680000305175781;0.35600000619888306;0.10300000756978989;-0.9700000286102295;0.11400000751018524;0.07600000500679016
739351.0;-1.156000018119812;0.5070000290870667;0.07200000435113907;51.1875;-1.0;2.875;1983.0;59.0;-884.0;322.8125;-82.3125;-55.4375;-0.6976318359375;0.14520263671875;-0.6649169921875;-0.223876953125;-0.1340000033378601;0.7070000171661377;-0.007000000216066837;-0.9730000495910645;0.09300000220537186;0.07200000435113907
739355.0;-1.156000018119812;0.5070000290870667;0.07200000435113907;51.1875;-1.0;2.875;1983.0;59.0;-884.0;322.8125;-82.3125;-55.4375;-0.6976318359375;0.14520263671875;-0.6649169921875;-0.223876953125;-0.1340000033378601;0.7070000171661377;-0.007000000216066837;-0.9730000495910645;0.09300000220537186;0.07200000435113907
739365.0;-1.1069999933242798;0.8010000586509705;0.06400000303983688;51.1875;-1.0;2.875;1187.0;40.0;-1465.0;324.375;-83.0625;-52.25;-0.7001953125;0.1473388671875;-0.66546630859375;-0.21258544921875;-0.07900000363588333;0.5649999976158142;0.009000000543892384;-0.9750000238418579;0.07500000298023224;0.0690000057220459
739375.0;-1.0550000667572021;0.64000004529953;0.07900000363588333;51.1875;-1.0;2.875;1232.0;146.0;-1860.0;326.1875;-84.0;-4.375;-0.702392578125;0.14617919921875;-0.66729736328125;-0.20013427734375;-0.11100000888109207;0.23200000822544098;-0.004000000189989805;-0.9760000705718994;0.06000000238418579;0.0650000050663948
739385.0;-1.0870000123977661;0.2930000126361847;0.06100000441074371;51.1875;-1.0;2.875;1861.0;269.0;-1540.0;328.1875;-84.75;-3.5;-0.702392578125;0.14617919921875;-0.66729736328125;-0.20013427734375;-0.11100000888109207;0.23200000822544098;-0.004000000189989805;-0.9760000705718994;0.06000000238418579;0.0650000050663948
739395.0;-1.2200000286102295;0.19500000774860382;0.0430000014603138;51.5625;5.75;4.0;2003.0;515.0;-1431.0;330.125;-85.5625;-2.75;-0.70355224609375;0.14434814453125;-0.670166015625;-0.18731689453125;-0.24300001561641693;0.14800000190734863;-0.015000000596046448;-0.9770000576972961;0.04700000211596489;0.058000002056360245
739405.0;-1.255000114440918;0.29100000858306885;0.010000000707805157;51.5625;5.75;4.0;1685.0;486.0;-1635.0;332.0625;-86.375;-1.8125;-0.70465087890625;0.14434814453125;-0.67230224609375;-0.1749267578125;-0.26100000739097595;0.27400001883506775;-0.08300000429153442;-0.9790000319480896;0.012000000104308128;0.05000000074505806
739406.0;-1.255000114440918;0.29100000858306885;0.010000000707805157;51.5625;5.75;4.0;1685.0;486.0;-1635.0;332.0625;-86.375;-1.8125;-0.70465087890625;0.14434814453125;-0.67230224609375;-0.1749267578125;-0.26100000739097595;0.27400001883506775;-0.08300000429153442;-0.9790000319480896;0.012000000104308128;0.05000000074505806
739416.0;-1.2400000095367432;0.28600001335144043;-0.032999999821186066;51.5625;5.75;4.0;1560.0;278.0;-1876.0;334.125;-86.9375;-0.6875;-0.70654296875;0.14544677734375;-0.67327880859375;-0.16217041015625;-0.26100000739097595;0.27400001883506775;-0.08300000429153442;-0.9790000319480896;-0.005000000353902578;0.04800000041723251
739426.0;-1.2000000476837158;0.2150000035762787;-0.010000000707805157;51.5625;5.75;4.0;1629.0;120.0;-1843.0;336.1875;-87.125;0.3125;-0.70892333984375;0.14599609375;-0.67364501953125;-0.1494140625;-0.2200000137090683;0.22100001573562622;-0.05900000408291817;-0.9790000319480896;-0.021000001579523087;0.04800000041723251
739436.0;-1.1990000009536743;0.22700001299381256;0.04400000348687172;51.5625;5.75;4.0;1447.0;76.0;-1620.0;338.0;-86.875;1.25;-0.71099853515625;0.1463623046875;-0.673828125;-0.13812255859375;-0.21900001168251038;0.24900001287460327;-0.004000000189989805;-0.9790000319480896;-0.021000001579523087;0.04800000041723251
739446.0;-1.190000057220459;0.23800000548362732;0.07600000500679016;51.5625;9.0;3.5625;950.0;-44.0;-1254.0;339.3125;-86.5;1.9375;-0.7127685546875;0.147216796875;-0.67333984375;-0.13006591796875;-0.2110000103712082;0.27300000190734863;0.027000000700354576;-0.9780000448226929;-0.03400000184774399;0.04800000041723251
739456.0;-1.1410000324249268;0.20500001311302185;0.07400000095367432;51.5625;9.0;3.5625;451.0;-183.0;-913.0;340.0625;-86.0625;2.5;-0.71435546875;0.148681640625;-0.6722412109375;-0.12518310546875;-0.16200000047683716;0.24900001287460327;0.023000001907348633;-0.9780000448226929;-0.0430000014603138;0.05000000074505806
739461.0;-1.037000060081482;0.08800000697374344;0.03800000250339508;51.5625;9.0;3.5625;113.0;-177.0;-650.0;340.5625;-85.6875;2.875;-0.71551513671875;0.15045166015625;-0.671142578125;-0.1224365234375;-0.05900000408291817;0.1380000114440918;-0.014000000432133675;-0.9770000576972961;-0.049000002443790436;0.052000001072883606
739471.0;-1.0070000886917114;0.03800000250339508;0.04200000315904617;51.5625;9.0;3.5625;-116.0;-48.0;-474.0;340.75;-85.5;3.1875;-0.71588134765625;0.15252685546875;-0.67047119140625;-0.12109375;-0.029000001028180122;0.09300000220537186;-0.010000000707805157;-0.9770000576972961;-0.05400000140070915;0.05300000309944153
739481.0;-1.0080000162124634;-0.02500000037252903;0.03100000135600567;51.5625;9.0;3.5625;-196.0;121.0;-347.0;340.875;-85.375;3.375;-0.71551513671875;0.154541015625;-0.6705322265625;-0.120361328125;-0.03100000135600567;0.03200000151991844;-0.020000001415610313;-0.9770000576972961;-0.058000002056360245;0.05100000277161598
739491.0;-1.0120000839233398;-0.05300000309944153;0.052000001072883606;50.6875;12.25;4.0;-118.0;290.0;-330.0;341.0;-85.375;3.625;-0.714599609375;0.1563720703125;-0.67132568359375;-0.11932373046875;-0.03500000014901161;0.00800000037997961;0.003000000026077032;-0.9770000576972961;-0.06200000271201134;0.04800000041723251
739501.0;-1.0540000200271606;0.0010000000474974513;0.12800000607967377;50.6875;12.25;4.0;49.0;434.0;-448.0;341.3125;-85.3125;3.875;-0.71337890625;0.15802001953125;-0.672607421875;-0.1170654296875;-0.07600000500679016;0.06800000369548798;0.08300000429153442;-0.9770000576972961;-0.06599999964237213;0.04400000348687172
739511.0;-1.0750000476837158;0.10100000351667404;0.1810000091791153;50.6875;12.25;4.0;297.0;532.0;-605.0;341.875;-85.125;4.25;-0.71209716796875;0.159423828125;-0.67425537109375;-0.11328125;-0.09800000488758087;0.17400000989437103;0.14100000262260437;-0.9770000576972961;-0.07200000435113907;0.039000000804662704
739514.0;-1.0750000476837158;0.10100000351667404;0.1810000091791153;50.6875;12.25;4.0;297.0;532.0;-605.0;341.875;-85.125;4.25;-0.71209716796875;0.159423828125;-0.67425537109375;-0.11328125;-0.09800000488758087;0.17400000989437103;0.14100000262260437;-0.9770000576972961;-0.07200000435113907;0.039000000804662704
739524.0;-1.0770000219345093;0.24800001084804535;0.2680000066757202;50.6875;12.25;4.0;430.0;584.0;-766.0;342.625;-84.875;4.6875;-0.71087646484375;0.16082763671875;-0.67608642578125;-0.1083984375;-0.10000000149011612;0.328000009059906;0.23500001430511475;-0.9760000705718994;-0.08000000566244125;0.032999999821186066
739534.0;-1.1400001049041748;0.5540000200271606;0.28700000047683716;50.6875;12.25;4.0;291.0;692.0;-848.0;343.375;-84.5;5.1875;-0.7091064453125;0.1632080078125;-0.6781005859375;-0.10357666015625;-0.164000004529953;0.6430000066757202;0.2600000202655792;-0.9760000705718994;-0.08900000154972076;0.026000000536441803
739544.0;-1.0660001039505005;3.636000156402588;0.6300000548362732;50.0;13.0;3.5625;-60.0;1278.0;-501.0;343.6875;-84.375;5.5;-0.7047119140625;0.1658935546875;-0.68243408203125;-0.100830078125;-0.09000000357627869;3.7310001850128174;0.6160000562667847;-0.9760000705718994;-0.09400000423192978;0.013000000268220901
739554.0;-0.6410000324249268;2.492000102996826;-0.328000009059906;50.0;13.0;3.5625;2181.0;760.0;-39.0;345.0625;-84.4375;5.5;-0.703857421875;0.1583251953125;-0.68634033203125;-0.0921630859375;0.33400002121925354;2.5860002040863037;-0.3360000252723694;-0.9760000705718994;-0.09400000423192978;0.007000000216066837
739559.0;-0.6410000324249268;2.492000102996826;-0.328000009059906;50.0;13.0;3.5625;2181.0;760.0;-39.0;345.0625;-84.4375;5.5;-0.703857421875;0.1583251953125;-0.68634033203125;-0.0921630859375;0.33400002121925354;2.5860002040863037;-0.3360000252723694;-0.9760000705718994;-0.09400000423192978;0.007000000216066837
739569.0;-0.7400000095367432;1.1630001068115234;0.281000018119812;50.0;13.0;3.5625;4767.0;-732.0;58.0;347.8125;-84.375;5.4375;-0.71026611328125;0.1400146484375;-0.68572998046875;-0.07568359375;0.23500001430511475;1.25600004196167;0.26100000739097595;-0.9760000705718994;-0.09300000220537186;0.01900000125169754
739579.0;-1.0150001049041748;0.45000001788139343;-0.07800000160932541;50.0;13.0;3.5625;3072.0;-415.0;428.0;349.3125;-84.5625;5.125;-0.7137451171875;0.126708984375;-0.68560791015625;-0.06646728515625;-0.039000000804662704;0.5380000472068787;-0.10600000619888306;-0.9760000705718994;-0.08800000697374344;0.027000000700354576
739589.0;-1.0150001049041748;0.45000001788139343;-0.07800000160932541;50.0;13.0;3.5625;826.0;-264.0;737.0;349.375;-84.9375;4.6875;-0.7149658203125;0.120849609375;-0.6854248046875;-0.06640625;-0.07300000637769699;0.6530000567436218;0.19100001454353333;-0.9760000705718994;-0.08000000566244125;0.030000001192092896
739599.0;-1.0500000715255737;0.5730000138282776;0.22200001776218414;49.6875;16.5;4.0;-327.0;-316.0;558.0;348.8125;-85.1875;4.3125;-0.7156982421875;0.11993408203125;-0.6844482421875;-0.0699462890625;0.013000000268220901;0.6420000195503235;0.23000000417232513;-0.9770000576972961;-0.07400000095367432;0.032999999821186066
739609.0;-0.9630000591278076;0.5670000314712524;0.2639999985694885;49.6875;16.5;4.0;-383.0;-397.0;-75.0;348.625;-85.0625;4.375;-0.7169189453125;0.12152099609375;-0.6827392578125;-0.0712890625;0.04500000178813934;0.398000031709671;0.08400000631809235;-0.9770000576972961;-0.07500000298023224;0.03700000047683716
739617.0;-0.9310000538825989;0.3230000138282776;0.12200000882148743;49.6875;16.5;4.0;-69.0;-568.0;-454.0;348.8125;-84.625;4.6875;-0.7191162109375;0.12322998046875;-0.6802978515625;-0.0701904296875;0.05300000309944153;-0.13300000131130219;-0.15200001001358032;-0.9760000705718994;-0.08000000566244125;0.0430000014603138
739627.0;-0.9220000505447388;-0.21400001645088196;-0.10900000482797623;49.6875;16.5;4.0;-294.0;-371.0;-391.0;348.875;-84.3125;4.875;-0.72039794921875;0.1256103515625;-0.67852783203125;-0.07000732421875;0.04800000041723251;-0.11500000208616257;-0.15300001204013824;-0.9750000238418579;-0.08400000631809235;0.046000003814697266
739637.0;-0.9270000457763672;-0.1990000158548355;-0.10600000619888306;49.6875;16.5;4.0;-869.0;-289.0;-115.0;348.4375;-84.1875;5.0;-0.72088623046875;0.12921142578125;-0.677001953125;-0.0728759765625;0.003000000026077032;0.09400000423192978;-0.04500000178813934;-0.9750000238418579;-0.08500000089406967;0.049000002443790436
739647.0;-0.971000075340271;0.00800000037997961;0.003000000026077032;49.6875;16.5;4.0;-869.0;-289.0;-115.0;347.75;-84.125;4.9375;-0.72119140625;0.13238525390625;-0.675537109375;-0.07708740234375;-0.05700000375509262;0.2990000247955322;0.021000001579523087;-0.9750000238418579;-0.08500000089406967;0.05100000277161598
739657.0;-1.0329999923706055;0.21400001645088196;0.07200000435113907;50.25;15.375;1.5;-987.0;-299.0;135.0;347.75;-84.125;4.9375;-0.72161865234375;0.13397216796875;-0.67437744140625;-0.0810546875;-0.14300000667572021;0.45000001788139343;0.07000000029802322;-0.9750000238418579;-0.0820000022649765;0.05300000309944153
739664.0;-1.1180000305175781;0.367000013589859;0.12400000542402267;50.25;15.375;1.5;-765.0;-455.0;501.0;346.375;-84.3125;4.5;-0.72247314453125;0.13494873046875;-0.67266845703125;-0.08599853515625;-0.16900001466274261;0.49000000953674316;0.06700000166893005;-0.9750000238418579;-0.07700000703334808;0.05700000375509262
739674.0;-1.1450001001358032;0.41200003027915955;0.125;50.25;15.375;1.5;-1406.0;-714.0;715.0;345.125;-84.375;4.125;-0.7236328125;0.13739013671875;-0.66973876953125;-0.09423828125;-0.1680000126361847;0.5610000491142273;0.07400000095367432;-0.9750000238418579;-0.07100000232458115;0.06300000101327896
739684.0;-1.1440000534057617;0.48900002241134644;0.13700000941753387;50.25;15.375;1.5;-2312.0;-980.0;916.0;343.25;-84.3125;3.6875;-0.72491455078125;0.14251708984375;-0.66546630859375;-0.10662841796875;-0.10600000619888306;0.6650000214576721;0.14300000667572021;-0.9750000238418579;-0.06300000101327896;0.07200000435113907
739694.0;-1.0820000171661377;0.6010000109672546;0.2160000056028366;50.25;15.375;1.5;-2312.0;-980.0;916.0;343.25;-84.3125;3.6875;-0.72491455078125;0.14251708984375;-0.66546630859375;-0.10662841796875;-0.10600000619888306;0.6650000214576721;0.14300000667572021;-0.9750000238418579;-0.06300000101327896;0.07200000435113907
739704.0;-1.0880000591278076;0.5770000219345093;0.2410000115633011;50.25;15.0;1.5;-3126.0;-1102.0;933.0;340.875;-84.1875;3.25;-0.72576904296875;0.15057373046875;-0.66009521484375;-0.12200927734375;-0.1120000034570694;0.6340000033378601;0.1600000113248825;-0.9750000238418579;-0.05100000277161598;0.09000000357627869
739714.0;-1.1299999952316284;0.5300000309944153;0.2580000162124634;50.25;15.0;1.5;-3706.0;-1059.0;779.0;335.75;-83.5;2.875;-0.72509765625;0.17431640625;-0.64776611328125;-0.15557861328125;-0.22100001573562622;0.5260000228881836;0.1469999998807907;-0.9740000367164612;-0.05000000074505806;0.09800000488758087
739719.0;-1.1299999952316284;0.5300000309944153;0.2580000162124634;50.25;15.0;1.5;-3706.0;-1059.0;779.0;335.75;-83.5;2.875;-0.72509765625;0.17431640625;-0.64776611328125;-0.15557861328125;-0.22100001573562622;0.5260000228881836;0.1469999998807907;-0.9740000367164612;-0.05000000074505806;0.09800000488758087
739729.0;-1.196000099182129;0.4750000238418579;0.24500000476837158;50.25;15.0;1.5;-4068.0;-953.0;541.0;333.3125;-83.125;26.3125;-0.72393798828125;0.18853759765625;-0.6409912109375;-0.17156982421875;-0.320000022649765;0.43700000643730164;0.10500000417232513;-0.9730000495910645;-0.052000001072883606;0.10500000417232513
739739.0;-1.2940000295639038;0.3850000202655792;0.21000000834465027;50.25;15.0;1.5;-4153.0;-892.0;251.0;331.1875;-82.5625;26.875;-0.72308349609375;0.20281982421875;-0.63372802734375;-0.185546875;-0.34200000762939453;0.3830000162124634;0.08700000494718552;-0.9720000624656677;-0.05700000375509262;0.1120000034570694
739749.0;-1.315000057220459;0.32600000500679016;0.1990000158548355;50.25;15.0;1.5;-3926.0;-929.0;-47.0;331.1875;-82.5625;26.875;-0.72308349609375;0.20281982421875;-0.63372802734375;-0.185546875;-0.34200000762939453;0.3830000162124634;0.08700000494718552;-0.9720000624656677;-0.05700000375509262;0.1120000034570694
739751.0;-1.3200000524520874;0.2880000174045563;0.1940000057220459;51.0625;13.5;1.5;-3471.0;-1031.0;-236.0;329.4375;-81.9375;27.8125;-0.722900390625;0.2158203125;-0.62603759765625;-0.19732666015625;-0.3490000069141388;0.35100001096725464;0.07400000095367432;-0.971000075340271;-0.06300000101327896;0.12000000476837158
739761.0;-1.3170000314712524;0.2800000011920929;0.17500001192092896;51.0625;13.5;1.5;-2940.0;-1090.0;-242.0;328.0;-81.3125;28.375;-0.72430419921875;0.2349853515625;-0.6109619140625;-0.21649169921875;-0.367000013589859;0.3850000202655792;0.055000003427267075;-0.9670000672340393;-0.07400000095367432;0.14000000059604645
739771.0;-1.3350000381469727;0.3110000193119049;0.19500000774860382;51.0625;13.5;1.5;-2465.0;-1200.0;-73.0;326.6875;-80.625;27.9375;-0.72552490234375;0.2412109375;-0.6036376953125;-0.2259521484375;-0.3830000162124634;0.3500000238418579;0.0950000062584877;-0.9650000333786011;-0.07500000298023224;0.1510000079870224
739781.0;-1.349000096321106;0.27400001883506775;0.24700000882148743;51.0625;13.5;1.5;-2194.0;-1324.0;202.0;325.375;-80.0;26.4375;-0.726806640625;0.24609375;-0.595947265625;-0.23663330078125;-0.39000001549720764;0.28300002217292786;0.11000000685453415;-0.9630000591278076;-0.07400000095367432;0.16500000655651093
739791.0;-1.3540000915527344;0.20900000631809235;0.2750000059604645;51.0625;13.5;1.5;-2162.0;-1470.0;496.0;323.875;-79.3125;24.1875;-0.726806640625;0.24609375;-0.595947265625;-0.23663330078125;-0.39000001549720764;0.28300002217292786;0.11000000685453415;-0.9630000591278076;-0.07400000095367432;0.16500000655651093
739795.0;-1.3540000915527344;0.20900000631809235;0.2750000059604645;51.0625;13.5;1.5;-2162.0;-1470.0;496.0;323.875;-79.3125;24.1875;-0.726806640625;0.24609375;-0.595947265625;-0.23663330078125;-0.39000001549720764;0.28300002217292786;0.11000000685453415;-0.9630000591278076;-0.07400000095367432;0.16500000655651093
739805.0;-1.3640000820159912;0.17800000309944153;0.28200000524520874;50.1875;13.0625;-0.0625;-2247.0;-1570.0;749.0;322.25;-78.625;21.5;-0.72784423828125;0.25030517578125;-0.58807373046875;-0.24853515625;-0.40300002694129944;0.24900001287460327;0.10300000756978989;-0.9610000252723694;-0.07000000029802322;0.17900000512599945
739815.0;-1.3660000562667847;0.2710000276565552;0.25600001215934753;50.1875;13.0625;-0.0625;-2224.0;-1608.0;1024.0;320.5;-77.9375;18.375;-0.72845458984375;0.2535400390625;-0.58026123046875;-0.261474609375;-0.36100003123283386;0.35100001096725464;0.05400000140070915;-0.956000030040741;-0.055000003427267075;0.21000000834465027
739825.0;-1.3170000314712524;0.29500001668930054;0.2639999985694885;50.1875;13.0625;-0.0625;-2078.0;-1699.0;1359.0;318.5625;-77.1875;14.75;-0.7288818359375;0.2550048828125;-0.57257080078125;-0.2752685546875;-0.3830000162124634;0.49000000953674316;0.06400000303983688;-0.9530000686645508;-0.0430000014603138;0.22600001096725464
739835.0;-1.3360000848770142;0.44600000977516174;0.2900000214576721;50.1875;13.0625;-0.0625;-2045.0;-1748.0;1622.0;316.5625;-76.375;10.875;-0.72900390625;0.25543212890625;-0.56500244140625;-0.2900390625;-0.44600000977516174;0.16300000250339508;0.07000000029802322;-0.9490000605583191;-0.027000000700354576;0.24400001764297485
739845.0;-1.3960000276565552;0.13500000536441803;0.3140000104904175;50.1875;13.0625;-0.0625;-2394.0;-1855.0;2165.0;314.125;-75.4375;6.5;-0.72784423828125;0.2552490234375;-0.5570068359375;-0.30792236328125;-0.44600000977516174;0.16300000250339508;0.07000000029802322;-0.9490000605583191;-0.027000000700354576;0.24400001764297485
739847.0;-1.3960000276565552;0.13500000536441803;0.3140000104904175;50.1875;13.0625;-0.0625;-2394.0;-1855.0;2165.0;314.125;-75.4375;6.5;-0.72784423828125;0.2552490234375;-0.5570068359375;-0.30792236328125;-0.44600000977516174;0.16300000250339508;0.07000000029802322;-0.9490000605583191;-0.027000000700354576;0.24400001764297485
739857.0;-1.408000111579895;0.1080000028014183;0.28300002217292786;50.5625;12.375;-1.0;-2346.0;-2013.0;2562.0;311.4375;-74.3125;1.875;-0.72625732421875;0.25341796875;-0.54876708984375;-0.32733154296875;-0.46300002932548523;0.11700000613927841;0.01900000125169754;-0.9440000653266907;-0.00800000037997961;0.2639999985694885
739867.0;-1.4070000648498535;0.16300000250339508;0.281000018119812;50.5625;12.375;-1.0;-2320.0;-2045.0;2642.0;308.8125;-73.125;-2.1875;-0.724365234375;0.2510986328125;-0.54034423828125;-0.34686279296875;-0.4690000116825104;0.15200001001358032;-0.0020000000949949026;-0.9380000233650208;0.010000000707805157;0.2840000092983246
739877.0;-1.4280000925064087;0.2160000056028366;0.2550000250339508;50.5625;12.375;-1.0;-2345.0;-2103.0;2689.0;306.125;-71.6875;-5.625;-0.72216796875;0.24847412109375;-0.53143310546875;-0.36651611328125;-0.4970000088214874;0.1860000044107437;-0.049000002443790436;-0.9310000538825989;0.030000001192092896;0.3050000071525574
739882.0;-1.3790000677108765;0.2710000276565552;0.23500001430511475;50.5625;12.375;-1.0;-2335.0;-2189.0;2967.0;303.375;-70.1875;-8.875;-0.71929931640625;0.2447509765625;-0.5223388671875;-0.38714599609375;-0.45600003004074097;0.2200000137090683;-0.09200000762939453;-0.9220000505447388;0.05100000277161598;0.328000009059906
739892.0;-1.2980000972747803;0.27300000190734863;0.2710000276565552;50.5625;12.375;-1.0;-2319.0;-2304.0;3243.0;300.5;-68.4375;-11.9375;-0.7158203125;0.23980712890625;-0.51287841796875;-0.40875244140625;-0.38600000739097595;0.1980000138282776;-0.08000000566244125;-0.9120000600814819;0.07400000095367432;0.35100001096725464
739902.0;-1.2690000534057617;0.3270000219345093;0.3460000157356262;51.0625;5.75;-4.5625;-2170.0;-2312.0;3293.0;297.75;-66.625;-14.5;-0.7120361328125;0.23406982421875;-0.50347900390625;-0.42987060546875;-0.36900001764297485;0.23000000417232513;-0.029000001028180122;-0.9000000357627869;0.09700000286102295;0.3760000169277191
739912.0;-1.28000009059906;0.3880000114440918;0.35200002789497375;51.0625;5.75;-4.5625;-2064.0;-2197.0;3216.0;295.0625;-64.8125;-16.625;-0.70782470703125;0.22821044921875;-0.494384765625;-0.45001220703125;-0.3920000195503235;0.2680000066757202;-0.046000003814697266;-0.8870000243186951;0.11900000274181366;0.39900001883506775
739915.0;-1.28000009059906;0.3880000114440918;0.35200002789497375;51.0625;5.75;-4.5625;-2064.0;-2197.0;3216.0;295.0625;-64.8125;-16.625;-0.70782470703125;0.22821044921875;-0.494384765625;-0.45001220703125;-0.3920000195503235;0.2680000066757202;-0.046000003814697266;-0.8870000243186951;0.11900000274181366;0.39900001883506775
739925.0;-1.3960000276565552;0.4140000343322754;0.3370000123977661;51.0625;5.75;-4.5625;-2057.0;-2139.0;3455.0;292.3125;-62.9375;-18.6875;-0.7025146484375;0.22174072265625;-0.48553466796875;-0.47076416015625;-0.5220000147819519;0.2710000276565552;-0.08400000631809235;-0.8730000257492065;0.1420000046491623;0.42100003361701965
739935.0;-1.436000108718872;0.34800001978874207;0.32600000500679016;51.0625;5.75;-4.5625;-1989.0;-2177.0;3735.0;289.4375;-60.9375;-20.625;-0.69622802734375;0.21405029296875;-0.47674560546875;-0.4920654296875;-0.5790000557899475;0.18000000715255737;-0.11800000816583633;-0.8570000529289246;0.16700001060962677;0.445000022649765
739945.0;-1.4190000295639038;0.29200002551078796;0.30100002884864807;51.0625;5.75;-4.5625;-1545.0;-2150.0;3580.0;286.9375;-58.9375;-22.375;-0.6904296875;0.205078125;-0.46875;-0.51141357421875;-0.578000009059906;0.0990000069141388;-0.16600000858306885;-0.8400000333786011;0.19200000166893005;0.46700000762939453
739955.0;-1.2950000762939453;0.37800002098083496;0.289000004529953;51.75;-2.75;-8.75;-912.0;-2109.0;3321.0;284.75;-57.0;-23.9375;-0.685546875;0.1944580078125;-0.4620361328125;-0.5279541015625;-0.47300001978874207;0.16100001335144043;-0.1980000138282776;-0.8220000267028809;0.21700000762939453;0.4870000183582306
739965.0;-1.2440000772476196;0.4440000355243683;0.30900001525878906;51.75;-2.75;-8.75;-368.0;-2079.0;3304.0;282.8125;-55.0;-25.625;-0.68084716796875;0.181884765625;-0.456787109375;-0.5428466796875;-0.4400000274181366;0.20000000298023224;-0.19600000977516174;-0.8030000329017639;0.24300001561641693;0.5060000419616699
739968.0;-1.2440000772476196;0.4440000355243683;0.30900001525878906;51.75;-2.75;-8.75;-368.0;-2079.0;3304.0;282.8125;-55.0;-25.625;-0.68084716796875;0.181884765625;-0.456787109375;-0.5428466796875;-0.4400000274181366;0.20000000298023224;-0.19600000977516174;-0.8030000329017639;0.24300001561641693;0.5060000419616699
739978.0;-1.2040001153945923;0.4970000088214874;0.3760000169277191;51.75;-2.75;-8.75;39.0;-2045.0;3419.0;281.0;-53.0;-27.4375;-0.6759033203125;0.1676025390625;-0.4527587890625;-0.556884765625;-0.42100003361701965;0.22500000894069672;-0.1469999998807907;-0.7830000519752502;0.2720000147819519;0.5230000019073486
739988.0;-1.1690000295639038;0.5540000200271606;0.44300001859664917;51.75;-2.75;-8.75;259.0;-1993.0;3494.0;279.1875;-50.9375;-29.25;-0.67047119140625;0.15240478515625;-0.44940185546875;-0.57037353515625;-0.40800002217292786;0.2510000169277191;-0.0950000062584877;-0.7610000371932983;0.3020000159740448;0.5390000343322754
739998.0;-1.1050000190734863;0.6080000400543213;0.5750000476837158;51.75;-2.75;-8.75;231.0;-1943.0;3510.0;277.375;-48.8125;-30.875;-0.66455078125;0.13739013671875;-0.4459228515625;-0.58367919921875;-0.367000013589859;0.2760000228881836;0.02200000174343586;-0.7380000352859497;0.33100003004074097;0.5530000329017639
740008.0;-1.1050000190734863;0.6080000400543213;0.5750000476837158;48.375;-10.5625;-14.5;42.0;-1923.0;3458.0;275.5625;-46.75;-32.1875;-0.6583251953125;0.1231689453125;-0.44171142578125;-0.59698486328125;-0.3620000183582306;0.23100000619888306;0.04800000041723251;-0.7140000462532043;0.3580000102519989;0.5680000185966492
740018.0;-1.0770000219345093;0.5890000462532043;0.6160000562667847;48.375;-10.5625;-14.5;-208.0;-1918.0;3428.0;273.6875;-44.625;-33.1875;-0.65167236328125;0.10980224609375;-0.4365234375;-0.6104736328125;-0.3710000216960907;0.1860000044107437;0.07100000232458115;-0.6890000104904175;0.38200002908706665;0.5830000042915344
740021.0;-1.061000108718872;0.5680000185966492;0.6540000438690186;48.375;-10.5625;-14.5;-451.0;-1966.0;3500.0;271.75;-42.5;-34.0;-0.64453125;0.096923828125;-0.43023681640625;-0.62457275390625;-0.3790000081062317;0.14300000667572021;0.08700000494718552;-0.6620000600814819;0.40400001406669617;0.5990000367164612
740031.0;-1.0410000085830688;0.5470000505447388;0.6860000491142273;48.375;-10.5625;-14.5;-651.0;-2041.0;3635.0;269.75;-40.25;-34.5625;-0.63671875;0.08416748046875;-0.42291259765625;-0.6392822265625;-0.3750000298023224;0.08300000429153442;0.1550000011920929;-0.6330000162124634;0.42500001192092896;0.6150000095367432
740041.0;-1.0090000629425049;0.5080000162124634;0.7710000276565552;48.375;-10.5625;-14.5;-835.0;-2130.0;3750.0;267.625;-37.875;-35.0;-0.62823486328125;0.0714111328125;-0.41448974609375;-0.654541015625;-0.39400002360343933;0.052000001072883606;0.16600000858306885;-0.6020000576972961;0.4440000355243683;0.6330000162124634
740051.0;-0.9960000514984131;0.4970000088214874;0.7990000247955322;48.375;-10.5625;-14.5;-835.0;-2130.0;3750.0;265.4375;-35.4375;-35.25;-0.6192626953125;0.05853271484375;-0.40496826171875;-0.67010498046875;-0.406000018119812;0.03100000135600567;0.15200001001358032;-0.5680000185966492;0.4610000252723694;0.6520000100135803
740056.0;-0.9960000514984131;0.4970000088214874;0.7990000247955322;48.375;-10.5625;-14.5;-835.0;-2130.0;3750.0;265.4375;-35.4375;-35.25;-0.6192626953125;0.05853271484375;-0.40496826171875;-0.67010498046875;-0.406000018119812;0.03100000135600567;0.15200001001358032;-0.5680000185966492;0.4610000252723694;0.6520000100135803
740066.0;-0.9750000238418579;0.492000013589859;0.8040000200271606;42.0625;-18.375;-18.5625;-989.0;-2232.0;3849.0;263.25;-32.875;-35.3125;-0.60992431640625;0.04547119140625;-0.39447021484375;-0.685791015625;-0.4190000295639038;0.021000001579523087;0.1380000114440918;-0.5330000519752502;0.47600001096725464;0.6710000038146973
740076.0;-0.9520000219345093;0.4970000088214874;0.8100000619888306;42.0625;-18.375;-18.5625;-1172.0;-2469.0;3931.0;261.125;-30.3125;-35.25;-0.600341796875;0.0321044921875;-0.38311767578125;-0.70123291015625;-0.4180000126361847;0.004000000189989805;0.09800000488758087;-0.49500003457069397;0.48900002241134644;0.690000057220459
740086.0;-0.9130000472068787;0.49400001764297485;0.7890000343322754;42.0625;-18.375;-18.5625;-1153.0;-2561.0;3884.0;259.0;-27.6875;-35.125;-0.59075927734375;0.01837158203125;-0.37127685546875;-0.71612548828125;-0.4350000321865082;-0.015000000596046448;0.07900000363588333;-0.45600003004074097;0.5;0.7090000510215759
740089.0;-0.9130000472068787;0.49400001764297485;0.7890000343322754;42.0625;-18.375;-18.5625;-1153.0;-2561.0;3884.0;259.0;-27.6875;-35.125;-0.59075927734375;0.01837158203125;-0.37127685546875;-0.71612548828125;-0.4350000321865082;-0.015000000596046448;0.07900000363588333;-0.45600003004074097;0.5;0.7090000510215759
740099.0;-0.8910000324249268;0.48500001430511475;0.7880000472068787;42.0625;-18.375;-18.5625;-1040.0;-2624.0;3813.0;257.0;-25.0625;-35.0;-0.58123779296875;0.0042724609375;-0.359375;-0.73004150390625;-0.44300001859664917;-0.04100000113248825;0.0650000050663948;-0.4150000214576721;0.5090000033378601;0.7270000576972961
740109.0;-0.859000027179718;0.46700000762939453;0.7920000553131104;42.0625;-18.375;-18.5625;-1040.0;-2624.0;3813.0;257.0;-25.0625;-35.0;-0.58123779296875;0.0042724609375;-0.359375;-0.73004150390625;-0.44300001859664917;-0.04100000113248825;0.0650000050663948;-0.37400001287460327;0.5180000066757202;0.7430000305175781
740119.0;-0.781000018119812;0.48100003600120544;0.8090000152587891;34.375;-25.6875;-26.0;-878.0;-2691.0;3774.0;255.125;-22.4375;-34.875;-0.57159423828125;-0.01055908203125;-0.34771728515625;-0.7431640625;-0.42100003361701965;-0.013000000268220901;0.058000002056360245;-0.33100003004074097;0.5260000228881836;0.7570000290870667
740129.0;-0.753000020980835;0.5120000243186951;0.8160000443458557;34.375;-25.6875;-26.0;-754.0;-2732.0;3765.0;251.375;-17.0625;-34.625;-0.55145263671875;-0.04132080078125;-0.32427978515625;-0.7674560546875;-0.4350000321865082;0.009000000543892384;0.030000001192092896;-0.2880000174045563;0.5320000052452087;0.7710000276565552
740139.0;-0.7240000367164612;0.5420000553131104;0.8010000586509705;34.375;-25.6875;-26.0;-784.0;-2757.0;3779.0;249.5;-14.4375;-34.3125;-0.5408935546875;-0.05621337890625;-0.3115234375;-0.779296875;-0.44700002670288086;0.021000001579523087;-0.007000000216066837;-0.24400001764297485;0.5350000262260437;0.784000039100647
740142.0;-0.6910000443458557;0.5560000538825989;0.7760000228881836;34.375;-25.6875;-26.0;-947.0;-2758.0;3785.0;247.625;-11.75;-33.875;-0.530029296875;-0.07025146484375;-0.2978515625;-0.79083251953125;-0.36900001764297485;0.018000001087784767;-0.0560000017285347;-0.20000000298023224;0.5350000262260437;0.796000063419342
740152.0;-0.5700000524520874;0.5530000329017639;0.7400000095367432;34.375;-25.6875;-26.0;-1138.0;-2711.0;3756.0;247.625;-11.75;-33.875;-0.530029296875;-0.07025146484375;-0.2978515625;-0.79083251953125;-0.36900001764297485;0.018000001087784767;-0.0560000017285347;-0.20000000298023224;0.5350000262260437;0.796000063419342
740162.0;-0.48500001430511475;0.5450000166893005;0.7570000290870667;24.375;-30.1875;-30.5;-1319.0;-2660.0;3697.0;245.8125;-9.1875;-33.25;-0.51910400390625;-0.08343505859375;-0.283447265625;-0.802001953125;-0.328000009059906;0.014000000432133675;-0.052000001072883606;-0.15700000524520874;0.5300000309944153;0.8090000152587891
740172.0;-0.40700000524520874;0.5370000004768372;0.7820000648498535;24.375;-30.1875;-30.5;-1506.0;-2611.0;3631.0;244.0;-6.6875;-32.4375;-0.49725341796875;-0.1072998046875;-0.2523193359375;-0.8231201171875;-0.2760000228881836;0.005000000353902578;-0.03200000151991844;-0.07200000435113907;0.5120000243186951;0.8330000638961792
740182.0;-0.3490000069141388;0.5170000195503235;0.800000011920929;24.375;-30.1875;-30.5;-1666.0;-2563.0;3552.0;242.25;-4.25;-31.5625;-0.4866943359375;-0.11822509765625;-0.2359619140625;-0.832763671875;-0.2930000126361847;-0.01900000125169754;-0.023000001907348633;-0.03200000151991844;0.49800002574920654;0.8440000414848328
740192.0;-0.32500001788139343;0.4780000150203705;0.8200000524520874;24.375;-30.1875;-30.5;-1772.0;-2547.0;3409.0;240.5625;-1.875;-30.5;-0.47674560546875;-0.12884521484375;-0.21923828125;-0.8414306640625;-0.3150000274181366;-0.020000001415610313;-0.021000001579523087;0.007000000216066837;0.4820000231266022;0.8530000448226929
740192.0;-0.32500001788139343;0.4780000150203705;0.8200000524520874;24.375;-30.1875;-30.5;-1772.0;-2547.0;3409.0;240.5625;-1.875;-30.5;-0.47674560546875;-0.12884521484375;-0.21923828125;-0.8414306640625;-0.3150000274181366;-0.020000001415610313;-0.021000001579523087;0.007000000216066837;0.4820000231266022;0.8530000448226929
740202.0;-0.30800002813339233;0.4610000252723694;0.8320000171661377;24.375;-30.1875;-30.5;-1818.0;-2572.0;3217.0;239.0625;0.4375;-29.4375;-0.47674560546875;-0.12884521484375;-0.21923828125;-0.8414306640625;-0.3150000274181366;-0.020000001415610313;-0.021000001579523087;0.007000000216066837;0.4820000231266022;0.8530000448226929
740212.0;-0.28300002217292786;0.43800002336502075;0.859000027179718;14.0;-31.375;-35.0625;-1769.0;-2629.0;3052.0;237.625;2.6875;-28.3125;-0.46728515625;-0.13958740234375;-0.20263671875;-0.84918212890625;-0.33000001311302185;-0.027000000700354576;-0.0020000000949949026;0.046000003814697266;0.4650000333786011;0.8610000610351562
740222.0;-0.25699999928474426;0.4180000126361847;0.9170000553131104;14.0;-31.375;-35.0625;-1654.0;-2709.0;2955.0;236.25;5.0;-27.3125;-0.45806884765625;-0.1507568359375;-0.18634033203125;-0.85601806640625;-0.3530000150203705;-0.04200000315904617;0.046000003814697266;0.12400000542402267;0.4310000240802765;0.8710000514984131
740232.0;-0.2290000170469284;0.3880000114440918;0.9180000424385071;14.0;-31.375;-35.0625;-1503.0;-2797.0;2888.0;235.0;7.25;-26.3125;-0.4488525390625;-0.16253662109375;-0.17041015625;-0.86199951171875;-0.3500000238418579;-0.04000000283122063;0.0560000017285347;0.16300000250339508;0.4140000343322754;0.8730000257492065
740242.0;-0.1860000044107437;0.37400001287460327;0.9290000200271606;14.0;-31.375;-35.0625;-1355.0;-2863.0;2835.0;233.75;9.5625;-25.375;-0.4395751953125;-0.17486572265625;-0.155029296875;-0.8673095703125;-0.3580000102519989;-0.02500000037252903;0.06300000101327896;0.20200000703334808;0.3970000147819519;0.8730000257492065
740242.0;-0.1860000044107437;0.37400001287460327;0.9290000200271606;14.0;-31.375;-35.0625;-1355.0;-2863.0;2835.0;233.75;9.5625;-25.375;-0.4395751953125;-0.17486572265625;-0.155029296875;-0.8673095703125;-0.3580000102519989;-0.02500000037252903;0.06300000101327896;0.20200000703334808;0.3970000147819519;0.8730000257492065
740252.0;-0.1550000011920929;0.3720000088214874;0.9360000491142273;14.0;-31.375;-35.0625;-1209.0;-2901.0;2817.0;232.5;11.875;-24.4375;-0.4300537109375;-0.1876220703125;-0.14007568359375;-0.87188720703125;-0.3580000102519989;-0.02500000037252903;0.06300000101327896;0.20200000703334808;0.3970000147819519;0.8730000257492065
740262.0;-0.14300000667572021;0.37800002098083496;0.8630000352859497;2.875;-29.1875;-40.5625;-1070.0;-2934.0;2804.0;231.25;14.1875;-23.625;-0.4202880859375;-0.20074462890625;-0.12567138671875;-0.8759765625;-0.3850000202655792;-0.0020000000949949026;-0.006000000052154064;0.2410000115633011;0.38100001215934753;0.8700000643730164
740272.0;-0.11300000548362732;0.359000027179718;0.8270000219345093;2.875;-29.1875;-40.5625;-982.0;-2934.0;2761.0;230.0;16.5;-22.8125;-0.410400390625;-0.2138671875;-0.1116943359375;-0.87939453125;-0.3920000195503235;-0.005000000353902578;-0.03800000250339508;0.27900001406669617;0.36400002241134644;0.8660000562667847
740282.0;-0.07600000500679016;0.33000001311302185;0.7910000085830688;2.875;-29.1875;-40.5625;-933.0;-2931.0;2722.0;228.8125;18.75;-21.9375;-0.40045166015625;-0.22705078125;-0.097900390625;-0.88232421875;-0.3920000195503235;-0.01600000075995922;-0.0690000057220459;0.3150000274181366;0.34700000286102295;0.8600000143051147
740292.0;-0.0430000014603138;0.31200000643730164;0.7730000615119934;2.875;-29.1875;-40.5625;-921.0;-2923.0;2697.0;227.5625;21.0;-21.125;-0.390380859375;-0.24005126953125;-0.08416748046875;-0.88482666015625;-0.39500001072883606;-0.017000000923871994;-0.08000000566244125;0.35200002789497375;0.3290000259876251;0.8530000448226929
740293.0;-0.0430000014603138;0.31200000643730164;0.7730000615119934;2.875;-29.1875;-40.5625;-921.0;-2923.0;2697.0;227.5625;21.0;-21.125;-0.390380859375;-0.24005126953125;-0.08416748046875;-0.88482666015625;-0.39500001072883606;-0.017000000923871994;-0.08000000566244125;0.35200002789497375;0.3290000259876251;0.8530000448226929
740303.0;0.013000000268220901;0.30900001525878906;0.7270000576972961;2.875;-29.1875;-40.5625;-953.0;-2914.0;2656.0;226.375;23.25;-20.1875;-0.38043212890625;-0.2528076171875;-0.07037353515625;-0.8868408203125;-0.37300002574920654;-0.0010000000474974513;-0.11700000613927841;0.38700002431869507;0.3100000023841858;0.8450000286102295
740313.0;0.02200000174343586;0.31200000643730164;0.7080000042915344;-6.0;-27.0;-40.5625;-1021.0;-2898.0;2583.0;225.25;25.375;-19.125;-0.37066650390625;-0.26519775390625;-0.0562744140625;-0.8883056640625;-0.398000031709671;0.021000001579523087;-0.12800000607967377;0.42100003361701965;0.2900000214576721;0.8360000252723694
740323.0;0.03400000184774399;0.30100002884864807;0.6660000085830688;-6.0;-27.0;-40.5625;-1099.0;-2876.0;2503.0;224.1875;27.5625;-18.0625;-0.36126708984375;-0.2772216796875;-0.0419921875;-0.88934326171875;-0.4190000295639038;0.03100000135600567;-0.1600000113248825;0.453000009059906;0.26900002360343933;0.8260000348091125
740326.0;0.03400000184774399;0.30100002884864807;0.6660000085830688;-6.0;-27.0;-40.5625;-1099.0;-2876.0;2503.0;224.1875;27.5625;-18.0625;-0.36126708984375;-0.2772216796875;-0.0419921875;-0.88934326171875;-0.4190000295639038;0.03100000135600567;-0.1600000113248825;0.453000009059906;0.26900002360343933;0.8260000348091125
740336.0;0.05000000074505806;0.2760000228881836;0.6230000257492065;-6.0;-27.0;-40.5625;-1153.0;-2850.0;2459.0;223.125;29.625;-16.875;-0.3519287109375;-0.28887939453125;-0.02752685546875;-0.889892578125;-0.4350000321865082;0.029000001028180122;-0.19100001454353333;0.48500001430511475;0.24700000882148743;0.815000057220459
740346.0;0.09300000220537186;0.24000000953674316;0.5860000252723694;-6.0;-27.0;-40.5625;-1161.0;-2826.0;2418.0;222.0625;31.6875;-15.625;-0.34271240234375;-0.30029296875;-0.01312255859375;-0.89007568359375;-0.42100003361701965;0.01600000075995922;-0.2160000056028366;0.51500004529953;0.2240000069141388;0.8030000329017639
740356.0;0.1300000101327896;0.2070000171661377;0.5860000252723694;-6.0;-27.0;-40.5625;-1152.0;-2784.0;2438.0;221.0;33.6875;-14.25;-0.33319091796875;-0.3114013671875;0.00115966796875;-0.88995361328125;-0.4130000174045563;0.005000000353902578;-0.203000009059906;0.5440000295639038;0.20100000500679016;0.7900000214576721
740366.0;0.1469999998807907;0.18000000715255737;0.6010000109672546;-16.0625;-23.6875;-40.0625;-1149.0;-2777.0;2474.0;219.9375;35.6875;-12.8125;-0.3233642578125;-0.3223876953125;0.0155029296875;-0.8895263671875;-0.42500001192092896;0.003000000026077032;-0.17400000989437103;0.5720000267028809;0.1770000010728836;0.7760000228881836
740376.0;0.13100001215934753;0.1680000126361847;0.5440000295639038;-16.0625;-23.6875;-40.0625;-1204.0;-2755.0;2477.0;218.8125;37.625;-11.25;-0.3134765625;-0.33294677734375;0.03009033203125;-0.8887939453125;-0.46700000762939453;0.015000000596046448;-0.2160000056028366;0.5980000495910645;0.15200001001358032;0.7610000371932983
740381.0;0.11700000613927841;0.16700001060962677;0.49400001764297485;-16.0625;-23.6875;-40.0625;-1317.0;-2746.0;2417.0;217.75;39.5;-9.5625;-0.303955078125;-0.34320068359375;0.0450439453125;-0.8875732421875;-0.5070000290870667;0.04100000113248825;-0.2510000169277191;0.6240000128746033;0.12600000202655792;0.7450000643730164
740391.0;0.1380000114440918;0.13300000131130219;0.44700002670288086;-16.0625;-23.6875;-40.0625;-1420.0;-2725.0;2361.0;216.75;41.375;-7.75;-0.29473876953125;-0.35308837890625;0.06036376953125;-0.88592529296875;-0.5090000033378601;0.03400000184774399;-0.281000018119812;0.6480000019073486;0.0990000069141388;0.7290000319480896
740401.0;0.17000000178813934;0.0990000069141388;0.41100001335144043;-16.0625;-23.6875;-40.0625;-1473.0;-2750.0;2379.0;215.75;43.1875;-5.6875;-0.28546142578125;-0.36279296875;0.075927734375;-0.8837890625;-0.5;0.02800000086426735;-0.2990000247955322;0.6710000038146973;0.07100000232458115;0.7110000252723694
740411.0;0.17000000178813934;0.0990000069141388;0.41100001335144043;-25.25;-18.0625;-38.5;-1488.0;-2749.0;2427.0;214.75;44.9375;-3.5;-0.27581787109375;-0.372314453125;0.0916748046875;-0.88140869140625;-0.4390000104904175;-0.02200000174343586;-0.3290000259876251;0.6930000185966492;0.04200000315904617;0.6920000314712524
740416.0;0.17000000178813934;0.0990000069141388;0.41100001335144043;-25.25;-18.0625;-38.5;-1488.0;-2749.0;2427.0;214.75;44.9375;-3.5;-0.27581787109375;-0.372314453125;0.0916748046875;-0.88140869140625;-0.4390000104904175;-0.02200000174343586;-0.3290000259876251;0.6930000185966492;0.04200000315904617;0.6920000314712524
740426.0;0.25300002098083496;0.020000001415610313;0.3620000183582306;-25.25;-18.0625;-38.5;-1478.0;-2739.0;2510.0;213.625;46.6875;-1.125;-0.265625;-0.38165283203125;0.107421875;-0.8787841796875;-0.45500001311302185;0.0010000000474974513;-0.2990000247955322;0.7130000591278076;0.013000000268220901;0.6720000505447388
740436.0;0.2580000162124634;0.014000000432133675;0.37300002574920654;-25.25;-18.0625;-38.5;-1508.0;-2779.0;2463.0;212.5;48.375;1.375;-0.255615234375;-0.39093017578125;0.123291015625;-0.87554931640625;-0.4700000286102295;0.02800000086426735;-0.3050000071525574;0.7330000400543213;-0.015000000596046448;0.6510000228881836
740446.0;0.26200002431869507;0.012000000104308128;0.3450000286102295;-25.25;-18.0625;-38.5;-1588.0;-2759.0;2411.0;211.4375;49.9375;4.0625;-0.24591064453125;-0.39990234375;0.1392822265625;-0.87188720703125;-0.49800002574920654;0.05400000140070915;-0.289000004529953;0.7510000467300415;-0.04500000178813934;0.628000020980835
740451.0;0.25200000405311584;0.009000000543892384;0.33900001645088196;-25.25;-18.0625;-38.5;-1692.0;-2770.0;2401.0;210.4375;51.5;7.0625;-0.236328125;-0.4085693359375;0.15570068359375;-0.86773681640625;-0.5020000338554382;0.05400000140070915;-0.3050000071525574;0.7670000195503235;-0.07500000298023224;0.6050000190734863
740461.0;0.26500001549720764;-0.021000001579523087;0.2990000247955322;-25.25;-18.0625;-38.5;-1789.0;-2777.0;2413.0;209.4375;52.9375;10.375;-0.226806640625;-0.4169921875;0.17254638671875;-0.86309814453125;-0.48600003123283386;0.05400000140070915;-0.33100003004074097;0.7820000648498535;-0.10600000619888306;0.581000030040741
740471.0;0.29500001668930054;-0.052000001072883606;0.25;-32.75;-11.75;-36.75;-1789.0;-2777.0;2413.0;208.375;54.25;13.9375;-0.21710205078125;-0.4251708984375;0.1895751953125;-0.85797119140625;-0.48600003123283386;0.05400000140070915;-0.3460000157356262;0.796000063419342;-0.13700000941753387;0.5550000071525574
740481.0;0.30900001525878906;-0.08300000429153442;0.20800000429153442;-32.75;-11.75;-36.75;-1840.0;-2764.0;2464.0;207.3125;55.4375;17.6875;-0.207275390625;-0.4329833984375;0.20654296875;-0.8525390625;-0.4540000259876251;0.015000000596046448;-0.398000031709671;0.8080000281333923;-0.16900001466274261;0.5290000438690186
740485.0;0.30900001525878906;-0.08300000429153442;0.20800000429153442;-32.75;-11.75;-36.75;-1840.0;-2764.0;2464.0;207.3125;55.4375;17.6875;-0.207275390625;-0.4329833984375;0.20654296875;-0.8525390625;-0.4540000259876251;0.015000000596046448;-0.398000031709671;0.8080000281333923;-0.16900001466274261;0.5290000438690186
740495.0;0.3530000150203705;-0.15400001406669617;0.1300000101327896;-32.75;-11.75;-36.75;-1783.0;-2745.0;2497.0;206.1875;56.5;21.75;-0.19708251953125;-0.44061279296875;0.2232666015625;-0.84686279296875;-0.43700000643730164;0.0;-0.35200002789497375;0.8180000185966492;-0.20000000298023224;0.5020000338554382
740505.0;0.3800000250339508;-0.20000000298023224;0.14900000393390656;-32.75;-11.75;-36.75;-1695.0;-2758.0;2485.0;205.0;57.4375;25.9375;-0.18658447265625;-0.4481201171875;0.23944091796875;-0.84088134765625;-0.4310000240802765;0.0020000000949949026;-0.31200000643730164;0.8260000348091125;-0.23000000417232513;0.4740000367164612
740515.0;0.39400002360343933;-0.22700001299381256;0.16100001335144043;-32.75;-11.75;-36.75;-1695.0;-2758.0;2485.0;205.0;57.4375;25.9375;-0.18658447265625;-0.4481201171875;0.23944091796875;-0.84088134765625;-0.4490000307559967;0.005000000353902578;-0.2710000276565552;0.8330000638961792;-0.2600000202655792;0.44600000977516174
740519.0;0.39400002360343933;-0.22700001299381256;0.16100001335144043;-32.75;-11.75;-36.75;-1695.0;-2758.0;2485.0;205.0;57.4375;25.9375;-0.18658447265625;-0.4481201171875;0.23944091796875;-0.84088134765625;-0.4490000307559967;0.005000000353902578;-0.2710000276565552;0.8330000638961792;-0.2600000202655792;0.44600000977516174
740529.0;0.3830000162124634;-0.2540000081062317;0.17400000989437103;-39.375;-4.6875;-31.875;-1622.0;-2748.0;2449.0;203.8125;58.1875;30.25;-0.176025390625;-0.45550537109375;0.25506591796875;-0.83453369140625;-0.4490000307559967;0.005000000353902578;-0.2710000276565552;0.8390000462532043;-0.28700000047683716;0.41700002551078796
740539.0;0.3680000305175781;-0.32200002670288086;0.10100000351667404;-39.375;-4.6875;-31.875;-1540.0;-2756.0;2331.0;201.4375;59.375;38.9375;-0.15545654296875;-0.4705810546875;0.2841796875;-0.82073974609375;-0.5010000467300415;-0.04500000178813934;-0.3720000088214874;0.8440000414848328;-0.31300002336502075;0.38700002431869507
740549.0;0.34200000762939453;-0.359000027179718;0.015000000596046448;-39.375;-4.6875;-31.875;-1447.0;-2777.0;2247.0;200.0625;59.6875;43.5625;-0.14422607421875;-0.47772216796875;0.29840087890625;-0.8135986328125;-0.367000013589859;-0.01900000125169754;-0.37800002098083496;0.8460000157356262;-0.3410000205039978;0.3580000102519989
740554.0;0.4790000319480896;-0.36000001430511475;-0.020000001415610313;-39.375;-4.6875;-31.875;-1388.0;-2779.0;2417.0;198.5625;59.625;48.4375;-0.13189697265625;-0.48370361328125;0.31378173828125;-0.80633544921875;-0.2710000276565552;-0.004000000189989805;-0.3540000021457672;0.8460000157356262;-0.3710000216960907;0.328000009059906
740564.0;0.5740000009536743;-0.3750000298023224;-0.02500000037252903;-39.375;-4.6875;-31.875;-1499.0;-2687.0;2765.0;198.5625;59.625;48.4375;-0.13189697265625;-0.48370361328125;0.31378173828125;-0.80633544921875;-0.2710000276565552;-0.004000000189989805;-0.3540000021457672;0.8460000157356262;-0.3710000216960907;0.328000009059906
740574.0;0.5300000309944153;-0.39000001549720764;-0.010000000707805157;-42.75;3.375;-27.375;-1561.0;-2596.0;2539.0;197.1875;59.375;53.125;-0.1207275390625;-0.48931884765625;0.32867431640625;-0.7987060546875;-0.3140000104904175;0.00800000037997961;-0.3100000023841858;0.8440000414848328;-0.39900001883506775;0.2990000247955322
740584.0;0.4780000150203705;-0.43800002336502075;-0.023000001907348633;-42.75;3.375;-27.375;-1634.0;-2442.0;2337.0;195.9375;59.0625;57.5;-0.101318359375;-0.49884033203125;0.35723876953125;-0.78314208984375;-0.3660000264644623;-0.03800000250339508;-0.29500001668930054;0.8370000123977661;-0.4490000307559967;0.242000013589859
740588.0;0.4780000150203705;-0.43800002336502075;-0.023000001907348633;-42.75;3.375;-27.375;-1634.0;-2442.0;2337.0;195.9375;59.0625;57.5;-0.101318359375;-0.49884033203125;0.35723876953125;-0.78314208984375;-0.3660000264644623;-0.03800000250339508;-0.29500001668930054;0.8370000123977661;-0.4490000307559967;0.242000013589859
740598.0;0.4700000286102295;-0.4870000183582306;-0.05300000309944153;-42.75;3.375;-27.375;-1640.0;-2306.0;2297.0;194.6875;58.5625;61.625;-0.09234619140625;-0.503173828125;0.37054443359375;-0.7752685546875;-0.3580000102519989;-0.02200000174343586;-0.2850000262260437;0.8320000171661377;-0.47200003266334534;0.21400001645088196
740608.0;0.47300001978874207;-0.49400001764297485;-0.07000000029802322;-42.75;3.375;-27.375;-1578.0;-2248.0;2148.0;193.5625;58.0;65.5;-0.08319091796875;-0.50732421875;0.383544921875;-0.7672119140625;-0.3450000286102295;-0.01600000075995922;-0.30400002002716064;0.8250000476837158;-0.49400001764297485;0.18700000643730164
740618.0;0.48000001907348633;-0.5100000500679016;-0.11700000613927841;-42.75;3.375;-27.375;-1522.0;-2242.0;2155.0;192.3125;57.3125;69.1875;-0.08319091796875;-0.50732421875;0.383544921875;-0.7672119140625;-0.3450000286102295;-0.01600000075995922;-0.30400002002716064;0.8250000476837158;-0.49400001764297485;0.18700000643730164
740622.0;0.4930000305175781;-0.5220000147819519;-0.15400001406669617;-45.6875;11.1875;-21.5;-1439.0;-2208.0;2144.0;191.0625;56.5625;72.6875;-0.0738525390625;-0.51116943359375;0.39599609375;-0.75921630859375;-0.32500001788139343;-0.006000000052154064;-0.3150000274181366;0.8180000185966492;-0.51500004529953;0.1600000113248825
740632.0;0.5210000276565552;-0.5350000262260437;-0.17500001192092896;-45.6875;11.1875;-21.5;-1439.0;-2208.0;2144.0;189.8125;55.6875;76.0;-0.06451416015625;-0.514892578125;0.4083251953125;-0.7509765625;-0.281000018119812;0.018000001087784767;-0.28300002217292786;0.800000011920929;-0.5550000071525574;0.10700000822544098
740642.0;0.5190000534057617;-0.5360000133514404;-0.17500001192092896;-45.6875;11.1875;-21.5;-1346.0;-2107.0;2088.0;188.5;54.6875;79.0;-0.05535888671875;-0.51824951171875;0.4200439453125;-0.742919921875;-0.2980000078678131;0.023000001907348633;-0.23900000751018524;0.7900000214576721;-0.5740000009536743;0.0820000022649765
740652.0;0.492000013589859;-0.550000011920929;-0.15600000321865082;-45.6875;11.1875;-21.5;-1356.0;-2016.0;2018.0;187.25;53.6875;81.75;-0.046630859375;-0.52117919921875;0.431396484375;-0.73492431640625;-0.31700000166893005;0.01900000125169754;-0.2150000035762787;0.7800000309944153;-0.5910000205039978;0.058000002056360245
740662.0;0.4620000123977661;-0.5710000395774841;-0.15600000321865082;-45.6875;11.1875;-21.5;-1313.0;-1950.0;1929.0;186.0;52.6875;84.3125;-0.038330078125;-0.52398681640625;0.44219970703125;-0.7269287109375;-0.31700000166893005;0.01900000125169754;-0.2150000035762787;0.7800000309944153;-0.5910000205039978;0.058000002056360245
740672.0;0.4320000112056732;-0.6000000238418579;-0.15600000321865082;-47.5;16.75;-15.75;-1175.0;-1939.0;1859.0;184.75;51.6875;86.625;-0.0299072265625;-0.52679443359375;0.45220947265625;-0.7191162109375;-0.3370000123977661;0.005000000353902578;-0.19100001454353333;0.7690000534057617;-0.6060000061988831;0.03500000014901161
740676.0;0.4320000112056732;-0.6000000238418579;-0.15600000321865082;-47.5;16.75;-15.75;-1175.0;-1939.0;1859.0;184.75;51.6875;86.625;-0.0299072265625;-0.52679443359375;0.45220947265625;-0.7191162109375;-0.3370000123977661;0.005000000353902578;-0.19100001454353333;0.7690000534057617;-0.6060000061988831;0.03500000014901161
740686.0;0.3620000183582306;-0.6490000486373901;-0.18000000715255737;-47.5;16.75;-15.75;-955.0;-1995.0;1773.0;183.375;50.625;88.75;-0.02105712890625;-0.5299072265625;0.4610595703125;-0.71148681640625;-0.3960000276565552;-0.02800000086426735;-0.19300000369548798;0.7470000386238098;-0.6340000033378601;-0.007000000216066837
740696.0;0.3460000157356262;-0.6580000519752502;-0.21900001168251038;-47.5;16.75;-15.75;-675.0;-2076.0;1657.0;181.875;49.625;90.6875;-0.01171875;-0.5335693359375;0.4683837890625;-0.70416259765625;-0.4010000228881836;-0.023000001907348633;-0.2110000103712082;0.7360000610351562;-0.6460000276565552;-0.027000000700354576
740706.0;0.3460000157356262;-0.6760000586509705;-0.25;-47.5;16.75;-15.75;-372.0;-2189.0;1551.0;180.25;48.6875;92.4375;-0.0015869140625;-0.53778076171875;0.4742431640625;-0.69708251953125;-0.3890000283718109;-0.029000001028180122;-0.22300000488758087;0.7360000610351562;-0.6460000276565552;-0.027000000700354576
740711.0;0.33800002932548523;-0.6970000267028809;-0.2540000081062317;-47.5;16.75;-15.75;-136.0;-2295.0;1489.0;178.4375;47.6875;94.0;0.00927734375;-0.54241943359375;0.47894287109375;-0.690185546875;-0.38600000739097595;-0.039000000804662704;-0.2070000171661377;0.7250000238418579;-0.6580000519752502;-0.046000003814697266
740721.0;0.2900000214576721;-0.7550000548362732;-0.3150000274181366;-44.5;22.375;-8.75;43.0;-2359.0;1431.0;176.5;46.6875;95.4375;0.02056884765625;-0.54736328125;0.48272705078125;-0.683349609375;-0.4230000078678131;-0.0860000029206276;-0.25200000405311584;0.7140000462532043;-0.6690000295639038;-0.06300000101327896
740731.0;0.2770000100135803;-0.7880000472068787;-0.33500000834465027;-44.5;22.375;-8.75;200.0;-2407.0;1326.0;174.5625;45.75;96.75;0.0321044921875;-0.55255126953125;0.4854736328125;-0.67669677734375;-0.42500001192092896;-0.10900000482797623;-0.2550000250339508;0.7020000219345093;-0.6790000200271606;-0.08000000566244125
740741.0;0.27300000190734863;-0.8060000538825989;-0.33900001645088196;-44.5;22.375;-8.75;400.0;-2479.0;1252.0;172.4375;44.8125;97.875;0.0440673828125;-0.55810546875;0.48724365234375;-0.67022705078125;-0.4180000126361847;-0.11700000613927841;-0.24300001561641693;0.6910000443458557;-0.6880000233650208;-0.0950000062584877
740744.0;0.27300000190734863;-0.8060000538825989;-0.33900001645088196;-44.5;22.375;-8.75;400.0;-2479.0;1252.0;172.4375;44.8125;97.875;0.0440673828125;-0.55810546875;0.48724365234375;-0.67022705078125;-0.4180000126361847;-0.11700000613927841;-0.24300001561641693;0.6910000443458557;-0.6880000233650208;-0.0950000062584877
740754.0;0.2670000195503235;-0.8200000524520874;-0.35500001907348633;-44.5;22.375;-8.75;672.0;-2521.0;1195.0;170.1875;43.875;98.875;0.0567626953125;-0.563720703125;0.48773193359375;-0.6641845703125;-0.41200003027915955;-0.12200000882148743;-0.2460000067949295;0.6800000071525574;-0.6980000138282776;-0.10900000482797623
740764.0;0.24800001084804535;-0.815000057220459;-0.3680000305175781;-44.5;22.375;-8.75;978.0;-2542.0;1120.0;167.8125;42.9375;99.625;0.07012939453125;-0.56939697265625;0.48681640625;-0.65869140625;-0.4190000295639038;-0.1080000028014183;-0.24800001084804535;0.6680000424385071;-0.7070000171661377;-0.12000000476837158
740774.0;0.2330000102519989;-0.7970000505447388;-0.38700002431869507;-42.6875;24.875;-4.0625;1292.0;-2552.0;1030.0;165.3125;42.0625;100.125;0.08416748046875;-0.5750732421875;0.48443603515625;-0.65386962890625;-0.4240000247955322;-0.08100000023841858;-0.2590000033378601;0.6570000052452087;-0.7160000205039978;-0.12800000607967377
740778.0;0.2330000102519989;-0.7970000505447388;-0.38700002431869507;-42.6875;24.875;-4.0625;1292.0;-2552.0;1030.0;165.3125;42.0625;100.125;0.08416748046875;-0.5750732421875;0.48443603515625;-0.65386962890625;-0.4240000247955322;-0.08100000023841858;-0.2590000033378601;0.6570000052452087;-0.7160000205039978;-0.12800000607967377
740788.0;0.14900000393390656;-0.7540000081062317;-0.41200003027915955;-42.6875;24.875;-4.0625;1589.0;-2658.0;1211.0;162.4375;41.0625;100.4375;0.0999755859375;-0.580322265625;0.48138427734375;-0.64923095703125;-0.49400001764297485;-0.027000000700354576;-0.27800002694129944;0.6440000534057617;-0.7260000109672546;-0.1340000033378601
740798.0;0.18400001525878906;-0.5210000276565552;-0.51500004529953;-42.6875;24.875;-4.0625;1121.0;-3394.0;2455.0;158.6875;39.25;101.25;0.12042236328125;-0.5849609375;0.483154296875;-0.64019775390625;-0.4360000193119049;0.22300000488758087;-0.3660000264644623;0.6200000047683716;-0.7440000176429749;-0.14800000190734863
740808.0;0.2240000069141388;-0.5509999990463257;-0.4270000159740448;-42.6875;24.875;-4.0625;340.0;-3177.0;2697.0;155.125;37.25;102.25;0.13861083984375;-0.5885009765625;0.4881591796875;-0.62939453125;-0.36900001764297485;0.2110000103712082;-0.26100000739097595;0.593000054359436;-0.7620000243186951;-0.16500000655651093
740812.0;0.1600000113248825;-0.625;-0.5170000195503235;-42.6875;24.875;-4.0625;-173.0;-2767.0;2975.0;151.8125;35.125;103.25;0.15509033203125;-0.59002685546875;0.495849609375;-0.6180419921875;-0.40300002694129944;0.1550000011920929;-0.3330000042915344;0.5640000104904175;-0.7800000309944153;-0.18400001525878906
740822.0;0.1600000113248825;-0.625;-0.5170000195503235;-41.0625;29.0;0.0;44.0;-2635.0;2825.0;148.5;33.0625;104.0;0.1712646484375;-0.591064453125;0.50225830078125;-0.6075439453125;-0.5;0.06700000166893005;-0.32500001788139343;0.5350000262260437;-0.7970000505447388;-0.1990000158548355
740832.0;-0.05900000408291817;-1.124000072479248;-0.6510000228881836;-41.0625;29.0;0.0;158.0;-2488.0;2255.0;145.5;31.375;104.625;0.18560791015625;-0.59283447265625;0.50640869140625;-0.5980224609375;-0.5700000524520874;-0.3150000274181366;-0.4390000104904175;0.5100000500679016;-0.8090000152587891;-0.2110000103712082
740842.0;-0.05900000408291817;-1.124000072479248;-0.6510000228881836;-41.0625;29.0;0.0;266.0;-2499.0;1700.0;142.75;30.0;105.1875;0.19842529296875;-0.5958251953125;0.5084228515625;-0.58917236328125;-0.4020000100135803;-0.20500001311302185;-0.5070000290870667;0.49000000953674316;-0.8190000653266907;-0.22200001776218414
740845.0;-0.05900000408291817;-1.124000072479248;-0.6510000228881836;-41.0625;29.0;0.0;266.0;-2499.0;1700.0;142.75;30.0;105.1875;0.19842529296875;-0.5958251953125;0.5084228515625;-0.58917236328125;-0.4020000100135803;-0.20500001311302185;-0.5070000290870667;0.49000000953674316;-0.8190000653266907;-0.22200001776218414
740855.0;0.08700000494718552;-1.0240000486373901;-0.7300000190734863;-41.0625;29.0;0.0;778.0;-2289.0;1219.0;140.1875;28.9375;105.3125;0.2108154296875;-0.59881591796875;0.50738525390625;-0.582763671875;-0.2670000195503235;-0.16200000047683716;-0.593000054359436;0.4740000367164612;-0.8270000219345093;-0.22700001299381256
740865.0;0.2070000171661377;-0.9900000691413879;-0.8200000524520874;-41.0625;29.0;0.0;617.0;-1948.0;1314.0;137.875;27.8125;105.4375;0.22198486328125;-0.60052490234375;0.50738525390625;-0.57672119140625;-0.2980000078678131;-0.03500000014901161;-0.5420000553131104;0.4580000340938568;-0.8350000381469727;-0.23100000619888306
740875.0;0.1600000113248825;-0.8710000514984131;-0.7740000486373901;-41.0625;29.0;0.0;225.0;-1619.0;1317.0;135.875;26.8125;105.6875;0.2310791015625;-0.60162353515625;0.50897216796875;-0.57061767578125;-0.2680000066757202;-0.16200000047683716;-0.6310000419616699;0.44200003147125244;-0.8420000672340393;-0.2370000183582306
740879.0;0.1600000113248825;-0.8710000514984131;-0.7740000486373901;-41.0625;29.0;0.0;225.0;-1619.0;1317.0;135.875;26.8125;105.6875;0.2310791015625;-0.60162353515625;0.50897216796875;-0.57061767578125;-0.2680000066757202;-0.16200000047683716;-0.6310000419616699;0.44200003147125244;-0.8420000672340393;-0.2370000183582306
740889.0;0.17400000989437103;-1.0049999952316284;-0.8690000176429749;-35.5;34.1875;4.0625;-180.0;-1293.0;691.0;134.625;26.1875;106.125;0.23602294921875;-0.6038818359375;0.5101318359375;-0.565185546875;-0.15800000727176666;-0.26500001549720764;-0.6450000405311584;0.43300002813339233;-0.8450000286102295;-0.24400001764297485
740899.0;0.27400001883506775;-1.1100000143051147;-0.89000004529953;-35.5;34.1875;4.0625;-360.0;-933.0;140.0;134.0;25.9375;106.625;0.23779296875;-0.606689453125;0.510498046875;-0.56103515625;-0.1300000101327896;-0.33400002121925354;-0.690000057220459;0.42900002002716064;-0.8440000414848328;-0.25200000405311584
740909.0;0.2980000078678131;-1.1790000200271606;-0.9430000185966492;-35.5;34.1875;4.0625;-363.0;-650.0;-3.0;133.6875;25.8125;107.0;0.2384033203125;-0.60906982421875;0.5107421875;-0.5579833984375;-0.18200001120567322;-0.5020000338554382;-0.815000057220459;0.4270000159740448;-0.843000054359436;-0.2580000162124634
740913.0;0.24400001764297485;-1.346000075340271;-1.0730000734329224;-35.5;34.1875;4.0625;-391.0;-382.0;33.0;133.5625;25.75;107.375;0.23828125;-0.610595703125;0.51153564453125;-0.5556640625;-0.18200001120567322;-0.5560000538825989;-0.7900000214576721;0.42600002884864807;-0.8420000672340393;-0.2630000114440918
740923.0;0.24300001561641693;-1.3990000486373901;-1.0530000925064087;-35.5;34.1875;4.0625;-391.0;-382.0;33.0;133.5625;25.75;107.375;0.23828125;-0.610595703125;0.51153564453125;-0.5556640625;-0.19500000774860382;-0.5130000114440918;-0.7170000076293945;0.4240000247955322;-0.8420000672340393;-0.2680000066757202
740933.0;0.22800001502037048;-1.3550000190734863;-0.9850000739097595;-32.1875;37.1875;8.25;-476.0;-158.0;208.0;133.5;25.5625;107.6875;0.23779296875;-0.61114501953125;0.51336669921875;-0.5535888671875;-0.2410000115633011;-0.45000001788139343;-0.6630000472068787;0.42100003361701965;-0.8420000672340393;-0.2720000147819519
740943.0;0.18000000715255737;-1.2920000553131104;-0.9350000619888306;-32.1875;37.1875;8.25;-198.0;227.0;184.0;133.625;25.375;107.875;0.2364501953125;-0.60980224609375;0.5169677734375;-0.55224609375;-0.359000027179718;-0.4130000174045563;-0.6060000061988831;0.42000001668930054;-0.8420000672340393;-0.2720000147819519
740947.0;0.18000000715255737;-1.2920000553131104;-0.9350000619888306;-32.1875;37.1875;8.25;-198.0;227.0;184.0;133.625;25.375;107.875;0.2364501953125;-0.60980224609375;0.5169677734375;-0.55224609375;-0.359000027179718;-0.4130000174045563;-0.6060000061988831;0.42000001668930054;-0.8420000672340393;-0.2720000147819519
740957.0;0.06100000441074371;-1.25600004196167;-0.8790000677108765;-32.1875;37.1875;8.25;-198.0;227.0;184.0;133.8125;25.4375;107.75;0.2357177734375;-0.608642578125;0.5172119140625;-0.5535888671875;-0.3970000147819519;-0.40800002217292786;-0.5740000009536743;0.42100003361701965;-0.8420000672340393;-0.27000001072883606
740967.0;0.024000000208616257;-1.2510000467300415;-0.8450000286102295;-32.1875;37.1875;8.25;76.0;353.0;-6.0;134.125;25.625;107.375;0.2353515625;-0.60736083984375;0.515869140625;-0.55645751953125;-0.42600002884864807;-0.3700000047683716;-0.5530000329017639;0.4240000247955322;-0.843000054359436;-0.2639999985694885
740977.0;-0.0010000000474974513;-1.2140001058578491;-0.8170000314712524;-32.1875;37.1875;8.25;435.0;441.0;-190.0;134.125;25.625;107.375;0.2353515625;-0.60736083984375;0.515869140625;-0.55645751953125;-0.42600002884864807;-0.3700000047683716;-0.5530000329017639;0.4240000247955322;-0.843000054359436;-0.2639999985694885
740981.0;-0.024000000208616257;-1.1640000343322754;-0.7980000376701355;-32.1875;37.1875;9.5625;796.0;513.0;-371.0;134.4375;25.9375;106.8125;0.23541259765625;-0.6058349609375;0.512939453125;-0.56072998046875;-0.4540000259876251;-0.320000022649765;-0.5430000424385071;0.42900002002716064;-0.843000054359436;-0.2550000250339508
740991.0;-0.029000001028180122;-1.1030000448226929;-0.7710000276565552;-32.1875;37.1875;9.5625;1013.0;604.0;-550.0;135.375;26.875;105.25;0.23468017578125;-0.6026611328125;0.50439453125;-0.57208251953125;-0.4540000259876251;-0.26200002431869507;-0.5290000438690186;0.4440000355243683;-0.843000054359436;-0.23000000417232513
741001.0;-0.010000000707805157;-1.1060000658035278;-0.7590000629425049;-32.1875;37.1875;9.5625;1058.0;734.0;-704.0;135.375;26.875;105.25;0.2330322265625;-0.6009521484375;0.49993896484375;-0.5784912109375;-0.44300001859664917;-0.25699999928474426;-0.5049999952316284;0.453000009059906;-0.8410000205039978;-0.21700000762939453
741011.0;0.009000000543892384;-1.099000096321106;-0.7230000495910645;-32.1875;37.1875;9.5625;978.0;875.0;-817.0;136.0625;27.5;104.5;0.2298583984375;-0.599365234375;0.4951171875;-0.58551025390625;-0.3750000298023224;-0.26100000739097595;-0.4410000145435333;0.4650000333786011;-0.8380000591278076;-0.20400001108646393
741015.0;0.009000000543892384;-1.099000096321106;-0.7230000495910645;-32.1875;37.1875;9.5625;978.0;875.0;-817.0;136.0625;27.5;104.5;0.2298583984375;-0.599365234375;0.4951171875;-0.58551025390625;-0.3750000298023224;-0.26100000739097595;-0.4410000145435333;0.4650000333786011;-0.8380000591278076;-0.20400001108646393
741025.0;0.08900000154972076;-1.099000096321106;-0.6450000405311584;-32.1875;37.1875;9.5625;905.0;1052.0;-1048.0;137.125;28.25;103.6875;0.2298583984375;-0.599365234375;0.4951171875;-0.58551025390625;-0.3750000298023224;-0.26100000739097595;-0.4410000145435333;0.4650000333786011;-0.8380000591278076;-0.20400001108646393
741035.0;0.1210000067949295;-1.1299999952316284;-0.609000027179718;-32.5625;35.6875;7.875;804.0;1254.0;-1322.0;138.4375;29.25;102.875;0.22503662109375;-0.597900390625;0.48992919921875;-0.5931396484375;-0.3570000231266022;-0.29600000381469727;-0.4180000126361847;0.4790000319480896;-0.8330000638961792;-0.19100001454353333
741045.0;0.12600000202655792;-1.1140000820159912;-0.5770000219345093;-32.5625;35.6875;7.875;687.0;1432.0;-1644.0;140.0625;30.375;102.125;0.21044921875;-0.59576416015625;0.4786376953125;-0.609619140625;-0.4130000174045563;-0.24900001287460327;-0.4090000092983246;0.5139999985694885;-0.8180000185966492;-0.164000004529953
741049.0;0.12600000202655792;-1.1140000820159912;-0.5770000219345093;-32.5625;35.6875;7.875;687.0;1432.0;-1644.0;140.0625;30.375;102.125;0.21044921875;-0.59576416015625;0.4786376953125;-0.609619140625;-0.4130000174045563;-0.24900001287460327;-0.4090000092983246;0.5139999985694885;-0.8180000185966492;-0.164000004529953
741059.0;0.10100000351667404;-1.0670000314712524;-0.5740000009536743;-32.5625;35.6875;7.875;548.0;1548.0;-1777.0;141.875;31.625;101.375;0.21044921875;-0.59576416015625;0.4786376953125;-0.609619140625;-0.42100003361701965;-0.30400002002716064;-0.4050000309944153;0.5320000052452087;-0.8090000152587891;-0.1510000079870224
741069.0;0.11000000685453415;-1.1130000352859497;-0.5560000538825989;-32.5625;35.6875;7.875;480.0;1630.0;-1756.0;143.75;32.875;100.5625;0.20220947265625;-0.5943603515625;0.473388671875;-0.61785888671875;-0.4240000247955322;-0.29200002551078796;-0.39500001072883606;0.550000011920929;-0.7990000247955322;-0.1380000114440918
741079.0;0.125;-1.0910000801086426;-0.5330000519752502;-32.5625;35.6875;7.875;503.0;1628.0;-1812.0;145.5625;34.125;99.75;0.19378662109375;-0.593017578125;0.46771240234375;-0.6260986328125;-0.4240000247955322;-0.29200002551078796;-0.39500001072883606;0.550000011920929;-0.7990000247955322;-0.1380000114440918
741084.0;0.12300000339746475;-1.037000060081482;-0.5080000162124634;-34.75;35.25;3.75;562.0;1612.0;-1763.0;147.3125;35.3125;98.875;0.1856689453125;-0.5914306640625;0.46197509765625;-0.63427734375;-0.44300001859664917;-0.24700000882148743;-0.3840000033378601;0.5670000314712524;-0.7900000214576721;-0.12300000339746475
741094.0;0.12300000339746475;-1.0230000019073486;-0.4910000264644623;-34.75;35.25;3.75;682.0;1609.0;-1654.0;148.9375;36.4375;97.875;0.1783447265625;-0.58935546875;0.4560546875;-0.642578125;-0.45900002121925354;-0.242000013589859;-0.38200002908706665;0.5980000495910645;-0.7710000276565552;-0.09200000762939453
741104.0;0.13300000131130219;-0.9450000524520874;-0.4540000259876251;-34.75;35.25;3.75;751.0;1587.0;-1704.0;150.5;37.625;96.8125;0.17108154296875;-0.5872802734375;0.44964599609375;-0.65087890625;-0.4650000333786011;-0.17400000989437103;-0.36100003123283386;0.6150000095367432;-0.7600000500679016;-0.07400000095367432
741114.0;0.14400000870227814;-0.9470000267028809;-0.4690000116825104;-34.75;35.25;3.75;908.0;1617.0;-1843.0;152.125;38.8125;95.5625;0.1636962890625;-0.58526611328125;0.4422607421875;-0.65960693359375;-0.4700000286102295;-0.18700000643730164;-0.39400002360343933;0.6310000419616699;-0.7480000257492065;-0.05400000140070915
741124.0;0.14300000667572021;-0.9550000429153442;-0.47300001978874207;-34.75;35.25;3.75;1115.0;1649.0;-1877.0;153.5625;40.0625;94.1875;0.15673828125;-0.5828857421875;0.4339599609375;-0.66888427734375;-0.4870000183582306;-0.20600001513957977;-0.4190000295639038;0.6310000419616699;-0.7480000257492065;-0.05400000140070915
741134.0;0.1290000081062317;-0.909000039100647;-0.4400000274181366;-39.875;31.5625;-0.25;1261.0;1635.0;-1850.0;155.0;41.1875;92.625;0.15032958984375;-0.5802001953125;0.42510986328125;-0.67828369140625;-0.5170000195503235;-0.1730000078678131;-0.406000018119812;0.6460000276565552;-0.7360000610351562;-0.03400000184774399
741136.0;0.1290000081062317;-0.909000039100647;-0.4400000274181366;-39.875;31.5625;-0.25;1261.0;1635.0;-1850.0;155.0;41.1875;92.625;0.15032958984375;-0.5802001953125;0.42510986328125;-0.67828369140625;-0.5170000195503235;-0.1730000078678131;-0.406000018119812;0.6460000276565552;-0.7360000610351562;-0.03400000184774399
741146.0;0.15800000727176666;-0.8160000443458557;-0.4020000100135803;-39.875;31.5625;-0.25;1344.0;1616.0;-1849.0;156.3125;42.375;90.9375;0.1441650390625;-0.57745361328125;0.41583251953125;-0.6876220703125;-0.5020000338554382;-0.09200000762939453;-0.39000001549720764;0.6610000133514404;-0.7240000367164612;-0.012000000104308128
741156.0;0.19100001454353333;-0.7910000085830688;-0.37700000405311584;-39.875;31.5625;-0.25;1346.0;1624.0;-1952.0;157.625;43.5625;89.25;0.13763427734375;-0.57476806640625;0.40618896484375;-0.69696044921875;-0.484000027179718;-0.08000000566244125;-0.38600000739097595;0.6760000586509705;-0.7100000381469727;0.009000000543892384
741166.0;0.21000000834465027;-0.7690000534057617;-0.3360000252723694;-39.875;31.5625;-0.25;1327.0;1706.0;-2171.0;159.125;44.8125;87.375;0.12994384765625;-0.57208251953125;0.39593505859375;-0.7064208984375;-0.48100003600120544;-0.07400000095367432;-0.367000013589859;0.6910000443458557;-0.6940000057220459;0.03100000135600567
741169.0;0.21000000834465027;-0.7690000534057617;-0.3360000252723694;-39.875;31.5625;-0.25;1327.0;1706.0;-2171.0;159.125;44.8125;87.375;0.12994384765625;-0.57208251953125;0.39593505859375;-0.7064208984375;-0.48100003600120544;-0.07400000095367432;-0.367000013589859;0.6910000443458557;-0.6940000057220459;0.03100000135600567
741179.0;0.21400001645088196;-0.7970000505447388;-0.3070000112056732;-39.875;31.5625;-0.25;1375.0;1844.0;-2421.0;160.75;46.25;85.3125;0.1212158203125;-0.56927490234375;0.38470458984375;-0.7164306640625;-0.4930000305175781;-0.1210000067949295;-0.3620000183582306;0.7080000042915344;-0.675000011920929;0.05400000140070915
741189.0;0.20400001108646393;-0.8070000410079956;-0.29600000381469727;-41.75;29.0;-6.0625;1517.0;1968.0;-2593.0;162.4375;47.6875;83.0;0.1119384765625;-0.56597900390625;0.372314453125;-0.72698974609375;-0.5200000405311584;-0.15200001001358032;-0.37700000405311584;0.7250000238418579;-0.6550000309944153;0.08000000566244125
741199.0;0.18200001120567322;-0.7920000553131104;-0.2990000247955322;-41.75;29.0;-6.0625;1672.0;2054.0;-2642.0;164.125;49.0625;80.3125;0.10272216796875;-0.56219482421875;0.35919189453125;-0.73779296875;-0.5580000281333923;-0.15900000929832458;-0.406000018119812;0.7410000562667847;-0.6330000162124634;0.10700000822544098
741209.0;0.17100000381469727;-0.7800000309944153;-0.3140000104904175;-41.75;29.0;-6.0625;1772.0;2157.0;-2627.0;165.6875;50.375;77.375;0.09368896484375;-0.5577392578125;0.3455810546875;-0.74884033203125;-0.5840000510215759;-0.17000000178813934;-0.45000001788139343;0.7550000548362732;-0.6100000143051147;0.13600000739097595
741219.0;0.1420000046491623;-0.6720000505447388;-0.27000001072883606;-41.75;29.0;-6.0625;1763.0;2158.0;-2542.0;167.1875;51.5625;74.25;0.0848388671875;-0.5528564453125;0.33209228515625;-0.759521484375;-0.625;-0.08500000089406967;-0.4350000321865082;0.7680000066757202;-0.5860000252723694;0.164000004529953
741222.0;0.14100000262260437;-0.6160000562667847;-0.2630000114440918;-41.75;29.0;-6.0625;1688.0;2104.0;-2413.0;168.625;52.5625;71.125;0.076416015625;-0.54779052734375;0.3192138671875;-0.76959228515625;-0.6360000371932983;-0.052000001072883606;-0.45500001311302185;0.7780000567436218;-0.5630000233650208;0.19200000166893005
741232.0;0.14100000262260437;-0.6160000562667847;-0.2630000114440918;-44.75;22.375;-11.0;1537.0;2001.0;-2352.0;170.0;53.5;68.0625;0.06793212890625;-0.54290771484375;0.306884765625;-0.77874755859375;-0.625;-0.04100000113248825;-0.46800002455711365;0.7880000472068787;-0.5410000085830688;0.21700000762939453
741242.0;0.20500001311302185;-0.5430000424385071;-0.23800000548362732;-44.75;22.375;-11.0;1308.0;1914.0;-2343.0;171.4375;54.3125;65.0;0.05889892578125;-0.53826904296875;0.29541015625;-0.787109375;-0.5910000205039978;-0.024000000208616257;-0.4790000319480896;0.796000063419342;-0.5180000066757202;0.2410000115633011
741252.0;0.28600001335144043;-0.5049999952316284;-0.20900000631809235;-44.75;22.375;-11.0;1074.0;1908.0;-2311.0;172.875;55.0625;62.0;0.04937744140625;-0.53350830078125;0.28497314453125;-0.7947998046875;-0.5170000195503235;-0.009000000543892384;-0.47200003266334534;0.8040000200271606;-0.49500003457069397;0.2630000114440918
741262.0;0.28600001335144043;-0.5049999952316284;-0.20900000631809235;-44.75;22.375;-11.0;875.0;2016.0;-2255.0;174.375;55.625;59.0;0.03936767578125;-0.5281982421875;0.275390625;-0.80224609375;-0.5130000114440918;-0.039000000804662704;-0.48500001430511475;0.8090000152587891;-0.4740000367164612;0.2840000092983246
741272.0;0.29600000381469727;-0.5130000114440918;-0.20100000500679016;-44.75;22.375;-11.0;754.0;2189.0;-2157.0;175.875;56.0;55.8125;0.02911376953125;-0.52178955078125;0.2666015625;-0.809814453125;-0.5230000019073486;-0.08300000429153442;-0.531000018119812;0.8130000233650208;-0.453000009059906;0.3070000112056732
741272.0;0.29600000381469727;-0.5130000114440918;-0.20100000500679016;-44.75;22.375;-11.0;754.0;2189.0;-2157.0;175.875;56.0;55.8125;0.02911376953125;-0.52178955078125;0.2666015625;-0.809814453125;-0.5230000019073486;-0.08300000429153442;-0.531000018119812;0.8130000233650208;-0.453000009059906;0.3070000112056732
741282.0;0.2900000214576721;-0.5360000133514404;-0.2240000069141388;-44.75;22.375;-11.0;754.0;2189.0;-2157.0;177.3125;56.1875;52.625;0.0189208984375;-0.51446533203125;0.2584228515625;-0.81744384765625;-0.5420000553131104;-0.0950000062584877;-0.5870000123977661;0.815000057220459;-0.43300002813339233;0.33000001311302185
741292.0;0.2720000147819519;-0.527999997138977;-0.25699999928474426;-45.5;14.875;-18.375;701.0;2336.0;-2039.0;178.6875;56.1875;49.4375;0.00909423828125;-0.50665283203125;0.25030517578125;-0.824951171875;-0.5590000152587891;-0.05900000408291817;-0.5850000381469727;0.815000057220459;-0.4140000343322754;0.3540000021457672
741302.0;0.2550000250339508;-0.47300001978874207;-0.23100000619888306;-45.5;14.875;-18.375;659.0;2465.0;-1937.0;180.0625;56.0625;46.1875;-0.0008544921875;-0.49835205078125;0.24237060546875;-0.8323974609375;-0.5770000219345093;-0.015000000596046448;-0.5610000491142273;0.8140000104904175;-0.39400002360343933;0.37800002098083496
741312.0;0.23600001633167267;-0.4090000092983246;-0.18300001323223114;-45.5;14.875;-18.375;518.0;2538.0;-1984.0;181.5625;55.8125;43.0;-0.011474609375;-0.48968505859375;0.23480224609375;-0.839599609375;-0.6160000562667847;0.026000000536441803;-0.49500003457069397;0.8110000491142273;-0.3750000298023224;0.4020000100135803
741322.0;0.19500000774860382;-0.3490000069141388;-0.09300000220537186;-45.5;14.875;-18.375;292.0;2644.0;-2077.0;183.125;55.4375;39.875;-0.023193359375;-0.48046875;0.2279052734375;-0.8465576171875;-0.703000009059906;0.07900000363588333;-0.4050000309944153;0.8080000281333923;-0.35600000619888306;0.42500001192092896
741324.0;0.19500000774860382;-0.3490000069141388;-0.09300000220537186;-45.5;14.875;-18.375;292.0;2644.0;-2077.0;183.125;55.4375;39.875;-0.023193359375;-0.48046875;0.2279052734375;-0.8465576171875;-0.703000009059906;0.07900000363588333;-0.4050000309944153;0.8080000281333923;-0.35600000619888306;0.42500001192092896
741334.0;0.10400000214576721;-0.2770000100135803;0.020000001415610313;-45.5;14.875;-18.375;292.0;2644.0;-2077.0;183.125;55.4375;39.875;-0.03594970703125;-0.47052001953125;0.22149658203125;-0.8533935546875;-0.7100000381469727;0.055000003427267075;-0.4220000207424164;0.8030000329017639;-0.3370000123977661;0.45000001788139343
741344.0;0.09200000762939453;-0.28200000524520874;0.027000000700354576;-45.875;9.6875;-22.1875;128.0;2794.0;-2173.0;184.8125;54.9375;36.8125;-0.04901123046875;-0.460205078125;0.21478271484375;-0.86004638671875;-0.7200000286102295;0.01900000125169754;-0.4240000247955322;0.796000063419342;-0.31800001859664917;0.4740000367164612
741354.0;0.07600000500679016;-0.2980000078678131;0.05000000074505806;-45.875;9.6875;-22.1875;277.0;2882.0;-2270.0;188.125;53.5625;30.75;-0.06195068359375;-0.44970703125;0.20721435546875;-0.8665771484375;-0.7270000576972961;-0.018000001087784767;-0.4300000071525574;0.7890000343322754;-0.2970000207424164;0.49900001287460327
741357.0;0.07600000500679016;-0.2980000078678131;0.05000000074505806;-45.875;9.6875;-22.1875;277.0;2882.0;-2270.0;188.125;53.5625;30.75;-0.06195068359375;-0.44970703125;0.20721435546875;-0.8665771484375;-0.7270000576972961;-0.018000001087784767;-0.4300000071525574;0.7890000343322754;-0.2970000207424164;0.49900001287460327
741367.0;0.06100000441074371;-0.3160000145435333;0.0690000057220459;-45.875;9.6875;-22.1875;620.0;2857.0;-2287.0;189.6875;52.75;27.625;-0.07403564453125;-0.439208984375;0.197998046875;-0.8731689453125;-0.6800000071525574;-0.04000000283122063;-0.3620000183582306;0.7800000309944153;-0.2750000059604645;0.5250000357627869
741377.0;0.10000000149011612;-0.3160000145435333;0.16200000047683716;-45.875;9.6875;-22.1875;620.0;2857.0;-2287.0;191.0;51.875;24.4375;-0.0848388671875;-0.42919921875;0.18658447265625;-0.879638671875;-0.6450000405311584;-0.03700000047683716;-0.32600000500679016;0.7710000276565552;-0.25;0.5509999990463257
741387.0;0.12600000202655792;-0.2880000174045563;0.2240000069141388;-45.875;9.6875;-22.1875;1094.0;2763.0;-2278.0;191.0;51.875;24.4375;-0.0848388671875;-0.42919921875;0.18658447265625;-0.879638671875;-0.6450000405311584;-0.03700000047683716;-0.32600000500679016;0.7600000500679016;-0.22200001776218414;0.5770000219345093
741397.0;0.14600001275539398;-0.2510000169277191;0.27400001883506775;-43.25;3.375;-28.5625;1614.0;2737.0;-2295.0;192.125;50.875;21.0;-0.09454345703125;-0.41937255859375;0.172607421875;-0.88623046875;-0.6140000224113464;-0.029000001028180122;-0.3020000159740448;0.7600000500679016;-0.22200001776218414;0.5770000219345093
741407.0;0.14900000393390656;-0.22800001502037048;0.3070000112056732;-43.25;3.375;-28.5625;2114.0;2733.0;-2372.0;194.1875;48.625;13.6875;-0.11199951171875;-0.40032958984375;0.13714599609375;-0.89910888671875;-0.6190000176429749;-0.03800000250339508;-0.2939999997615814;0.7360000610351562;-0.15300001204013824;0.6290000081062317
741411.0;0.11600000411272049;-0.19200000166893005;0.33400002121925354;-43.25;3.375;-28.5625;2537.0;2698.0;-2518.0;195.125;47.4375;9.8125;-0.12060546875;-0.3916015625;0.11602783203125;-0.90478515625;-0.6350000500679016;-0.04800000041723251;-0.30800002813339233;0.7220000624656677;-0.11300000548362732;0.6530000567436218
741421.0;0.0860000029206276;-0.16100001335144043;0.3450000286102295;-43.25;3.375;-28.5625;2902.0;2596.0;-2717.0;195.125;47.4375;9.8125;-0.12933349609375;-0.38360595703125;0.09295654296875;-0.90966796875;-0.6480000019073486;-0.05700000375509262;-0.31300002336502075;0.7070000171661377;-0.06800000369548798;0.675000011920929
741431.0;0.05900000408291817;-0.125;0.36100003123283386;-43.25;3.375;-28.5625;3231.0;2452.0;-2918.0;196.125;46.1875;5.75;-0.12933349609375;-0.38360595703125;0.09295654296875;-0.90966796875;-0.6480000019073486;-0.05700000375509262;-0.31300002336502075;0.7070000171661377;-0.06800000369548798;0.675000011920929
741441.0;0.009000000543892384;0.0;0.30800002813339233;-38.375;-3.25;-33.5;3525.0;2279.0;-3125.0;197.1875;44.9375;1.625;-0.13824462890625;-0.37646484375;0.068115234375;-0.91351318359375;-0.6830000281333923;0.020000001415610313;-0.3840000033378601;0.6920000314712524;-0.020000001415610313;0.6930000185966492
741451.0;0.0;0.10100000351667404;0.27400001883506775;-38.375;-3.25;-33.5;3747.0;2097.0;-3320.0;198.25;43.625;-2.5625;-0.1571044921875;-0.36407470703125;0.01470947265625;-0.91790771484375;-0.6630000472068787;0.11400000751018524;-0.4660000205039978;0.6600000262260437;0.08500000089406967;0.7200000286102295
741461.0;-0.003000000026077032;0.20000000298023224;0.25300002098083496;-38.375;-3.25;-33.5;3891.0;1993.0;-3483.0;199.375;42.25;-6.75;-0.16705322265625;-0.35772705078125;-0.01300048828125;-0.918701171875;-0.6480000019073486;0.14100000262260437;-0.4930000305175781;0.64000004529953;0.14000000059604645;0.7290000319480896
741462.0;-0.003000000026077032;0.20000000298023224;0.25300002098083496;-38.375;-3.25;-33.5;3891.0;1993.0;-3483.0;199.375;42.25;-6.75;-0.16705322265625;-0.35772705078125;-0.01300048828125;-0.918701171875;-0.6480000019073486;0.14100000262260437;-0.4930000305175781;0.64000004529953;0.14000000059604645;0.7290000319480896
741472.0;-0.007000000216066837;0.28200000524520874;0.23600001633167267;-38.375;-3.25;-33.5;3950.0;2020.0;-3602.0;200.5625;40.75;-10.875;-0.177490234375;-0.35028076171875;-0.041015625;-0.91876220703125;-0.6840000152587891;0.18300001323223114;-0.4700000286102295;0.6160000562667847;0.19500000774860382;0.7360000610351562
741482.0;-0.06700000166893005;0.3790000081062317;0.26500001549720764;-38.375;-3.25;-33.5;3927.0;2163.0;-3732.0;201.8125;38.9375;-14.875;-0.177490234375;-0.35028076171875;-0.041015625;-0.91876220703125;-0.6840000152587891;0.18300001323223114;-0.4700000286102295;0.6160000562667847;0.19500000774860382;0.7360000610351562
741492.0;-0.12200000882148743;0.43800002336502075;0.3110000193119049;-33.1875;-13.25;-36.375;3829.0;2298.0;-3881.0;203.1875;36.9375;-18.625;-0.18865966796875;-0.3416748046875;-0.06884765625;-0.9180908203125;-0.7120000123977661;0.18800000846385956;-0.4300000071525574;0.5890000462532043;0.25;0.7420000433921814
741495.0;-0.12200000882148743;0.43800002336502075;0.3110000193119049;-33.1875;-13.25;-36.375;3829.0;2298.0;-3881.0;203.1875;36.9375;-18.625;-0.18865966796875;-0.3416748046875;-0.06884765625;-0.9180908203125;-0.7120000123977661;0.18800000846385956;-0.4300000071525574;0.5890000462532043;0.25;0.7420000433921814
741505.0;-0.17800000309944153;0.503000020980835;0.3400000035762787;-33.1875;-13.25;-36.375;3667.0;2423.0;-4014.0;204.625;34.75;-22.125;-0.2005615234375;-0.33197021484375;-0.09625244140625;-0.91668701171875;-0.737000048160553;0.1990000158548355;-0.4050000309944153;0.5240000486373901;0.35500001907348633;0.7480000257492065
741515.0;-0.22500000894069672;0.5550000071525574;0.3530000150203705;-33.1875;-13.25;-36.375;3492.0;2556.0;-4185.0;206.25;32.3125;-25.3125;-0.2132568359375;-0.32098388671875;-0.12310791015625;-0.91448974609375;-0.8060000538825989;0.1680000126361847;-0.35500001907348633;0.48500001430511475;0.40400001406669617;0.7500000596046448
741525.0;-0.32100000977516174;0.5730000138282776;0.39400002360343933;-33.1875;-13.25;-36.375;3289.0;2701.0;-4417.0;207.9375;29.625;-28.3125;-0.22711181640625;-0.30865478515625;-0.14947509765625;-0.9114990234375;-0.8060000538825989;0.1680000126361847;-0.35500001907348633;0.4410000145435333;0.4520000219345093;0.7500000596046448
741535.0;-0.3840000033378601;0.5550000071525574;0.4270000159740448;-33.1875;-13.25;-36.375;3048.0;2855.0;-4755.0;209.9375;26.6875;-31.0625;-0.24267578125;-0.29461669921875;-0.1751708984375;-0.90753173828125;-0.8250000476837158;0.10300000756978989;-0.3230000138282776;0.4410000145435333;0.4520000219345093;0.7500000596046448
741545.0;-0.453000009059906;0.5360000133514404;0.4480000138282776;-25.0;-25.5;-34.0;2771.0;2964.0;-5138.0;212.125;23.5;-33.5;-0.26007080078125;-0.279052734375;-0.20013427734375;-0.9024658203125;-0.8450000286102295;0.04000000283122063;-0.30000001192092896;0.39100003242492676;0.4960000216960907;0.7490000128746033
741545.0;-0.453000009059906;0.5360000133514404;0.4480000138282776;-25.0;-25.5;-34.0;2771.0;2964.0;-5138.0;212.125;23.5;-33.5;-0.26007080078125;-0.279052734375;-0.20013427734375;-0.9024658203125;-0.8450000286102295;0.04000000283122063;-0.30000001192092896;0.39100003242492676;0.4960000216960907;0.7490000128746033
741555.0;-0.628000020980835;0.49400001764297485;0.41200003027915955;-25.0;-25.5;-34.0;2488.0;3011.0;-5516.0;214.625;20.125;-35.6875;-0.27935791015625;-0.26214599609375;-0.22412109375;-0.8961181640625;-0.9660000205039978;-0.04200000315904617;-0.33500000834465027;0.3370000123977661;0.5370000004768372;0.7470000386238098
741565.0;-0.7230000495910645;0.4870000183582306;0.3580000102519989;-25.0;-25.5;-34.0;2227.0;3029.0;-5906.0;217.3125;16.5;-37.625;-0.3004150390625;-0.24395751953125;-0.24713134765625;-0.88836669921875;-1.003000020980835;-0.0860000029206276;-0.3850000202655792;0.27900001406669617;0.5740000009536743;0.7440000176429749
741575.0;-0.8050000667572021;0.484000027179718;0.3400000035762787;-25.0;-25.5;-34.0;1988.0;3039.0;-6277.0;220.3125;12.75;-39.3125;-0.32305908203125;-0.2244873046875;-0.2691650390625;-0.87908935546875;-1.0220000743865967;-0.12200000882148743;-0.39900001883506775;0.2160000056028366;0.6060000061988831;0.7390000224113464
741585.0;-0.8700000643730164;0.49400001764297485;0.3850000202655792;-25.0;-25.5;-34.0;1722.0;3071.0;-6615.0;223.5625;8.75;-40.6875;-0.34710693359375;-0.20361328125;-0.28997802734375;-0.8682861328125;-1.0190000534057617;-0.13700000941753387;-0.34800001978874207;0.14900000393390656;0.6320000290870667;0.734000027179718
741595.0;-1.0080000162124634;0.5330000519752502;0.5840000510215759;-11.5625;-36.1875;-31.375;1373.0;3068.0;-6906.0;227.0;4.5625;-41.75;-0.37225341796875;-0.18133544921875;-0.30908203125;-0.85614013671875;-1.0870000123977661;-0.11800000816583633;-0.14400000870227814;0.07800000160932541;0.6510000228881836;0.7280000448226929
741597.0;-1.0080000162124634;0.5330000519752502;0.5840000510215759;-11.5625;-36.1875;-31.375;1373.0;3068.0;-6906.0;227.0;4.5625;-41.75;-0.37225341796875;-0.18133544921875;-0.30908203125;-0.85614013671875;-1.0870000123977661;-0.11800000816583633;-0.14400000870227814;0.07800000160932541;0.6510000228881836;0.7280000448226929
741607.0;-1.1040000915527344;0.578000009059906;0.6940000057220459;-11.5625;-36.1875;-31.375;944.0;3076.0;-7154.0;230.5625;0.3125;-42.4375;-0.39837646484375;-0.157470703125;-0.32598876953125;-0.8427734375;-1.1100000143051147;-0.08300000429153442;-0.02800000086426735;0.005000000353902578;0.6610000133514404;0.7230000495910645
741617.0;-1.215000033378601;0.6150000095367432;0.7570000290870667;-11.5625;-36.1875;-31.375;533.0;3051.0;-7416.0;234.3125;-4.0;-42.6875;-0.42529296875;-0.13214111328125;-0.34063720703125;-0.82806396484375;-1.1460000276565552;-0.04800000041723251;0.03800000250339508;-0.0690000057220459;0.6630000472068787;0.718000054359436
741627.0;-1.3320000171661377;0.6260000467300415;0.7940000295639038;-11.5625;-36.1875;-31.375;250.0;3039.0;-7659.0;238.25;-8.5;-42.5625;-0.45269775390625;-0.1055908203125;-0.353515625;-0.811767578125;-1.186000108718872;-0.029000001028180122;0.08100000023841858;-0.14500001072883606;0.656000018119812;0.7130000591278076
741637.0;-1.5040000677108765;0.5460000038146973;0.8300000429153442;-11.5625;-36.1875;-31.375;202.0;3037.0;-7779.0;242.25;-13.0625;-42.25;-0.47979736328125;-0.07843017578125;-0.36566162109375;-0.793701171875;-1.2820000648498535;-0.09600000083446503;0.12400000542402267;-0.22100001573562622;0.6430000066757202;0.706000030040741
741642.0;-1.6110000610351562;0.492000013589859;0.8080000281333923;7.6875;-38.875;-28.875;515.0;3006.0;-7738.0;246.3125;-17.5625;-42.0;-0.50567626953125;-0.05218505859375;-0.3782958984375;-0.77362060546875;-1.315000057220459;-0.13199999928474426;0.11400000751018524;-0.29600000381469727;0.625;0.6940000057220459
741652.0;-1.6540000438690186;0.46800002455711365;0.7690000534057617;7.6875;-38.875;-28.875;1334.0;2957.0;-7244.0;250.1875;-21.8125;-42.0625;-0.52850341796875;-0.0291748046875;-0.39324951171875;-0.75177001953125;-1.2890000343322754;-0.14100000262260437;0.09300000220537186;-0.36400002241134644;0.6100000143051147;0.675000011920929
741662.0;-1.4780000448226929;0.4650000333786011;0.7250000238418579;7.6875;-38.875;-28.875;2500.0;2956.0;-7087.0;254.1875;-26.0;-42.6875;-0.54962158203125;-0.0096435546875;-0.41217041015625;-0.7265625;-1.0480000972747803;-0.13199999928474426;0.07800000160932541;-0.4300000071525574;0.597000002861023;0.6470000147819519
741672.0;-1.8750001192092896;0.5900000333786011;0.6110000014305115;7.6875;-38.875;-28.875;3569.0;2807.0;-7959.0;259.0;-30.5625;-43.5625;-0.57318115234375;0.008056640625;-0.43389892578125;-0.695068359375;-1.3760000467300415;0.00800000037997961;0.0;-0.49800002574920654;0.5820000171661377;0.6110000014305115
741682.0;-1.9160001277923584;0.5750000476837158;0.5160000324249268;7.6875;-38.875;-28.875;4836.0;2668.0;-7551.0;263.9375;-34.875;-45.125;-0.59429931640625;0.02044677734375;-0.45880126953125;-0.66021728515625;-1.3550000190734863;0.005000000353902578;-0.05000000074505806;-0.5610000491142273;0.5700000524520874;0.5660000443458557
741683.0;-1.9160001277923584;0.5750000476837158;0.5160000324249268;7.6875;-38.875;-28.875;4836.0;2668.0;-7551.0;263.9375;-34.875;-45.125;-0.59429931640625;0.02044677734375;-0.45880126953125;-0.66021728515625;-1.3550000190734863;0.005000000353902578;-0.05000000074505806;-0.5610000491142273;0.5700000524520874;0.5660000443458557
741693.0;-1.9160001277923584;0.5750000476837158;0.5160000324249268;7.6875;-38.875;-28.875;5648.0;2378.0;-6480.0;268.625;-38.6875;-47.3125;-0.61102294921875;0.0267333984375;-0.4847412109375;-0.625244140625;-1.3390001058578491;0.1510000079870224;-0.05400000140070915;-0.6130000352859497;0.562000036239624;0.5180000066757202
741703.0;-1.9530000686645508;0.7130000591278076;0.46400001645088196;27.25;-34.0625;-24.75;5815.0;1983.0;-6081.0;273.375;-42.25;-49.5;-0.626220703125;0.030029296875;-0.50897216796875;-0.58984375;-1.2110000848770142;0.5690000057220459;-0.11400000751018524;-0.659000039100647;0.5509999990463257;0.4700000286102295
741713.0;-1.871000051498413;1.121000051498413;0.35600000619888306;27.25;-34.0625;-24.75;5525.0;1643.0;-6438.0;278.5;-45.875;-51.1875;-0.64202880859375;0.03411865234375;-0.530029296875;-0.55291748046875;-1.0860000848770142;0.7070000171661377;-0.09700000286102295;-0.7040000557899475;0.531000018119812;0.4270000159740448
741723.0;-1.7910001277923584;1.2390000820159912;0.3290000259876251;27.25;-34.0625;-24.75;4935.0;1514.0;-6720.0;283.8125;-49.625;-52.1875;-0.65765380859375;0.04058837890625;-0.54779052734375;-0.5155029296875;-0.9380000233650208;0.7660000324249268;-0.08100000023841858;-0.7470000386238098;0.5010000467300415;0.3880000114440918
741733.0;-1.6850000619888306;1.2680000066757202;0.3070000112056732;27.25;-34.0625;-24.75;4205.0;1485.0;-6354.0;288.75;-53.25;-52.6875;-0.6710205078125;0.04840087890625;-0.56256103515625;-0.4805908203125;-0.8440000414848328;0.7380000352859497;-0.03400000184774399;-0.7850000262260437;0.4660000205039978;0.35500001907348633
741738.0;-1.6850000619888306;1.2680000066757202;0.3070000112056732;27.25;-34.0625;-24.75;4205.0;1485.0;-6354.0;288.75;-53.25;-52.6875;-0.6710205078125;0.04840087890625;-0.56256103515625;-0.4805908203125;-0.8440000414848328;0.7380000352859497;-0.03400000184774399;-0.7850000262260437;0.4660000205039978;0.35500001907348633
741748.0;-1.630000114440918;1.2050000429153442;0.320000022649765;27.25;-34.0625;-24.75;4205.0;1485.0;-6354.0;293.0;-56.375;-52.875;-0.68115234375;0.05572509765625;-0.574462890625;-0.45050048828125;-0.7800000309944153;0.6320000290870667;-0.012000000104308128;-0.8160000443458557;0.43300002813339233;0.3270000219345093
741758.0;-1.596000075340271;1.065000057220459;0.3140000104904175;40.25;-27.0625;-12.875;3448.0;1374.0;-5419.0;293.0;-56.375;-52.875;-0.68853759765625;0.061767578125;-0.58367919921875;-0.4259033203125;-0.7870000600814819;0.6490000486373901;0.036000002175569534;-0.8390000462532043;0.40400001406669617;0.30400002002716064
741768.0;-1.627000093460083;1.0530000925064087;0.3410000205039978;40.25;-27.0625;-12.875;2149.0;936.0;-3499.0;299.3125;-60.9375;-52.8125;-0.69403076171875;0.06683349609375;-0.59063720703125;-0.40618896484375;-0.7940000295639038;0.6490000486373901;0.03100000135600567;-0.8570000529289246;0.3790000081062317;0.28700000047683716
741778.0;-1.6510000228881836;1.0290000438690186;0.31800001859664917;40.25;-27.0625;-12.875;1509.0;717.0;-2787.0;301.5;-62.5;-52.4375;-0.69818115234375;0.07147216796875;-0.595458984375;-0.39093017578125;-0.7680000066757202;0.6070000529289246;0.0010000000474974513;-0.8700000643730164;0.3580000102519989;0.2750000059604645
741786.0;-1.6380001306533813;0.9650000333786011;0.2760000228881836;40.25;-27.0625;-12.875;651.0;658.0;-2484.0;303.125;-63.9375;-51.625;-0.701416015625;0.0782470703125;-0.59820556640625;-0.37945556640625;-0.6340000033378601;0.5730000138282776;-0.03800000250339508;-0.8810000419616699;0.3370000123977661;0.26600000262260437
741796.0;-1.5150001049041748;0.9110000729560852;0.22800001502037048;40.25;-27.0625;-12.875;651.0;658.0;-2484.0;303.125;-63.9375;-51.625;-0.701416015625;0.0782470703125;-0.59820556640625;-0.37945556640625;-0.5640000104904175;0.5890000462532043;-0.032999999821186066;-0.893000066280365;0.3100000023841858;0.2600000202655792
741806.0;-1.4570000171661377;0.9000000357627869;0.22600001096725464;47.6875;-14.25;-5.5;-284.0;815.0;-2772.0;304.5625;-65.5625;-50.0625;-0.7042236328125;0.08966064453125;-0.59942626953125;-0.36968994140625;-0.5200000405311584;0.578000009059906;-0.02200000174343586;-0.906000018119812;0.2760000228881836;0.25200000405311584
741816.0;-1.4260001182556152;0.8550000190734863;0.2290000170469284;47.6875;-14.25;-5.5;-955.0;1076.0;-3338.0;307.625;-69.6875;-44.125;-0.70892333984375;0.125;-0.6002197265625;-0.3486328125;-0.550000011920929;0.4440000355243683;0.024000000208616257;-0.9200000166893005;0.23600001633167267;0.24300001561641693
741826.0;-1.4700000286102295;0.6810000538825989;0.2670000195503235;47.6875;-14.25;-5.5;-1233.0;1317.0;-3810.0;309.375;-71.875;-40.0;-0.711181640625;0.1434326171875;-0.6004638671875;-0.3363037109375;-0.5390000343322754;0.3760000169277191;0.0690000057220459;-0.9320000410079956;0.19500000774860382;0.2330000102519989
741832.0;-1.471000075340271;0.5720000267028809;0.3020000159740448;47.6875;-14.25;-5.5;-1009.0;1288.0;-3886.0;311.1875;-73.6875;-35.875;-0.71331787109375;0.1575927734375;-0.601318359375;-0.32366943359375;-0.5100000500679016;0.31300002336502075;0.08800000697374344;-0.9410000443458557;0.16100001335144043;0.22200001776218414
741842.0;-1.4520000219345093;0.4740000367164612;0.3110000193119049;47.6875;-14.25;-5.5;-345.0;1116.0;-3427.0;311.1875;-73.6875;-35.875;-0.71331787109375;0.1575927734375;-0.601318359375;-0.32366943359375;-0.5100000500679016;0.31300002336502075;0.08800000697374344;-0.9410000443458557;0.16100001335144043;0.22200001776218414
741852.0;-1.436000108718872;0.4230000078678131;0.3100000023841858;51.0;-5.5;-3.375;569.0;1009.0;-2669.0;312.9375;-75.125;-32.6875;-0.7149658203125;0.16583251953125;-0.603759765625;-0.31121826171875;-0.4880000352859497;0.28700000047683716;0.0990000069141388;-0.9470000267028809;0.13500000536441803;0.2110000103712082
741862.0;-1.3870000839233398;0.39100003242492676;0.25600001215934753;51.0;-5.5;-3.375;1494.0;917.0;-2039.0;314.8125;-76.1875;-30.5625;-0.71868896484375;0.1671142578125;-0.61273193359375;-0.2830810546875;-0.4050000309944153;0.28700000047683716;0.021000001579523087;-0.956000030040741;0.10400000214576721;0.18900001049041748
741872.0;-1.3610000610351562;0.3920000195503235;0.21000000834465027;51.0;-5.5;-3.375;2199.0;837.0;-1842.0;316.9375;-77.1875;-28.875;-0.7210693359375;0.16619873046875;-0.6177978515625;-0.26611328125;-0.3320000171661377;0.3830000162124634;0.01600000075995922;-0.9600000381469727;0.08700000494718552;0.1770000010728836
741882.0;-1.2930001020431519;0.4700000286102295;0.1940000057220459;51.0;-5.5;-3.375;2437.0;902.0;-2176.0;319.4375;-78.3125;-26.125;-0.72314453125;0.16668701171875;-0.62298583984375;-0.247314453125;-0.34200000762939453;0.4010000228881836;-0.0010000000474974513;-0.9640000462532043;0.0650000050663948;0.164000004529953
741891.0;-1.3060001134872437;0.46700000762939453;0.16300000250339508;51.0;-5.5;-3.375;2459.0;1082.0;-2567.0;322.1875;-79.5625;-21.6875;-0.72314453125;0.16668701171875;-0.62298583984375;-0.247314453125;-0.34200000762939453;0.4010000228881836;-0.0010000000474974513;-0.9640000462532043;0.0650000050663948;0.164000004529953
741901.0;-1.3690000772476196;0.3850000202655792;0.18400001525878906;52.0625;2.1875;-2.5625;2163.0;923.0;-2447.0;324.75;-80.5625;-16.0625;-0.72509765625;0.16766357421875;-0.6270751953125;-0.23004150390625;-0.4020000100135803;0.3410000205039978;0.030000001192092896;-0.9670000672340393;0.04400000348687172;0.15400001406669617
741911.0;-1.308000087738037;0.4240000247955322;0.164000004529953;52.0625;2.1875;-2.5625;2295.0;585.0;-2249.0;327.3125;-81.1875;-9.625;-0.727783203125;0.1669921875;-0.6300048828125;-0.2132568359375;-0.27800002694129944;0.5040000081062317;-0.01100000087171793;-0.9700000286102295;0.005000000353902578;0.14000000059604645
741921.0;-1.249000072479248;0.5100000500679016;0.12800000607967377;52.0625;2.1875;-2.5625;2721.0;649.0;-2284.0;330.125;-81.75;-2.375;-0.73046875;0.16485595703125;-0.6334228515625;-0.19482421875;-0.2580000162124634;0.6930000185966492;0.0;-0.971000075340271;-0.012000000104308128;0.13199999928474426
741931.0;-1.2290000915527344;0.6800000071525574;0.13300000131130219;52.0625;2.1875;-2.5625;2549.0;740.0;-2195.0;332.75;-82.125;5.5625;-0.73236083984375;0.1630859375;-0.63690185546875;-0.17718505859375;-0.28600001335144043;0.6000000238418579;-0.023000001907348633;-0.9720000624656677;-0.030000001192092896;0.12600000202655792
741934.0;-1.2290000915527344;0.6800000071525574;0.13300000131130219;52.0625;2.1875;-2.5625;2549.0;740.0;-2195.0;332.75;-82.125;5.5625;-0.73236083984375;0.1630859375;-0.63690185546875;-0.17718505859375;-0.28600001335144043;0.6000000238418579;-0.023000001907348633;-0.9720000624656677;-0.030000001192092896;0.12600000202655792
741944.0;-1.2580000162124634;0.5690000057220459;0.10300000756978989;52.0625;2.1875;-2.5625;2207.0;696.0;-1975.0;335.125;-82.375;13.4375;-0.73370361328125;0.161865234375;-0.639892578125;-0.1614990234375;-0.28600001335144043;0.6000000238418579;-0.023000001907348633;-0.9720000624656677;-0.030000001192092896;0.12600000202655792
741954.0;-1.2760000228881836;0.4240000247955322;0.11400000751018524;51.6875;7.0;-1.375;1800.0;576.0;-1659.0;337.125;-82.375;20.3125;-0.734619140625;0.16094970703125;-0.64215087890625;-0.1484375;-0.30400002002716064;0.4690000116825104;-0.007000000216066837;-0.9720000624656677;-0.04400000348687172;0.1210000067949295
741964.0;-1.3280000686645508;0.2200000137090683;0.1340000033378601;51.6875;7.0;-1.375;1367.0;279.0;-1178.0;338.5625;-82.3125;24.875;-0.7357177734375;0.15985107421875;-0.643310546875;-0.1390380859375;-0.35600000619888306;0.2750000059604645;0.015000000596046448;-0.971000075340271;-0.06200000271201134;0.11900000274181366
741974.0;-1.2610000371932983;0.22500000894069672;0.19300000369548798;51.6875;7.0;-1.375;896.0;2.0;-838.0;339.5625;-82.0625;27.6875;-0.737060546875;0.15924072265625;-0.64324951171875;-0.1326904296875;-0.289000004529953;0.2880000174045563;0.07400000095367432;-0.971000075340271;-0.06200000271201134;0.11900000274181366
741984.0;-1.2390000820159912;0.26500001549720764;0.2290000170469284;51.6875;7.0;-1.375;324.0;-179.0;-935.0;340.3125;-81.6875;30.5625;-0.73858642578125;0.1610107421875;-0.6419677734375;-0.12811279296875;-0.26900002360343933;0.3370000123977661;0.10700000822544098;-0.9700000286102295;-0.07100000232458115;0.1210000067949295
741991.0;-1.193000078201294;0.16700001060962677;0.23200000822544098;51.6875;7.0;-1.375;598.0;-288.0;-963.0;341.1875;-81.25;32.9375;-0.74072265625;0.1617431640625;-0.640380859375;-0.12255859375;-0.22300000488758087;0.24800001084804535;0.10700000822544098;-0.9690000414848328;-0.08100000023841858;0.12400000542402267
742001.0;-1.158000111579895;0.10600000619888306;0.22500000894069672;50.1875;11.5625;-0.875;1044.0;-144.0;-1102.0;342.375;-80.8125;35.5;-0.7427978515625;0.1612548828125;-0.63958740234375;-0.1148681640625;-0.1900000125169754;0.19700001180171967;0.09700000286102295;-0.968000054359436;-0.09000000357627869;0.12700000405311584
742011.0;-1.1680001020431519;0.2580000162124634;0.12600000202655792;50.1875;11.5625;-0.875;1045.0;45.0;-1409.0;343.8125;-80.3125;39.0;-0.744384765625;0.1619873046875;-0.63916015625;-0.10577392578125;-0.20100000500679016;0.3620000183582306;-0.0020000000949949026;-0.9660000205039978;-0.10300000756978989;0.12800000607967377
742021.0;-1.162000060081482;0.32200002670288086;0.06000000238418579;50.1875;11.5625;-0.875;816.0;235.0;-1871.0;345.375;-79.625;43.875;-0.74530029296875;0.1651611328125;-0.638916015625;-0.095458984375;-0.1980000138282776;0.4440000355243683;-0.0650000050663948;-0.9640000462532043;-0.1210000067949295;0.12600000202655792
742031.0;-1.1720000505447388;0.3230000138282776;0.04700000211596489;50.1875;11.5625;-0.875;584.0;400.0;-2269.0;347.0625;-78.8125;49.4375;-0.7454833984375;0.17071533203125;-0.63873291015625;-0.08416748046875;-0.21000000834465027;0.46700000762939453;-0.07500000298023224;-0.9620000720024109;-0.14400000870227814;0.12300000339746475
742041.0;-1.2060000896453857;0.29100000858306885;0.058000002056360245;50.1875;11.5625;-0.875;250.0;489.0;-2418.0;348.75;-77.8125;54.75;-0.7451171875;0.1781005859375;-0.6385498046875;-0.0733642578125;-0.24700000882148743;0.45900002121925354;-0.06000000238418579;-0.9580000638961792;-0.1680000126361847;0.11800000816583633
742044.0;-1.2060000896453857;0.29100000858306885;0.058000002056360245;50.1875;11.5625;-0.875;250.0;489.0;-2418.0;348.75;-77.8125;54.75;-0.7451171875;0.1781005859375;-0.6385498046875;-0.0733642578125;-0.24700000882148743;0.45900002121925354;-0.06000000238418579;-0.9580000638961792;-0.1680000126361847;0.11800000816583633
742054.0;-1.2940000295639038;0.26900002360343933;0.07300000637769699;49.875;14.5;-2.1875;-175.0;450.0;-2357.0;350.125;-76.8125;59.375;-0.7442626953125;0.1868896484375;-0.637939453125;-0.06427001953125;-0.33900001645088196;0.4610000252723694;-0.04000000283122063;-0.9540000557899475;-0.19200000166893005;0.11300000548362732
742064.0;-1.3220000267028809;0.2590000033378601;0.11100000888109207;49.875;14.5;-2.1875;-576.0;290.0;-2115.0;351.125;-75.75;62.875;-0.743408203125;0.19635009765625;-0.63677978515625;-0.0576171875;-0.3720000088214874;0.47300001978874207;0.0010000000474974513;-0.9500000476837158;-0.21400001645088196;0.10900000482797623
742074.0;-1.308000087738037;0.23500001430511475;0.14400000870227814;49.875;14.5;-2.1875;-765.0;158.0;-1821.0;351.8125;-74.8125;65.5;-0.7425537109375;0.20556640625;-0.63525390625;-0.0528564453125;-0.36100003123283386;0.4690000116825104;0.03700000047683716;-0.9460000395774841;-0.2330000102519989;0.10600000619888306
742084.0;-1.3590000867843628;0.5660000443458557;0.38600000739097595;49.875;14.5;-2.1875;-1011.0;40.0;-1452.0;352.1875;-74.0;67.4375;-0.74169921875;0.21435546875;-0.633544921875;-0.050537109375;-0.41600000858306885;0.8160000443458557;0.28200000524520874;-0.9420000314712524;-0.24900001287460327;0.10300000756978989
742088.0;-1.3590000867843628;0.5660000443458557;0.38600000739097595;49.875;14.5;-2.1875;-1011.0;40.0;-1452.0;352.1875;-74.0;67.4375;-0.74169921875;0.21435546875;-0.633544921875;-0.050537109375;-0.41600000858306885;0.8160000443458557;0.28200000524520874;-0.9420000314712524;-0.24900001287460327;0.10300000756978989
742098.0;-1.5080000162124634;1.790000081062317;1.121000051498413;49.875;14.5;-2.1875;-1305.0;184.0;-956.0;352.0625;-73.5;69.3125;-0.7398681640625;0.22271728515625;-0.6328125;-0.0509033203125;-0.5680000185966492;2.0500001907348633;1.0230000019073486;-0.940000057220459;-0.2590000033378601;0.09800000488758087
742108.0;-1.4170000553131104;2.6670000553131104;1.0440000295639038;49.0625;19.5;-0.5625;-1172.0;280.0;-57.0;351.5625;-73.5625;70.625;-0.737548828125;0.22760009765625;-0.63348388671875;-0.05426025390625;-0.47600001096725464;2.92900013923645;0.9520000219345093;-0.940000057220459;-0.26100000739097595;0.09100000560283661
742118.0;-1.4170000553131104;2.6670000553131104;1.0440000295639038;49.0625;19.5;-0.5625;992.0;-194.0;726.0;351.625;-73.9375;69.125;-0.7391357421875;0.22119140625;-0.63385009765625;-0.05401611328125;-0.07300000637769699;2.1030001640319824;0.20000000298023224;-0.9420000314712524;-0.25300002098083496;0.09600000083446503
742122.0;-1.0160000324249268;1.8500001430511475;0.29600000381469727;49.0625;19.5;-0.5625;1974.0;-664.0;935.0;352.0;-74.25;65.8125;-0.74334716796875;0.210205078125;-0.63287353515625;-0.05181884765625;0.11300000548362732;0.38700002431869507;0.04100000113248825;-0.9440000653266907;-0.242000013589859;0.1080000028014183
742132.0;-0.8300000429153442;0.14500001072883606;0.15000000596046448;49.0625;19.5;-0.5625;806.0;-750.0;1087.0;351.625;-74.6875;62.875;-0.7464599609375;0.20318603515625;-0.63134765625;-0.05426025390625;0.032999999821186066;0.38600000739097595;0.22700001299381256;-0.9450000524520874;-0.23000000417232513;0.11700000613927841
742142.0;-0.9120000600814819;0.15600000321865082;0.3450000286102295;49.0625;19.5;-0.5625;-184.0;-535.0;772.0;351.0;-74.9375;61.125;-0.747802734375;0.201171875;-0.6300048828125;-0.0584716796875;0.017000000923871994;0.5890000462532043;0.40800002217292786;-0.9470000267028809;-0.22200001776218414;0.12200000882148743
742152.0;-0.9290000200271606;0.3660000264644623;0.531000018119812;49.0625;19.5;-0.5625;-184.0;-535.0;772.0;351.0625;-74.875;61.3125;-0.74761962890625;0.20147705078125;-0.630126953125;-0.05804443359375;0.007000000216066837;0.737000048160553;0.3880000114440918;-0.9460000395774841;-0.22300000488758087;0.12200000882148743
742156.0;-0.9290000200271606;0.3660000264644623;0.531000018119812;49.0625;19.5;-0.5625;-184.0;-535.0;772.0;351.0625;-74.875;61.3125;-0.74761962890625;0.20147705078125;-0.630126953125;-0.05804443359375;0.007000000216066837;0.737000048160553;0.3880000114440918;-0.9460000395774841;-0.22300000488758087;0.12200000882148743
742166.0;-0.9390000700950623;0.5130000114440918;0.5100000500679016;48.25;20.5625;0.6875;-4.0;57.0;-91.0;352.0;-74.6875;62.4375;-0.74713134765625;0.2003173828125;-0.63165283203125;-0.05194091796875;-0.2460000067949295;0.5990000367164612;0.13700000941753387;-0.9450000524520874;-0.2290000170469284;0.11900000274181366
742176.0;-1.1920000314712524;0.3700000047683716;0.25699999928474426;48.25;20.5625;0.6875;1368.0;493.0;-553.0;353.125;-74.5;63.125;-0.7470703125;0.1968994140625;-0.63336181640625;-0.04461669921875;-0.3020000159740448;0.5260000228881836;0.0020000000949949026;-0.9450000524520874;-0.2330000102519989;0.11700000613927841
742186.0;-1.2480000257492065;0.2930000126361847;0.12000000476837158;48.25;20.5625;0.6875;716.0;27.0;67.0;353.4375;-74.5625;62.6875;-0.7476806640625;0.19384765625;-0.63372802734375;-0.04248046875;-0.3020000159740448;0.5410000085830688;-0.11100000888109207;-0.9450000524520874;-0.23100000619888306;0.11900000274181366
742196.0;-1.2480000257492065;0.30900001525878906;0.00800000037997961;48.25;20.5625;0.6875;-203.0;-554.0;690.0;352.875;-74.75;61.0;-0.7491455078125;0.19219970703125;-0.6322021484375;-0.04644775390625;-0.24000000953674316;0.6070000529289246;-0.1080000028014183;-0.9460000395774841;-0.2240000069141388;0.12400000542402267
742202.0;-1.186000108718872;0.38200002908706665;0.015000000596046448;48.25;20.5625;0.6875;-203.0;-554.0;690.0;352.875;-74.75;61.0;-0.7491455078125;0.19219970703125;-0.6322021484375;-0.04644775390625;-0.14300000667572021;0.6680000424385071;-0.052000001072883606;-0.9470000267028809;-0.2160000056028366;0.13100001215934753
742212.0;-1.090000033378601;0.4520000219345093;0.07900000363588333;47.875;21.0;-2.25;-655.0;-835.0;969.0;351.875;-75.0625;58.6875;-0.75103759765625;0.19134521484375;-0.62969970703125;-0.0533447265625;-0.15900000929832458;0.6530000567436218;-0.015000000596046448;-0.9480000734329224;-0.20600001513957977;0.13700000941753387
742222.0;-1.1080000400543213;0.44700002670288086;0.1210000067949295;47.875;21.0;-2.25;-534.0;-721.0;1050.0;350.0625;-75.75;53.9375;-0.75360107421875;0.1861572265625;-0.6270751953125;-0.06549072265625;-0.2120000123977661;0.6520000100135803;0.0010000000474974513;-0.9500000476837158;-0.1940000057220459;0.14100000262260437
742232.0;-1.162000060081482;0.4570000171661377;0.1420000046491623;47.875;21.0;-2.25;-100.0;-454.0;1179.0;349.3125;-76.375;51.1875;-0.75408935546875;0.18011474609375;-0.62762451171875;-0.07049560546875;-0.2970000207424164;0.6840000152587891;0.08100000023841858;-0.9530000686645508;-0.17900000512599945;0.14400000870227814
742242.0;-1.25;0.5040000081062317;0.22500000894069672;47.875;21.0;-2.25;289.0;-232.0;1448.0;348.375;-77.1875;47.375;-0.75439453125;0.17181396484375;-0.62890625;-0.07659912109375;-0.30900001525878906;0.6890000104904175;0.12800000607967377;-0.956000030040741;-0.15900000929832458;0.1469999998807907
742252.0;-1.2650001049041748;0.5290000438690186;0.2750000059604645;47.875;21.0;-2.25;484.0;-170.0;1887.0;348.375;-77.1875;47.375;-0.75439453125;0.17181396484375;-0.62890625;-0.07659912109375;-0.30900001525878906;0.6890000104904175;0.12800000607967377;-0.956000030040741;-0.15900000929832458;0.1469999998807907
742255.0;-1.2650001049041748;0.5290000438690186;0.2750000059604645;47.875;21.0;-2.25;484.0;-170.0;1887.0;348.375;-77.1875;47.375;-0.75439453125;0.17181396484375;-0.62890625;-0.07659912109375;-0.30900001525878906;0.6890000104904175;0.12800000607967377;-0.956000030040741;-0.15900000929832458;0.1469999998807907
742265.0;-1.277000069618225;0.562000036239624;0.31300002336502075;48.5625;19.75;-1.75;433.0;-207.0;2360.0;347.125;-78.0625;42.0625;-0.75445556640625;0.16217041015625;-0.63031005859375;-0.084716796875;-0.31700000166893005;0.6970000267028809;0.16300000250339508;-0.9590000510215759;-0.13500000536441803;0.14900000393390656
742275.0;-1.284000039100647;0.5660000443458557;0.31700000166893005;48.5625;19.75;-1.75;245.0;-214.0;2703.0;345.625;-79.0;35.1875;-0.75311279296875;0.1424560546875;-0.6334228515625;-0.10638427734375;-0.34800001978874207;0.6110000014305115;0.09400000423192978;-0.9650000333786011;-0.07800000160932541;0.15300001204013824
742285.0;-1.3140000104904175;0.5330000519752502;0.24800001084804535;48.5625;19.75;-1.75;7.0;-162.0;2864.0;343.875;-79.8125;26.9375;-0.7513427734375;0.1341552734375;-0.63519287109375;-0.11859130859375;-0.3660000264644623;0.5630000233650208;0.049000002443790436;-0.9670000672340393;-0.049000002443790436;0.15400001406669617
742295.0;-1.3330000638961792;0.5130000114440918;0.203000009059906;48.5625;19.75;-1.75;-294.0;-28.0;2820.0;342.0625;-80.4375;17.9375;-0.74871826171875;0.1282958984375;-0.63702392578125;-0.13104248046875;-0.39500001072883606;0.5290000438690186;0.024000000208616257;-0.968000054359436;-0.024000000208616257;0.15200001001358032
742305.0;-1.3630000352859497;0.5049999952316284;0.17600001394748688;48.5625;19.75;-1.75;-696.0;128.0;2584.0;340.125;-80.9375;9.1875;-0.74871826171875;0.1282958984375;-0.63702392578125;-0.13104248046875;-0.39500001072883606;0.5290000438690186;0.024000000208616257;-0.968000054359436;-0.024000000208616257;0.15200001001358032
742307.0;-1.3630000352859497;0.5049999952316284;0.17600001394748688;48.5625;19.75;-1.75;-696.0;128.0;2584.0;340.125;-80.9375;9.1875;-0.74871826171875;0.1282958984375;-0.63702392578125;-0.13104248046875;-0.39500001072883606;0.5290000438690186;0.024000000208616257;-0.968000054359436;-0.024000000208616257;0.15200001001358032
742317.0;-1.4190000295639038;0.5010000467300415;0.14600001275539398;49.375;15.375;-2.6875;-1227.0;242.0;2243.0;338.125;-81.1875;1.375;-0.74542236328125;0.12579345703125;-0.63861083984375;-0.14385986328125;-0.4490000307559967;0.5049999952316284;-0.003000000026077032;-0.9690000414848328;-0.003000000026077032;0.14900000393390656
742327.0;-1.5630000829696655;0.46300002932548523;0.09600000083446503;49.375;15.375;-2.6875;-1901.0;268.0;1899.0;336.0;-81.3125;-4.9375;-0.74176025390625;0.1270751953125;-0.639404296875;-0.15753173828125;-0.6790000200271606;0.3850000202655792;-0.0860000029206276;-0.9690000414848328;0.02500000037252903;0.14500001072883606
742337.0;-1.6490000486373901;0.4100000262260437;0.05900000408291817;49.375;15.375;-2.6875;-2666.0;177.0;1628.0;333.625;-81.3125;-9.8125;-0.7379150390625;0.13214111328125;-0.63885498046875;-0.17279052734375;-0.7640000581741333;0.2800000011920929;-0.13600000739097595;-0.968000054359436;0.03500000014901161;0.1469999998807907
742341.0;-1.7330000400543213;0.3160000145435333;0.01100000087171793;49.375;15.375;-2.6875;-3372.0;-89.0;1554.0;330.9375;-81.0625;-13.625;-0.73431396484375;0.139892578125;-0.63641357421875;-0.19024658203125;-0.831000030040741;0.058000002056360245;-0.2290000170469284;-0.9670000672340393;0.04800000041723251;0.1550000011920929
742351.0;-1.7980000972747803;0.10700000822544098;-0.07400000095367432;49.375;15.375;-2.6875;-3928.0;-538.0;1835.0;327.8125;-80.4375;-17.3125;-0.731201171875;0.14837646484375;-0.631591796875;-0.21087646484375;-0.831000030040741;0.058000002056360245;-0.2290000170469284;-0.9670000672340393;0.04800000041723251;0.1550000011920929
742361.0;-1.7070001363754272;0.07900000363588333;-0.07000000029802322;50.375;8.6875;-2.1875;-4325.0;-1098.0;2321.0;324.1875;-79.3125;-20.9375;-0.72857666015625;0.15606689453125;-0.6241455078125;-0.23504638671875;-0.7430000305175781;0.014000000432133675;-0.23900000751018524;-0.9630000591278076;0.06400000303983688;0.1680000126361847
742371.0;-1.4560000896453857;0.09600000083446503;-0.1120000034570694;50.375;8.6875;-2.1875;-4468.0;-1653.0;2745.0;320.375;-77.75;-23.9375;-0.7266845703125;0.162109375;-0.61419677734375;-0.2615966796875;-0.49800002574920654;0.012000000104308128;-0.30100002884864807;-0.9510000348091125;0.10000000149011612;0.21300001442432404
742381.0;-1.4840000867843628;0.10500000417232513;0.10300000756978989;50.375;8.6875;-2.1875;-4429.0;-1980.0;2597.0;316.75;-76.0625;-25.25;-0.72540283203125;0.1678466796875;-0.60247802734375;-0.2874755859375;-0.5320000052452087;0.004000000189989805;-0.11000000685453415;-0.9510000348091125;0.10000000149011612;0.21300001442432404
742391.0;-1.2190001010894775;0.08500000089406967;0.0690000057220459;50.375;8.6875;-2.1875;-3258.0;-1863.0;2813.0;313.5625;-74.25;-27.1875;-0.72393798828125;0.16851806640625;-0.59271240234375;-0.3101806640625;-0.2750000059604645;-0.03500000014901161;-0.16600000858306885;-0.9440000653266907;0.1210000067949295;0.23500001430511475
742391.0;-1.2190001010894775;0.08500000089406967;0.0690000057220459;50.375;8.6875;-2.1875;-3258.0;-1863.0;2813.0;313.5625;-74.25;-27.1875;-0.72393798828125;0.16851806640625;-0.59271240234375;-0.3101806640625;-0.2750000059604645;-0.03500000014901161;-0.16600000858306885;-0.9440000653266907;0.1210000067949295;0.23500001430511475
742401.0;-1.1750000715255737;0.2600000202655792;0.15000000596046448;50.375;8.6875;-2.1875;-3234.0;-1842.0;3208.0;310.25;-72.375;-29.1875;-0.7213134765625;0.16778564453125;-0.5830078125;-0.3341064453125;-0.24000000953674316;0.11600000411272049;-0.10700000822544098;-0.9340000152587891;0.14400000870227814;0.2580000162124634
742411.0;-1.152999997138977;0.33400002121925354;0.2330000102519989;51.1875;4.25;-2.5625;-3142.0;-1730.0;3068.0;307.125;-70.5625;-30.5;-0.71826171875;0.16717529296875;-0.57342529296875;-0.35687255859375;-0.22800001502037048;0.1680000126361847;-0.04700000211596489;-0.9240000247955322;0.16500000655651093;0.2800000011920929
742421.0;-1.152000069618225;0.34300002455711365;0.27300000190734863;51.1875;4.25;-2.5625;-3107.0;-1571.0;2693.0;304.25;-68.875;-31.125;-0.7149658203125;0.16778564453125;-0.5638427734375;-0.37774658203125;-0.2370000183582306;0.16100001335144043;-0.02800000086426735;-0.9150000214576721;0.18200001120567322;0.30100002884864807
742431.0;-1.159000039100647;0.3680000305175781;0.28300002217292786;51.1875;4.25;-2.5625;-3248.0;-1501.0;2472.0;301.5;-67.3125;-31.1875;-0.71148681640625;0.169677734375;-0.5537109375;-0.39801025390625;-0.2540000081062317;0.1730000078678131;-0.039000000804662704;-0.9050000309944153;0.19500000774860382;0.32200002670288086
742441.0;-1.165000081062317;0.3410000205039978;0.26500001549720764;51.1875;4.25;-2.5625;-3508.0;-1468.0;2268.0;298.8125;-65.875;-30.6875;-0.7076416015625;0.173095703125;-0.542724609375;-0.41796875;-0.27000001072883606;0.13700000941753387;-0.07800000160932541;-0.8950000405311584;0.20400001108646393;0.3440000116825104
742441.0;-1.165000081062317;0.3410000205039978;0.26500001549720764;51.1875;4.25;-2.5625;-3508.0;-1468.0;2268.0;298.8125;-65.875;-30.6875;-0.7076416015625;0.173095703125;-0.542724609375;-0.41796875;-0.27000001072883606;0.13700000941753387;-0.07800000160932541;-0.8950000405311584;0.20400001108646393;0.3440000116825104
742451.0;-1.1810001134872437;0.2639999985694885;0.27400001883506775;51.1875;4.25;-2.5625;-3603.0;-1551.0;2076.0;296.25;-64.4375;-29.875;-0.70404052734375;0.1771240234375;-0.53076171875;-0.4373779296875;-0.29600000381469727;0.05400000140070915;-0.09200000762939453;-0.8840000629425049;0.21000000834465027;0.3660000264644623
742461.0;-1.1480000019073486;0.22700001299381256;0.30300000309944153;51.1875;-3.875;-6.75;-3618.0;-1779.0;2031.0;293.8125;-62.875;-28.75;-0.70074462890625;0.18072509765625;-0.51751708984375;-0.45660400390625;-0.2750000059604645;0.012000000104308128;-0.08800000697374344;-0.8730000257492065;0.2150000035762787;0.39100003242492676
742471.0;-1.1019999980926514;0.28700000047683716;0.4300000071525574;51.1875;-3.875;-6.75;-3752.0;-1978.0;2142.0;291.25;-61.1875;-27.5625;-0.69720458984375;0.18389892578125;-0.5030517578125;-0.47650146484375;-0.242000013589859;0.0690000057220459;0.012000000104308128;-0.859000027179718;0.21800000965595245;0.4180000126361847
742481.0;-1.0910000801086426;0.3190000057220459;0.49500003457069397;51.1875;-3.875;-6.75;-3915.0;-2142.0;2360.0;288.625;-59.4375;-26.4375;-0.69287109375;0.18658447265625;-0.4874267578125;-0.49749755859375;-0.2460000067949295;0.09700000286102295;0.04800000041723251;-0.8440000414848328;0.22100001573562622;0.44600000977516174
742491.0;-1.0870000123977661;0.3500000238418579;0.5649999976158142;51.1875;-3.875;-6.75;-4177.0;-2314.0;2460.0;285.875;-57.5;-25.0625;-0.68798828125;0.18939208984375;-0.47021484375;-0.519287109375;-0.2590000033378601;0.12700000405311584;0.08800000697374344;-0.8270000219345093;0.22300000488758087;0.47600001096725464
742492.0;-1.0870000123977661;0.3500000238418579;0.5649999976158142;51.1875;-3.875;-6.75;-4177.0;-2314.0;2460.0;285.875;-57.5;-25.0625;-0.68798828125;0.18939208984375;-0.47021484375;-0.519287109375;-0.2590000033378601;0.12700000405311584;0.08800000697374344;-0.8270000219345093;0.22300000488758087;0.47600001096725464
742502.0;-1.093000054359436;0.3460000157356262;0.7300000190734863;51.1875;-3.875;-6.75;-4569.0;-2519.0;2431.0;283.125;-55.5;-23.375;-0.68267822265625;0.19293212890625;-0.45074462890625;-0.541748046875;-0.2850000262260437;0.125;0.22100001573562622;-0.8080000281333923;0.2200000137090683;0.5090000033378601
742512.0;-1.0820000171661377;0.3070000112056732;0.7450000643730164;49.0;-8.0;-11.75;-5048.0;-2737.0;2322.0;280.3125;-53.4375;-21.25;-0.67706298828125;0.19769287109375;-0.4285888671875;-0.56463623046875;-0.2939999997615814;0.0950000062584877;0.20100000500679016;-0.7880000472068787;0.2120000123977661;0.5430000424385071
742522.0;-1.0820000171661377;0.3070000112056732;0.7450000643730164;49.0;-8.0;-11.75;-5477.0;-2913.0;2109.0;277.625;-51.375;-18.75;-0.6712646484375;0.20367431640625;-0.40380859375;-0.58721923828125;-0.30300000309944153;0.06700000166893005;0.15600000321865082;-0.7660000324249268;0.19600000977516174;0.5790000557899475
742527.0;-1.0820000171661377;0.3070000112056732;0.7450000643730164;49.0;-8.0;-11.75;-5477.0;-2913.0;2109.0;277.625;-51.375;-18.75;-0.6712646484375;0.20367431640625;-0.40380859375;-0.58721923828125;-0.30300000309944153;0.06700000166893005;0.15600000321865082;-0.7660000324249268;0.19600000977516174;0.5790000557899475
742537.0;-1.069000005722046;0.2639999985694885;0.7350000143051147;49.0;-8.0;-11.75;-5705.0;-3041.0;1814.0;275.0625;-49.25;-15.875;-0.66558837890625;0.21051025390625;-0.3770751953125;-0.60870361328125;-0.3240000009536743;0.03800000250339508;0.09700000286102295;-0.7430000305175781;0.17500001192092896;0.6140000224113464
742547.0;-1.0670000314712524;0.21400001645088196;0.7120000123977661;49.0;-8.0;-11.75;-5734.0;-3207.0;1492.0;272.8125;-47.1875;-12.875;-0.66033935546875;0.21722412109375;-0.34881591796875;-0.6285400390625;-0.38200002908706665;-0.009000000543892384;0.052000001072883606;-0.7190000414848328;0.14800000190734863;0.6490000486373901
742557.0;-1.1019999980926514;0.1380000114440918;0.7010000348091125;49.0;-8.0;-11.75;-5705.0;-3406.0;1134.0;270.8125;-45.0;-9.6875;-0.6558837890625;0.22357177734375;-0.319091796875;-0.646484375;-0.39100003242492676;-0.07000000029802322;0.05700000375509262;-0.6940000057220459;0.11700000613927841;0.6820000410079956
742561.0;-1.0850000381469727;0.046000003814697266;0.7400000095367432;49.0;-8.0;-11.75;-5705.0;-3406.0;1134.0;268.9375;-42.75;-6.4375;-0.651611328125;0.22943115234375;-0.28790283203125;-0.6632080078125;-0.406000018119812;-0.05700000375509262;0.07400000095367432;-0.6660000085830688;0.08100000023841858;0.7140000462532043
742571.0;-1.0730000734329224;0.023000001907348633;0.7890000343322754;44.5625;-9.0625;-20.0;-5742.0;-3615.0;928.0;267.1875;-40.375;-3.25;-0.64703369140625;0.2342529296875;-0.25518798828125;-0.67919921875;-0.44200003147125244;-0.02500000037252903;0.09700000286102295;-0.6350000500679016;0.04200000315904617;0.7450000643730164
742581.0;-1.0780000686645508;0.01600000075995922;0.8420000672340393;44.5625;-9.0625;-20.0;-5740.0;-4091.0;827.0;265.5;-37.9375;-0.125;-0.64202880859375;0.2379150390625;-0.22149658203125;-0.6943359375;-0.41200003027915955;-0.12700000405311584;0.0950000062584877;-0.6020000576972961;0.0020000000949949026;0.7730000615119934
742591.0;-1.0150001049041748;-0.12400000542402267;0.8690000176429749;44.5625;-9.0625;-20.0;-5545.0;-4241.0;750.0;263.875;-35.375;2.8125;-0.6368408203125;0.2401123046875;-0.1876220703125;-0.70819091796875;-0.3750000298023224;-0.2290000170469284;0.026000000536441803;-0.5670000314712524;-0.039000000804662704;0.7980000376701355
742601.0;-0.9430000185966492;-0.26900002360343933;0.8250000476837158;44.5625;-9.0625;-20.0;-5123.0;-4301.0;721.0;262.4375;-32.8125;5.4375;-0.63153076171875;0.24041748046875;-0.15478515625;-0.720703125;-0.367000013589859;-0.22700001299381256;0.024000000208616257;-0.531000018119812;-0.07800000160932541;0.8200000524520874
742611.0;-0.8990000486373901;-0.3050000071525574;0.8440000414848328;44.5625;-9.0625;-20.0;-5123.0;-4301.0;721.0;262.4375;-32.8125;5.4375;-0.63153076171875;0.24041748046875;-0.15478515625;-0.720703125;-0.3540000021457672;-0.09400000423192978;0.049000002443790436;-0.49400001764297485;-0.11400000751018524;0.8390000462532043
742613.0;-0.8990000486373901;-0.3050000071525574;0.8440000414848328;44.5625;-9.0625;-20.0;-5123.0;-4301.0;721.0;262.4375;-32.8125;5.4375;-0.63153076171875;0.24041748046875;-0.15478515625;-0.720703125;-0.3540000021457672;-0.09400000423192978;0.049000002443790436;-0.49400001764297485;-0.11400000751018524;0.8390000462532043
742623.0;-0.8480000495910645;-0.20900000631809235;0.8880000710487366;39.375;-4.5625;-31.0625;-4602.0;-4357.0;782.0;261.0;-30.25;7.75;-0.62591552734375;0.2384033203125;-0.12371826171875;-0.732177734375;-0.3840000033378601;-0.023000001907348633;0.02800000086426735;-0.45600003004074097;-0.1469999998807907;0.8550000190734863
742633.0;-0.8410000205039978;-0.17100000381469727;0.8830000162124634;39.375;-4.5625;-31.0625;-4111.0;-4332.0;758.0;258.5;-25.1875;11.625;-0.6146240234375;0.22943115234375;-0.0660400390625;-0.7518310546875;-0.4000000059604645;0.0010000000474974513;-0.039000000804662704;-0.41700002551078796;-0.17900000512599945;0.8680000305175781
742643.0;-0.8180000185966492;-0.17800000309944153;0.8290000557899475;39.375;-4.5625;-31.0625;-3801.0;-4370.0;729.0;257.3125;-22.6875;13.375;-0.60858154296875;0.22344970703125;-0.03826904296875;-0.76043701171875;-0.4090000092983246;0.030000001192092896;-0.08800000697374344;-0.37800002098083496;-0.20900000631809235;0.8790000677108765
742653.0;-0.7880000472068787;-0.17900000512599945;0.7910000085830688;39.375;-4.5625;-31.0625;-3634.0;-4393.0;729.0;256.125;-20.1875;15.0625;-0.60223388671875;0.2166748046875;-0.010986328125;-0.768310546875;-0.3750000298023224;0.005000000353902578;-0.09400000423192978;-0.33900001645088196;-0.23900000751018524;0.8880000710487366
742663.0;-0.7150000333786011;-0.2330000102519989;0.7930000424385071;39.375;-4.5625;-31.0625;-3475.0;-4413.0;720.0;256.125;-20.1875;15.0625;-0.60223388671875;0.2166748046875;-0.010986328125;-0.768310546875;-0.3750000298023224;0.005000000353902578;-0.09400000423192978;-0.33900001645088196;-0.23900000751018524;0.8880000710487366
742665.0;-0.7150000333786011;-0.2330000102519989;0.7930000424385071;39.375;-4.5625;-31.0625;-3475.0;-4413.0;720.0;256.125;-20.1875;15.0625;-0.60223388671875;0.2166748046875;-0.010986328125;-0.768310546875;-0.3750000298023224;0.005000000353902578;-0.09400000423192978;-0.33900001645088196;-0.23900000751018524;0.8880000710487366
742675.0;-0.6860000491142273;-0.20400001108646393;0.8050000667572021;29.375;3.0625;-40.1875;-3248.0;-4452.0;788.0;255.0;-17.75;16.625;-0.5953369140625;0.20880126953125;0.01544189453125;-0.7757568359375;-0.38600000739097595;0.06200000271201134;-0.08900000154972076;-0.2990000247955322;-0.2670000195503235;0.8940000534057617
742685.0;-0.6700000166893005;-0.27800002694129944;0.7080000042915344;29.375;3.0625;-40.1875;-2787.0;-4410.0;1143.0;251.6875;-13.4375;18.5;-0.574462890625;0.18841552734375;0.05810546875;-0.79443359375;-0.3630000054836273;-0.09800000488758087;-0.3850000202655792;-0.22800001502037048;-0.3020000159740448;0.9040000438690186
742695.0;-0.5910000205039978;-0.4010000228881836;0.5190000534057617;29.375;3.0625;-40.1875;-1926.0;-4213.0;2262.0;251.6875;-13.4375;18.5;-0.55865478515625;0.1778564453125;0.07537841796875;-0.80657958984375;0.007000000216066837;-0.27900001406669617;-0.48100003600120544;-0.1980000138282776;-0.3140000104904175;0.9070000648498535
742697.0;-0.5910000205039978;-0.4010000228881836;0.5190000534057617;29.375;3.0625;-40.1875;-1926.0;-4213.0;2262.0;251.6875;-13.4375;18.5;-0.55865478515625;0.1778564453125;0.07537841796875;-0.80657958984375;0.007000000216066837;-0.27900001406669617;-0.48100003600120544;-0.1980000138282776;-0.3140000104904175;0.9070000648498535
742707.0;-0.19100001454353333;-0.593000054359436;0.42600002884864807;29.375;3.0625;-40.1875;-1884.0;-4084.0;2968.0;249.375;-11.6875;19.0625;-0.54718017578125;0.16937255859375;0.094970703125;-0.814208984375;0.039000000804662704;-0.2110000103712082;-0.48900002241134644;-0.1680000126361847;-0.3330000042915344;0.906000018119812
742717.0;-0.1290000081062317;-0.5440000295639038;0.41700002551078796;29.375;3.0625;-40.1875;-2368.0;-3794.0;1782.0;247.75;-9.875;20.125;-0.54718017578125;0.16937255859375;0.094970703125;-0.814208984375;0.039000000804662704;-0.2110000103712082;-0.48900002241134644;-0.1680000126361847;-0.3330000042915344;0.906000018119812
742727.0;-0.2240000069141388;-0.5049999952316284;0.4020000100135803;21.1875;8.5625;-43.875;-2932.0;-3371.0;-244.0;247.375;-7.9375;21.8125;-0.54376220703125;0.16314697265625;0.11749267578125;-0.8148193359375;-0.08900000154972076;-0.14300000667572021;-0.49800002574920654;-0.13500000536441803;-0.36100003123283386;0.9010000228881836
742729.0;-0.2240000069141388;-0.5049999952316284;0.4020000100135803;21.1875;8.5625;-43.875;-2932.0;-3371.0;-244.0;247.375;-7.9375;21.8125;-0.54376220703125;0.16314697265625;0.11749267578125;-0.8148193359375;-0.08900000154972076;-0.14300000667572021;-0.49800002574920654;-0.13500000536441803;-0.36100003123283386;0.9010000228881836
742739.0;-0.31800001859664917;-0.5879999995231628;0.3970000147819519;21.1875;8.5625;-43.875;-3417.0;-3098.0;-1317.0;247.6875;-5.875;23.875;-0.54437255859375;0.15875244140625;0.14215087890625;-0.811279296875;-0.05900000408291817;-0.581000030040741;-0.35600000619888306;-0.06700000166893005;-0.4280000329017639;0.8790000677108765
742749.0;-0.12700000405311584;-1.0090000629425049;0.5220000147819519;21.1875;8.5625;-43.875;-3415.0;-3019.0;-1125.0;247.875;-3.9375;25.9375;-0.5439453125;0.15478515625;0.1663818359375;-0.80780029296875;0.04700000211596489;-0.7110000252723694;-0.2750000059604645;-0.03800000250339508;-0.45100003480911255;0.8690000176429749
742759.0;0.009000000543892384;-1.162000060081482;0.593000054359436;21.1875;8.5625;-43.875;-2403.0;-2804.0;-690.0;247.875;-2.25;27.375;-0.5423583984375;0.1490478515625;0.1851806640625;-0.80584716796875;0.02200000174343586;-0.659000039100647;-0.26100000739097595;-0.014000000432133675;-0.4580000340938568;0.8660000562667847
742767.0;0.00800000037997961;-1.1180000305175781;0.6050000190734863;21.1875;8.5625;-43.875;-741.0;-2332.0;-651.0;247.875;-0.8125;27.8125;-0.54217529296875;0.140625;0.19549560546875;-0.80499267578125;0.02200000174343586;-0.659000039100647;-0.26100000739097595;-0.014000000432133675;-0.4580000340938568;0.8660000562667847
742777.0;-0.1120000034570694;-0.7240000367164612;0.5790000557899475;12.6875;14.1875;-46.375;702.0;-1917.0;-985.0;247.9375;0.4375;27.375;-0.54296875;0.12896728515625;0.19903564453125;-0.8055419921875;-0.12000000476837158;-0.27300000190734863;-0.2900000214576721;0.00800000037997961;-0.45100003480911255;0.8700000643730164
742787.0;-0.13500000536441803;-0.5980000495910645;0.5920000076293945;12.6875;14.1875;-46.375;1485.0;-1748.0;-1268.0;248.4375;1.75;26.5;-0.5474853515625;0.11590576171875;0.1986083984375;-0.8045654296875;-0.16600000858306885;-0.1600000113248825;-0.2840000092983246;0.030000001192092896;-0.43700000643730164;0.8760000467300415
742797.0;-0.11500000208616257;-0.5090000033378601;0.6010000109672546;12.6875;14.1875;-46.375;1886.0;-1690.0;-1389.0;249.0;3.0;25.375;-0.552734375;0.101806640625;0.1962890625;-0.803466796875;-0.16700001060962677;-0.08900000154972076;-0.28300002217292786;0.07300000637769699;-0.398000031709671;0.893000066280365
742799.0;-0.11500000208616257;-0.5090000033378601;0.6010000109672546;12.6875;14.1875;-46.375;1886.0;-1690.0;-1389.0;249.0;3.0;25.375;-0.552734375;0.101806640625;0.1962890625;-0.803466796875;-0.16700001060962677;-0.08900000154972076;-0.28300002217292786;0.07300000637769699;-0.398000031709671;0.893000066280365
742809.0;-0.08400000631809235;-0.42900002002716064;0.6190000176429749;12.6875;14.1875;-46.375;2210.0;-1690.0;-1330.0;249.5625;4.3125;24.0;-0.5577392578125;0.0867919921875;0.1925048828125;-0.802734375;-0.15700000524520874;-0.030000001192092896;-0.27300000190734863;0.07300000637769699;-0.398000031709671;0.893000066280365
742819.0;-0.07000000029802322;-0.25200000405311584;0.6130000352859497;12.6875;14.1875;-46.375;2507.0;-1671.0;-1195.0;250.0;5.5;22.4375;-0.5621337890625;0.07110595703125;0.18731689453125;-0.8023681640625;-0.164000004529953;0.12000000476837158;-0.2880000174045563;0.09400000423192978;-0.37300002574920654;0.9010000228881836
742829.0;-0.03700000047683716;-0.1469999998807907;0.6380000114440918;7.0625;14.875;-46.6875;2730.0;-1661.0;-998.0;250.3125;6.6875;20.75;-0.565673828125;0.05499267578125;0.1810302734375;-0.8026123046875;-0.1510000079870224;0.1990000158548355;-0.2710000276565552;0.11400000751018524;-0.3460000157356262;0.9100000262260437
742831.0;0.013000000268220901;-0.07900000363588333;0.6770000457763672;7.0625;14.875;-46.6875;2815.0;-1689.0;-673.0;250.4375;7.75;19.0625;-0.567626953125;0.03875732421875;0.17431640625;-0.80364990234375;-0.11900000274181366;0.23800000548362732;-0.24000000953674316;0.13199999928474426;-0.31700000166893005;0.9180000424385071
742841.0;0.03200000151991844;-0.046000003814697266;0.7220000624656677;7.0625;14.875;-46.6875;2791.0;-1731.0;-318.0;250.3125;8.8125;17.375;-0.56787109375;0.02276611328125;0.167724609375;-0.80548095703125;-0.11800000816583633;0.24300001561641693;-0.20200000703334808;0.15000000596046448;-0.2900000214576721;0.9240000247955322
742851.0;0.036000002175569534;0.012000000104308128;0.8260000348091125;7.0625;14.875;-46.6875;2715.0;-1796.0;-56.0;250.0625;9.875;15.8125;-0.5667724609375;0.0069580078125;0.16156005859375;-0.807861328125;-0.13100001215934753;0.2760000228881836;-0.10200000554323196;0.1680000126361847;-0.2630000114440918;0.9290000200271606
742861.0;0.04100000113248825;0.018000001087784767;0.8400000333786011;7.0625;14.875;-46.6875;2613.0;-1873.0;103.0;249.6875;10.9375;14.3125;-0.56475830078125;-0.0087890625;0.156005859375;-0.810302734375;-0.14400000870227814;0.25600001215934753;-0.09100000560283661;0.1860000044107437;-0.23800000548362732;0.9320000410079956
742867.0;0.04100000113248825;0.018000001087784767;0.8400000333786011;7.0625;14.875;-46.6875;2613.0;-1873.0;103.0;249.6875;10.9375;14.3125;-0.56475830078125;-0.0087890625;0.156005859375;-0.810302734375;-0.14400000870227814;0.25600001215934753;-0.09100000560283661;0.1860000044107437;-0.23800000548362732;0.9320000410079956
742877.0;0.06700000166893005;0.0;0.8510000109672546;1.875;9.375;-48.6875;2441.0;-1978.0;273.0;249.25;12.0625;12.9375;-0.561767578125;-0.0242919921875;0.15142822265625;-0.81292724609375;-0.1380000114440918;0.21400001645088196;-0.0820000022649765;0.20500001311302185;-0.21400001645088196;0.9340000152587891
742887.0;0.1210000067949295;-0.04700000211596489;0.8790000677108765;1.875;9.375;-48.6875;2180.0;-2110.0;424.0;248.6875;13.25;11.6875;-0.55792236328125;-0.03948974609375;0.14837646484375;-0.8155517578125;-0.10400000214576721;0.14600001275539398;-0.055000003427267075;0.22500000894069672;-0.1940000057220459;0.9340000152587891
742897.0;0.15200001001358032;-0.07400000095367432;0.8630000352859497;1.875;9.375;-48.6875;1891.0;-2236.0;526.0;248.125;14.5;10.6875;-0.55340576171875;-0.05426025390625;0.14691162109375;-0.81805419921875;-0.09300000220537186;0.10200000554323196;-0.0690000057220459;0.2460000067949295;-0.17600001394748688;0.9320000410079956
742901.0;0.18700000643730164;-0.09600000083446503;0.8650000691413879;1.875;9.375;-48.6875;1611.0;-2315.0;581.0;247.5;15.8125;9.875;-0.548583984375;-0.0684814453125;0.1468505859375;-0.82025146484375;-0.08100000023841858;0.0650000050663948;-0.06300000101327896;0.2680000066757202;-0.16200000047683716;0.9290000200271606
742911.0;0.21700000762939453;-0.10400000214576721;0.8770000338554382;1.875;9.375;-48.6875;1391.0;-2371.0;613.0;246.9375;17.1875;9.25;-0.54351806640625;-0.08233642578125;0.14788818359375;-0.8221435546875;-0.07200000435113907;0.046000003814697266;-0.04700000211596489;0.2900000214576721;-0.15000000596046448;0.9240000247955322
742921.0;0.23200000822544098;-0.10600000619888306;0.8660000562667847;-2.0625;2.6875;-48.6875;1237.0;-2409.0;635.0;246.3125;18.5625;8.6875;-0.538330078125;-0.0958251953125;0.14971923828125;-0.82379150390625;-0.08000000566244125;0.03400000184774399;-0.052000001072883606;0.31200000643730164;-0.14000000059604645;0.9180000424385071
742931.0;0.23200000822544098;-0.10600000619888306;0.8660000562667847;-2.0625;2.6875;-48.6875;1155.0;-2473.0;630.0;245.6875;20.0;8.1875;-0.532958984375;-0.109375;0.15203857421875;-0.82513427734375;-0.08400000631809235;0.03100000135600567;-0.0650000050663948;0.33500000834465027;-0.13100001215934753;0.9110000729560852
742934.0;0.23200000822544098;-0.10600000619888306;0.8660000562667847;-2.0625;2.6875;-48.6875;1155.0;-2473.0;630.0;245.6875;20.0;8.1875;-0.532958984375;-0.109375;0.15203857421875;-0.82513427734375;-0.08400000631809235;0.03100000135600567;-0.0650000050663948;0.33500000834465027;-0.13100001215934753;0.9110000729560852
742944.0;0.2680000066757202;-0.0820000022649765;0.8280000686645508;-2.0625;2.6875;-48.6875;1113.0;-2542.0;616.0;245.0625;21.5;7.75;-0.52752685546875;-0.123046875;0.1546630859375;-0.82623291015625;-0.09100000560283661;0.04000000283122063;-0.07500000298023224;0.359000027179718;-0.12300000339746475;0.9040000438690186
742954.0;0.2680000066757202;-0.0820000022649765;0.8280000686645508;-2.0625;2.6875;-48.6875;1098.0;-2611.0;595.0;244.5;23.0;7.3125;-0.52203369140625;-0.13702392578125;0.15753173828125;-0.82696533203125;-0.11900000274181366;0.0650000050663948;-0.08000000566244125;0.3830000162124634;-0.11500000208616257;0.8950000405311584
742964.0;0.2639999985694885;-0.049000002443790436;0.8140000104904175;-2.0625;2.6875;-48.6875;1082.0;-2652.0;545.0;243.9375;24.5625;6.875;-0.5166015625;-0.15106201171875;0.16046142578125;-0.827392578125;-0.14300000667572021;0.07000000029802322;-0.09300000220537186;0.40700000524520874;-0.10700000822544098;0.8850000500679016
742968.0;0.2639999985694885;-0.049000002443790436;0.8140000104904175;-2.0625;2.6875;-48.6875;1082.0;-2652.0;545.0;243.9375;24.5625;6.875;-0.5166015625;-0.15106201171875;0.16046142578125;-0.827392578125;-0.14300000667572021;0.07000000029802322;-0.09300000220537186;0.40700000524520874;-0.10700000822544098;0.8850000500679016
742978.0;0.2639999985694885;-0.036000002175569534;0.7920000553131104;-2.0625;2.6875;-48.6875;1082.0;-2652.0;545.0;243.4375;26.125;6.4375;-0.5113525390625;-0.1651611328125;0.16351318359375;-0.82733154296875;-0.14800000190734863;0.026000000536441803;-0.10500000417232513;0.4320000112056732;-0.0990000069141388;0.8740000128746033
742988.0;0.28300002217292786;-0.07300000637769699;0.7690000534057617;-8.1875;-1.0;-49.5;1016.0;-2680.0;441.0;242.9375;27.6875;6.0625;-0.50616455078125;-0.17919921875;0.16668701171875;-0.82696533203125;-0.15000000596046448;-0.017000000923871994;-0.1300000101327896;0.45600003004074097;-0.09200000762939453;0.8630000352859497
742998.0;0.3050000071525574;-0.10900000482797623;0.7320000529289246;-8.1875;-1.0;-49.5;1046.0;-2706.0;462.0;242.375;29.3125;5.6875;-0.500732421875;-0.19342041015625;0.16973876953125;-0.82647705078125;-0.14100000262260437;-0.04400000348687172;-0.14900000393390656;0.48000001907348633;-0.08500000089406967;0.8500000238418579
743003.0;0.33800002932548523;-0.1290000081062317;0.7010000348091125;-8.1875;-1.0;-49.5;1177.0;-2727.0;538.0;241.8125;30.875;5.25;-0.49468994140625;-0.2078857421875;0.17236328125;-0.8260498046875;-0.12000000476837158;-0.026000000536441803;-0.22500000894069672;0.5040000081062317;-0.07700000703334808;0.8370000123977661
743013.0;0.3830000162124634;-0.10400000214576721;0.612000048160553;-8.1875;-1.0;-49.5;1388.0;-2719.0;669.0;241.0625;32.5;4.75;-0.4876708984375;-0.22271728515625;0.17413330078125;-0.82598876953125;-0.1340000033378601;0.004000000189989805;-0.26500001549720764;0.5270000100135803;-0.0690000057220459;0.8230000138282776
743023.0;0.3920000195503235;-0.06400000303983688;0.5580000281333923;-8.1875;-1.0;-49.5;1388.0;-2719.0;669.0;241.0625;32.5;4.75;-0.4794921875;-0.23779296875;0.17510986328125;-0.82635498046875;-0.1380000114440918;0.04500000178813934;-0.29100000858306885;0.550000011920929;-0.06000000238418579;0.8090000152587891
743033.0;0.41100001335144043;-0.014000000432133675;0.5170000195503235;-15.1875;-3.5625;-47.0625;1589.0;-2702.0;858.0;240.25;34.0625;4.25;-0.47015380859375;-0.25286865234375;0.17572021484375;-0.8271484375;-0.09200000762939453;0.10900000482797623;-0.27400001883506775;0.5720000267028809;-0.05100000277161598;0.7940000295639038
743041.0;0.48000001907348633;0.05700000375509262;0.5200000405311584;-15.1875;-3.5625;-47.0625;1718.0;-2676.0;1233.0;238.0625;37.25;3.3125;-0.45989990234375;-0.26763916015625;0.176513671875;-0.82806396484375;-0.06599999964237213;0.11600000411272049;-0.23500001430511475;0.593000054359436;-0.04500000178813934;0.7790000438690186
743051.0;0.5260000228881836;0.07000000029802322;0.5430000424385071;-15.1875;-3.5625;-47.0625;1572.0;-2688.0;1292.0;236.9375;38.8125;3.0;-0.449462890625;-0.28192138671875;0.177978515625;-0.8287353515625;-0.06800000369548798;0.12400000542402267;-0.17500001192092896;0.6150000095367432;-0.04000000283122063;0.7620000243186951
743061.0;0.5460000038146973;0.08300000429153442;0.5870000123977661;-15.1875;-3.5625;-47.0625;1572.0;-2688.0;1292.0;235.875;40.4375;2.875;-0.439697265625;-0.2958984375;0.1802978515625;-0.82861328125;-0.08900000154972076;0.12000000476837158;-0.13600000739097595;0.6360000371932983;-0.03700000047683716;0.7450000643730164
743071.0;0.5460000038146973;0.0820000022649765;0.6080000400543213;-15.1875;-3.5625;-47.0625;1339.0;-2724.0;1183.0;235.875;40.4375;2.875;-0.439697265625;-0.2958984375;0.1802978515625;-0.82861328125;-0.08900000154972076;0.12000000476837158;-0.13600000739097595;0.6570000052452087;-0.03700000047683716;0.7260000109672546
743081.0;0.4220000207424164;0.0560000017285347;0.5630000233650208;-21.875;-5.6875;-43.375;1055.0;-2754.0;1073.0;234.9375;42.0625;2.875;-0.4306640625;-0.309326171875;0.1837158203125;-0.82769775390625;-0.23500001430511475;0.09300000220537186;-0.16300000250339508;0.6780000329017639;-0.039000000804662704;0.7070000171661377
743091.0;0.5049999952316284;0.036000002175569534;0.5;-21.875;-5.6875;-43.375;790.0;-2819.0;1216.0;232.875;45.375;3.9375;-0.41058349609375;-0.333984375;0.1954345703125;-0.82562255859375;-0.16100001335144043;0.0950000062584877;-0.2410000115633011;0.6980000138282776;-0.04700000211596489;0.6860000491142273
743094.0;0.5049999952316284;0.036000002175569534;0.5;-21.875;-5.6875;-43.375;790.0;-2819.0;1216.0;232.875;45.375;3.9375;-0.41058349609375;-0.333984375;0.1954345703125;-0.82562255859375;-0.16100001335144043;0.0950000062584877;-0.2410000115633011;0.6980000138282776;-0.04700000211596489;0.6860000491142273
743104.0;0.5370000004768372;0.04800000041723251;0.445000022649765;-21.875;-5.6875;-43.375;493.0;-2829.0;1590.0;231.875;47.0625;4.75;-0.4010009765625;-0.3458251953125;0.2027587890625;-0.82366943359375;-0.1720000058412552;0.11100000888109207;-0.27400001883506775;0.718000054359436;-0.055000003427267075;0.6650000214576721
743114.0;0.5460000038146973;0.0560000017285347;0.39000001549720764;-21.875;-5.6875;-43.375;311.0;-2899.0;1373.0;231.875;47.0625;4.75;-0.39154052734375;-0.35748291015625;0.21002197265625;-0.82147216796875;-0.1980000138282776;0.04700000211596489;-0.3060000240802765;0.737000048160553;-0.06300000101327896;0.6430000066757202
743124.0;0.5380000472068787;-0.01600000075995922;0.3370000123977661;-21.875;-5.6875;-43.375;286.0;-2878.0;1333.0;230.9375;48.6875;5.625;-0.39154052734375;-0.35748291015625;0.21002197265625;-0.82147216796875;-0.1980000138282776;0.04700000211596489;-0.3060000240802765;0.737000048160553;-0.06300000101327896;0.6430000066757202
743128.0;0.5380000472068787;-0.01600000075995922;0.3370000123977661;-21.875;-5.6875;-43.375;286.0;-2878.0;1333.0;230.9375;48.6875;5.625;-0.39154052734375;-0.35748291015625;0.21002197265625;-0.82147216796875;-0.1980000138282776;0.04700000211596489;-0.3060000240802765;0.737000048160553;-0.06300000101327896;0.6430000066757202
743138.0;0.5300000309944153;-0.015000000596046448;0.33400002121925354;-29.25;-6.5625;-40.25;425.0;-2912.0;1597.0;229.75;50.375;6.75;-0.3804931640625;-0.36920166015625;0.2171630859375;-0.819580078125;-0.2240000069141388;0.05700000375509262;-0.28600001335144043;0.7550000548362732;-0.07300000637769699;0.6200000047683716
743148.0;0.5139999985694885;0.010000000707805157;0.33800002932548523;-29.25;-6.5625;-40.25;425.0;-2912.0;1597.0;228.625;52.0;7.9375;-0.35784912109375;-0.39227294921875;0.2313232421875;-0.81524658203125;-0.26900002360343933;0.12300000339746475;-0.24400001764297485;0.7890000343322754;-0.09400000423192978;0.5730000138282776
743158.0;0.5200000405311584;0.02800000086426735;0.3290000259876251;-29.25;-6.5625;-40.25;445.0;-2934.0;1652.0;227.375;53.5625;9.3125;-0.3455810546875;-0.403564453125;0.23870849609375;-0.8128662109375;-0.27000001072883606;0.1340000033378601;-0.2150000035762787;0.8050000667572021;-0.10700000822544098;0.5490000247955322
743158.0;0.5200000405311584;0.02800000086426735;0.3290000259876251;-29.25;-6.5625;-40.25;445.0;-2934.0;1652.0;227.375;53.5625;9.3125;-0.3455810546875;-0.403564453125;0.23870849609375;-0.8128662109375;-0.27000001072883606;0.1340000033378601;-0.2150000035762787;0.8050000667572021;-0.10700000822544098;0.5490000247955322
743168.0;0.5350000262260437;0.027000000700354576;0.3330000042915344;-29.25;-6.5625;-40.25;429.0;-2957.0;1785.0;226.0625;55.1875;11.0;-0.3455810546875;-0.403564453125;0.23870849609375;-0.8128662109375;-0.281000018119812;0.15200001001358032;-0.19300000369548798;0.8190000653266907;-0.1210000067949295;0.5240000486373901
743178.0;0.5380000472068787;0.03100000135600567;0.33000001311302185;-29.25;-6.5625;-40.25;384.0;-2981.0;1949.0;224.5625;56.6875;13.0;-0.33258056640625;-0.41448974609375;0.24664306640625;-0.8104248046875;-0.281000018119812;0.15200001001358032;-0.19300000369548798;0.8190000653266907;-0.1210000067949295;0.5240000486373901
743188.0;0.5430000424385071;0.02200000174343586;0.31800001859664917;-34.875;-5.375;-36.25;210.0;-3026.0;2141.0;223.0625;58.125;15.5625;-0.3189697265625;-0.4249267578125;0.25567626953125;-0.80767822265625;-0.289000004529953;0.16100001335144043;-0.17900000512599945;0.8330000638961792;-0.13900001347064972;0.49800002574920654
743198.0;0.5560000538825989;-0.026000000536441803;0.22300000488758087;-34.875;-5.375;-36.25;210.0;-3026.0;2141.0;221.5;59.5;18.375;-0.30523681640625;-0.43524169921875;0.2646484375;-0.80462646484375;-0.2880000174045563;0.1080000028014183;-0.27300000190734863;0.8560000658035278;-0.17500001192092896;0.4440000355243683
743201.0;0.5670000314712524;-0.06700000166893005;0.17100000381469727;-34.875;-5.375;-36.25;1.0;-3020.0;2105.0;220.0;60.8125;21.5625;-0.2919921875;-0.445068359375;0.2742919921875;-0.8009033203125;-0.2880000174045563;0.1080000028014183;-0.27300000190734863;0.8650000691413879;-0.19500000774860382;0.41700002551078796
743211.0;0.5750000476837158;-0.09800000488758087;0.164000004529953;-34.875;-5.375;-36.25;-58.0;-2994.0;2089.0;218.5625;61.9375;25.0625;-0.2789306640625;-0.45452880859375;0.28399658203125;-0.796875;-0.2900000214576721;0.09700000286102295;-0.25200000405311584;0.8740000128746033;-0.21400001645088196;0.3890000283718109
743221.0;0.5950000286102295;-0.11700000613927841;0.18200001120567322;-34.875;-5.375;-36.25;-110.0;-3018.0;2068.0;217.0625;63.0;28.8125;-0.265869140625;-0.4638671875;0.2938232421875;-0.7923583984375;-0.27800002694129944;0.09600000083446503;-0.20600001513957977;0.8740000128746033;-0.21400001645088196;0.3890000283718109
743231.0;0.6000000238418579;-0.12600000202655792;0.24300001561641693;-40.75;-0.1875;-30.0;-123.0;-3061.0;2052.0;215.5625;63.9375;32.9375;-0.2528076171875;-0.47320556640625;0.3035888671875;-0.78741455078125;-0.281000018119812;0.10700000822544098;-0.11700000613927841;0.8810000419616699;-0.23400001227855682;0.36000001430511475
743234.0;0.6000000238418579;-0.12600000202655792;0.24300001561641693;-40.75;-0.1875;-30.0;-123.0;-3061.0;2052.0;215.5625;63.9375;32.9375;-0.2528076171875;-0.47320556640625;0.3035888671875;-0.78741455078125;-0.281000018119812;0.10700000822544098;-0.11700000613927841;0.8810000419616699;-0.23400001227855682;0.36000001430511475
743244.0;0.5790000557899475;-0.11400000751018524;0.2750000059604645;-40.75;-0.1875;-30.0;-35.0;-3148.0;2046.0;214.0;64.8125;37.375;-0.23931884765625;-0.48284912109375;0.31298828125;-0.78204345703125;-0.3070000112056732;0.1380000114440918;-0.055000003427267075;0.8870000243186951;-0.25300002098083496;0.33100003004074097
743254.0;0.5740000009536743;-0.12800000607967377;0.23400001227855682;-40.75;-0.1875;-30.0;172.0;-3215.0;2071.0;212.25;65.5;42.0625;-0.2249755859375;-0.49285888671875;0.321533203125;-0.776611328125;-0.31700000166893005;0.14300000667572021;-0.06599999964237213;0.8920000195503235;-0.2720000147819519;0.30100002884864807
743264.0;0.6040000319480896;-0.1550000011920929;0.15800000727176666;-40.75;-0.1875;-30.0;472.0;-3280.0;2091.0;210.375;66.0;46.875;-0.20953369140625;-0.503173828125;0.32891845703125;-0.77117919921875;-0.29200002551078796;0.13500000536441803;-0.11300000548362732;0.8960000276565552;-0.2900000214576721;0.2710000276565552
743268.0;0.6040000319480896;-0.1550000011920929;0.15800000727176666;-40.75;-0.1875;-30.0;472.0;-3280.0;2091.0;210.375;66.0;46.875;-0.20953369140625;-0.503173828125;0.32891845703125;-0.77117919921875;-0.29200002551078796;0.13500000536441803;-0.11300000548362732;0.8960000276565552;-0.2900000214576721;0.2710000276565552
743278.0;0.6610000133514404;-0.1850000023841858;0.02200000174343586;-40.75;-0.1875;-30.0;782.0;-3294.0;2145.0;208.25;66.3125;51.75;-0.1929931640625;-0.51361083984375;0.3349609375;-0.7659912109375;-0.23600001633167267;0.12300000339746475;-0.2200000137090683;0.8980000615119934;-0.30800002813339233;0.24300001561641693
743288.0;0.7000000476837158;-0.21000000834465027;-0.0690000057220459;-45.1875;3.0625;-24.6875;1014.0;-3204.0;2230.0;205.9375;66.375;56.5625;-0.17547607421875;-0.5235595703125;0.340087890625;-0.76116943359375;-0.19700001180171967;0.11600000411272049;-0.2850000262260437;0.8980000615119934;-0.3270000219345093;0.2160000056028366
743298.0;0.7260000109672546;-0.2680000066757202;-0.15600000321865082;-45.1875;3.0625;-24.6875;1039.0;-3026.0;2292.0;203.5625;66.125;61.125;-0.157958984375;-0.532470703125;0.344970703125;-0.75665283203125;-0.17000000178813934;0.07800000160932541;-0.34700000286102295;0.8970000147819519;-0.34700000286102295;0.19100001454353333
743302.0;0.7460000514984131;-0.42500001192092896;-0.4220000207424164;-45.1875;3.0625;-24.6875;862.0;-2736.0;2374.0;201.1875;65.625;65.375;-0.1409912109375;-0.5396728515625;0.3504638671875;-0.75238037109375;-0.14600001275539398;-0.05700000375509262;-0.5900000333786011;0.893000066280365;-0.367000013589859;0.1680000126361847
743312.0;0.7550000548362732;-0.5139999985694885;-0.5410000085830688;-45.1875;3.0625;-24.6875;612.0;-2410.0;2345.0;199.0;64.875;69.0625;-0.12548828125;-0.5452880859375;0.3564453125;-0.74822998046875;-0.13199999928474426;-0.125;-0.6890000104904175;0.8870000243186951;-0.3880000114440918;0.14800000190734863
743322.0;0.7330000400543213;-0.5649999976158142;-0.5470000505447388;-45.1875;3.0625;-24.6875;307.0;-2279.0;2213.0;197.0;64.0625;72.5625;-0.11151123046875;-0.55023193359375;0.363037109375;-0.74365234375;-0.14800000190734863;-0.15600000321865082;-0.675000011920929;0.8810000419616699;-0.4090000092983246;0.12800000607967377
743332.0;0.6940000057220459;-0.5040000081062317;-0.41100001335144043;-47.375;7.1875;-16.875;12.0;-2209.0;2085.0;195.0625;63.1875;75.8125;-0.097900390625;-0.555419921875;0.36944580078125;-0.738525390625;-0.18000000715255737;-0.07600000500679016;-0.5190000534057617;0.8750000596046448;-0.4280000329017639;0.10700000822544098
743336.0;0.6940000057220459;-0.5040000081062317;-0.41100001335144043;-47.375;7.1875;-16.875;12.0;-2209.0;2085.0;195.0625;63.1875;75.8125;-0.097900390625;-0.555419921875;0.36944580078125;-0.738525390625;-0.18000000715255737;-0.07600000500679016;-0.5190000534057617;0.8750000596046448;-0.4280000329017639;0.10700000822544098
743346.0;0.6940000057220459;-0.5040000081062317;-0.41100001335144043;-47.375;7.1875;-16.875;-215.0;-2035.0;1983.0;193.5;62.3125;78.8125;-0.0867919921875;-0.559326171875;0.3770751953125;-0.73309326171875;-0.35100001096725464;0.08300000429153442;-0.30300000309944153;0.8680000305175781;-0.44600000977516174;0.08800000697374344
743356.0;0.42600002884864807;-0.40400001406669617;-0.23000000417232513;-47.375;7.1875;-16.875;-354.0;-1879.0;1783.0;192.0625;61.4375;81.4375;-0.07720947265625;-0.5628662109375;0.384521484375;-0.72760009765625;-0.43400001525878906;0.05900000408291817;-0.30000001192092896;0.8610000610351562;-0.46300002932548523;0.0690000057220459
743366.0;0.38600000739097595;-0.5130000114440918;-0.2800000011920929;-47.375;7.1875;-16.875;-365.0;-1818.0;1526.0;190.8125;60.625;83.875;-0.0687255859375;-0.5665283203125;0.39117431640625;-0.72198486328125;-0.46800002455711365;-0.036000002175569534;-0.33100003004074097;0.8540000319480896;-0.47700002789497375;0.05100000277161598
743371.0;0.38600000739097595;-0.5130000114440918;-0.2800000011920929;-47.375;7.1875;-16.875;-267.0;-1796.0;1367.0;189.625;59.9375;86.0625;-0.06060791015625;-0.5704345703125;0.39691162109375;-0.71649169921875;-0.4390000104904175;-0.1860000044107437;-0.3890000283718109;0.8480000495910645;-0.49000000953674316;0.032999999821186066
743381.0;0.4090000092983246;-0.6760000586509705;-0.35600000619888306;-47.375;7.1875;-16.875;-267.0;-1796.0;1367.0;188.0625;59.125;88.0;-0.0504150390625;-0.57513427734375;0.40069580078125;-0.71142578125;-0.3630000054836273;-0.45600003004074097;-0.47700002789497375;0.8420000672340393;-0.5020000338554382;0.017000000923871994
743391.0;0.4780000150203705;-0.9580000638961792;-0.46000000834465027;-47.75;13.0625;-11.5625;-58.0;-1806.0;1366.0;186.5;58.25;89.625;-0.040283203125;-0.5787353515625;0.40447998046875;-0.70703125;-0.3400000035762787;-0.51500004529953;-0.5170000195503235;0.8340000510215759;-0.51500004529953;0.0020000000949949026
743401.0;0.4930000305175781;-1.03000009059906;-0.5139999985694885;-47.75;13.0625;-11.5625;632.0;-1712.0;1534.0;184.6875;57.375;90.875;-0.0289306640625;-0.5819091796875;0.4071044921875;-0.703369140625;-0.32600000500679016;-0.5040000081062317;-0.5490000247955322;0.8250000476837158;-0.527999997138977;-0.00800000037997961
743411.0;0.49900001287460327;-1.0329999923706055;-0.5570000410079956;-47.75;13.0625;-11.5625;798.0;-1625.0;1489.0;182.8125;56.4375;91.875;-0.0174560546875;-0.5848388671875;0.408935546875;-0.7003173828125;-0.3450000286102295;-0.38700002431869507;-0.4870000183582306;0.8170000314712524;-0.5410000085830688;-0.018000001087784767
743421.0;0.4710000157356262;-0.9290000200271606;-0.5049999952316284;-47.75;13.0625;-11.5625;738.0;-1495.0;1321.0;181.125;55.5625;92.75;-0.007080078125;-0.5875244140625;0.410400390625;-0.69732666015625;-0.3460000157356262;-0.328000009059906;-0.45100003480911255;0.8090000152587891;-0.5530000329017639;-0.026000000536441803
743424.0;0.4710000157356262;-0.9290000200271606;-0.5049999952316284;-47.75;13.0625;-11.5625;738.0;-1495.0;1321.0;181.125;55.5625;92.75;-0.007080078125;-0.5875244140625;0.410400390625;-0.69732666015625;-0.3460000157356262;-0.328000009059906;-0.45100003480911255;0.8090000152587891;-0.5530000329017639;-0.026000000536441803
743434.0;0.4620000123977661;-0.8820000290870667;-0.47700002789497375;-47.75;13.0625;-11.5625;738.0;-1495.0;1321.0;181.125;55.5625;92.75;0.00213623046875;-0.59027099609375;0.4114990234375;-0.6944580078125;-0.3450000286102295;-0.3060000240802765;-0.453000009059906;0.8020000457763672;-0.562000036239624;-0.03400000184774399
743444.0;0.45600003004074097;-0.8690000176429749;-0.4870000183582306;-47.75;17.25;-7.75;586.0;-1351.0;1123.0;179.625;54.875;93.5;0.00970458984375;-0.59271240234375;0.412841796875;-0.69146728515625;-0.3540000021457672;-0.2930000126361847;-0.4570000171661377;0.796000063419342;-0.5710000395774841;-0.04200000315904617
743454.0;0.4410000145435333;-0.8640000224113464;-0.49900001287460327;-47.75;17.25;-7.75;487.0;-1290.0;822.0;177.125;53.6875;94.9375;0.01702880859375;-0.5955810546875;0.41357421875;-0.68841552734375;-0.7700000405311584;-0.2240000069141388;-0.5120000243186951;0.7900000214576721;-0.578000009059906;-0.05000000074505806
743459.0;0.4410000145435333;-0.8640000224113464;-0.49900001287460327;-47.75;17.25;-7.75;487.0;-1290.0;822.0;177.125;53.6875;94.9375;0.01702880859375;-0.5955810546875;0.41357421875;-0.68841552734375;-0.7700000405311584;-0.2240000069141388;-0.5120000243186951;0.7900000214576721;-0.578000009059906;-0.05000000074505806
743469.0;0.020000001415610313;-0.8020000457763672;-0.5630000233650208;-47.75;17.25;-7.75;110.0;-1628.0;2103.0;175.1875;52.3125;96.0625;0.028564453125;-0.59686279296875;0.4195556640625;-0.68328857421875;-0.25200000405311584;-0.1420000046491623;-0.7760000228881836;0.7760000228881836;-0.5950000286102295;-0.06300000101327896
743479.0;0.5230000019073486;-0.7380000352859497;-0.8400000333786011;-47.75;17.25;-7.75;-1192.0;-1279.0;1878.0;174.125;51.0625;97.5625;0.034423828125;-0.597412109375;0.4295654296875;-0.67626953125;-0.406000018119812;-0.0560000017285347;-0.42900002002716064;0.7630000114440918;-0.6100000143051147;-0.08100000023841858
743489.0;0.35600000619888306;-0.6660000085830688;-0.5100000500679016;-47.75;17.25;-7.75;-1192.0;-1279.0;1878.0;174.125;51.0625;97.5625;0.034423828125;-0.597412109375;0.4295654296875;-0.67626953125;-0.406000018119812;-0.0560000017285347;-0.42900002002716064;0.7500000596046448;-0.6230000257492065;-0.09600000083446503
743493.0;0.43300002813339233;-0.9810000658035278;-0.6520000100135803;-45.375;19.75;-3.25;-1601.0;-568.0;1861.0;173.4375;49.9375;98.75;0.0384521484375;-0.59619140625;0.44000244140625;-0.67041015625;-0.31700000166893005;-0.3570000231266022;-0.5550000071525574;0.7410000562667847;-0.6320000290870667;-0.10700000822544098
743503.0;0.4100000262260437;-1.4500000476837158;-0.6040000319480896;-45.375;19.75;-3.25;-921.0;-705.0;1276.0;172.0625;48.75;100.0;0.0457763671875;-0.59747314453125;0.447509765625;-0.663818359375;-0.29600000381469727;-0.706000030040741;-0.5960000157356262;0.737000048160553;-0.6360000371932983;-0.1120000034570694
743513.0;0.4410000145435333;-1.3420000076293945;-0.7080000042915344;-45.375;19.75;-3.25;245.0;-756.0;442.0;171.1875;48.625;99.9375;0.05078125;-0.5997314453125;0.4444580078125;-0.6634521484375;-0.2990000247955322;-0.4650000333786011;-0.6410000324249268;0.7360000610351562;-0.6380000114440918;-0.1120000034570694
743523.0;0.4360000193119049;-1.1030000448226929;-0.7540000081062317;-45.375;19.75;-3.25;887.0;-784.0;95.0;170.625;48.6875;99.875;0.05426025390625;-0.60211181640625;0.44073486328125;-0.66351318359375;-0.22500000894069672;-0.35100001096725464;-0.6340000033378601;0.7360000610351562;-0.6370000243186951;-0.11100000888109207
743523.0;0.4360000193119049;-1.1030000448226929;-0.7540000081062317;-45.375;19.75;-3.25;887.0;-784.0;95.0;170.625;48.6875;99.875;0.05426025390625;-0.60211181640625;0.44073486328125;-0.66351318359375;-0.22500000894069672;-0.35100001096725464;-0.6340000033378601;0.7360000610351562;-0.6370000243186951;-0.11100000888109207
743533.0;0.5110000371932983;-0.9890000224113464;-0.7450000643730164;-45.375;19.75;-3.25;856.0;-615.0;-185.0;170.625;48.6875;99.875;0.05426025390625;-0.60211181640625;0.44073486328125;-0.66351318359375;-0.22500000894069672;-0.35100001096725464;-0.6340000033378601;0.7360000610351562;-0.6370000243186951;-0.11100000888109207
743543.0;0.51500004529953;-1.0509999990463257;-0.7670000195503235;-43.875;23.875;-0.5;482.0;-312.0;-264.0;170.25;48.8125;99.8125;0.056396484375;-0.60418701171875;0.43743896484375;-0.6636962890625;-0.22300000488758087;-0.4140000343322754;-0.656000018119812;0.7380000352859497;-0.6360000371932983;-0.11000000685453415
743553.0;0.5390000343322754;-1.1690000295639038;-0.7890000343322754;-43.875;23.875;-0.5;134.0;-55.0;-263.0;170.3125;48.9375;99.8125;0.0560302734375;-0.60491943359375;0.43609619140625;-0.66387939453125;-0.1940000057220459;-0.612000048160553;-0.6930000185966492;0.7420000433921814;-0.6310000419616699;-0.1080000028014183
743563.0;0.5480000376701355;-1.2440000772476196;-0.8010000586509705;-43.875;23.875;-0.5;4.0;157.0;-327.0;170.5625;49.125;99.75;0.0528564453125;-0.60479736328125;0.4334716796875;-0.66595458984375;-0.25600001215934753;-0.5770000219345093;-0.6830000281333923;0.7450000643730164;-0.628000020980835;-0.10500000417232513
743571.0;0.4880000352859497;-1.2060000896453857;-0.7880000472068787;-43.875;23.875;-0.5;142.0;329.0;-382.0;170.875;49.4375;99.5;0.05120849609375;-0.60418701171875;0.43060302734375;-0.66851806640625;-0.27300000190734863;-0.5360000133514404;-0.6850000619888306;0.7480000257492065;-0.625;-0.09800000488758087
743581.0;0.4750000238418579;-1.162000060081482;-0.784000039100647;-43.875;23.875;-0.5;390.0;475.0;-509.0;171.1875;49.75;98.9375;0.05120849609375;-0.60418701171875;0.43060302734375;-0.66851806640625;-0.27300000190734863;-0.5360000133514404;-0.6850000619888306;0.7480000257492065;-0.625;-0.09800000488758087
743591.0;0.45100003480911255;-1.1050000190734863;-0.7930000424385071;-43.5;23.875;-0.5;589.0;621.0;-627.0;171.5625;50.1875;98.25;0.04949951171875;-0.603271484375;0.4266357421875;-0.6719970703125;-0.3020000159740448;-0.484000027179718;-0.703000009059906;0.753000020980835;-0.6200000047683716;-0.09000000357627869
743601.0;0.43800002336502075;-1.069000005722046;-0.7880000472068787;-43.5;23.875;-0.5;745.0;766.0;-690.0;171.875;50.6875;97.3125;0.0477294921875;-0.6019287109375;0.4219970703125;-0.67626953125;-0.320000022649765;-0.453000009059906;-0.7090000510215759;0.76500004529953;-0.609000027179718;-0.06599999964237213
743611.0;0.42600002884864807;-0.9430000185966492;-0.7830000519752502;-43.5;23.875;-0.5;842.0;879.0;-845.0;172.3125;51.25;96.1875;0.04541015625;-0.60040283203125;0.41650390625;-0.68115234375;-0.34700000286102295;-0.27900001406669617;-0.687000036239624;0.7720000147819519;-0.6020000576972961;-0.05300000309944153
743621.0;0.4240000247955322;-0.8810000419616699;-0.7400000095367432;-43.5;23.875;-0.5;862.0;981.0;-1033.0;172.9375;51.9375;95.0;0.04229736328125;-0.59893798828125;0.41033935546875;-0.6864013671875;-0.34700000286102295;-0.27900001406669617;-0.687000036239624;0.7790000438690186;-0.593000054359436;-0.03800000250339508
743629.0;0.4240000247955322;-0.8810000419616699;-0.7400000095367432;-43.5;23.875;-0.5;862.0;981.0;-1033.0;172.9375;51.9375;95.0;0.04229736328125;-0.59893798828125;0.41033935546875;-0.6864013671875;-0.34700000286102295;-0.27900001406669617;-0.687000036239624;0.7790000438690186;-0.593000054359436;-0.03800000250339508
743639.0;0.4300000071525574;-0.8630000352859497;-0.7170000076293945;-43.5;23.875;-0.5;823.0;1107.0;-1130.0;173.625;52.625;93.6875;0.03839111328125;-0.59716796875;0.40399169921875;-0.69189453125;-0.3490000069141388;-0.27000001072883606;-0.6780000329017639;0.7790000438690186;-0.593000054359436;-0.03800000250339508
743649.0;0.42900002002716064;-0.8200000524520874;-0.6820000410079956;-44.6875;23.0625;-2.5;670.0;1255.0;-1194.0;174.5;53.4375;92.375;0.033447265625;-0.594970703125;0.39801025390625;-0.697509765625;-0.3580000102519989;-0.2370000183582306;-0.6570000052452087;0.7870000600814819;-0.5830000042915344;-0.024000000208616257
743659.0;0.4690000116825104;-0.7790000438690186;-0.6320000290870667;-44.6875;23.0625;-2.5;531.0;1434.0;-1311.0;175.5;54.25;90.875;0.02728271484375;-0.59228515625;0.39215087890625;-0.70330810546875;-0.32600000500679016;-0.20600001513957977;-0.6220000386238098;0.796000063419342;-0.5720000267028809;-0.009000000543892384
743669.0;0.503000020980835;-0.7710000276565552;-0.6010000109672546;-44.6875;23.0625;-2.5;482.0;1617.0;-1509.0;176.75;55.125;89.1875;0.01983642578125;-0.58929443359375;0.3858642578125;-0.70953369140625;-0.30100002884864807;-0.2110000103712082;-0.6080000400543213;0.8050000667572021;-0.5590000152587891;0.007000000216066837
743671.0;0.5120000243186951;-0.7470000386238098;-0.5710000395774841;-44.6875;23.0625;-2.5;516.0;1804.0;-1736.0;178.1875;56.1875;87.25;0.01123046875;-0.58599853515625;0.378662109375;-0.71630859375;-0.3020000159740448;-0.20200000703334808;-0.597000002861023;0.8140000104904175;-0.5440000295639038;0.02500000037252903
743681.0;0.4830000102519989;-0.6790000200271606;-0.5630000233650208;-44.6875;23.0625;-2.5;578.0;1990.0;-1910.0;179.6875;57.25;84.9375;0.0018310546875;-0.5821533203125;0.37066650390625;-0.7236328125;-0.3410000205039978;-0.1510000079870224;-0.609000027179718;0.8240000605583191;-0.527999997138977;0.046000003814697266
743691.0;0.46800002455711365;-0.6440000534057617;-0.5470000505447388;-46.875;20.1875;-6.0625;592.0;2142.0;-1909.0;181.1875;58.25;82.3125;-0.0078125;-0.57763671875;0.362548828125;-0.7313232421875;-0.3660000264644623;-0.13199999928474426;-0.6160000562667847;0.8340000510215759;-0.5110000371932983;0.06800000369548798
743701.0;0.44700002670288086;-0.5710000395774841;-0.5160000324249268;-46.875;20.1875;-6.0625;508.0;2221.0;-1761.0;182.625;59.0625;79.5625;-0.017333984375;-0.5723876953125;0.35504150390625;-0.7388916015625;-0.39400002360343933;-0.07600000500679016;-0.6070000529289246;0.8410000205039978;-0.49500003457069397;0.09000000357627869
743711.0;0.453000009059906;-0.5070000290870667;-0.5020000338554382;-46.875;20.1875;-6.0625;382.0;2307.0;-1603.0;184.0625;59.75;76.6875;-0.0267333984375;-0.56640625;0.34844970703125;-0.74639892578125;-0.39400002360343933;-0.027000000700354576;-0.6150000095367432;0.8470000624656677;-0.48000001907348633;0.11300000548362732
743721.0;0.49500003457069397;-0.4350000321865082;-0.4230000078678131;-46.875;20.1875;-6.0625;248.0;2409.0;-1537.0;185.5;60.25;73.6875;-0.0364990234375;-0.5596923828125;0.342529296875;-0.75372314453125;-0.35600000619888306;0.030000001192092896;-0.5590000152587891;0.8510000109672546;-0.4660000205039978;0.13600000739097595
743731.0;0.5139999985694885;-0.4360000193119049;-0.39100003242492676;-46.875;20.1875;-6.0625;182.0;2564.0;-1610.0;187.0625;60.75;70.4375;-0.0469970703125;-0.5523681640625;0.33648681640625;-0.76123046875;-0.3410000205039978;0.014000000432133675;-0.5509999990463257;0.8550000190734863;-0.45100003480911255;0.1600000113248825
743731.0;0.5139999985694885;-0.4360000193119049;-0.39100003242492676;-46.875;20.1875;-6.0625;182.0;2564.0;-1610.0;187.0625;60.75;70.4375;-0.0469970703125;-0.5523681640625;0.33648681640625;-0.76123046875;-0.3410000205039978;0.014000000432133675;-0.5509999990463257;0.8550000190734863;-0.45100003480911255;0.1600000113248825
743741.0;0.5020000338554382;-0.45000001788139343;-0.3660000264644623;-48.375;16.1875;-11.5;204.0;2710.0;-1724.0;188.625;61.125;66.875;-0.05810546875;-0.54449462890625;0.32989501953125;-0.76898193359375;-0.35600000619888306;-0.015000000596046448;-0.5509999990463257;0.8580000400543213;-0.4350000321865082;0.1850000023841858
743751.0;0.4830000102519989;-0.45900002121925354;-0.3500000238418579;-48.375;16.1875;-11.5;285.0;2829.0;-1792.0;190.1875;61.375;63.0625;-0.06951904296875;-0.5361328125;0.32269287109375;-0.77691650390625;-0.37700000405311584;-0.04100000113248825;-0.5630000233650208;0.8600000143051147;-0.4180000126361847;0.2120000123977661
743761.0;0.4480000138282776;-0.41600000858306885;-0.3060000240802765;-48.375;16.1875;-11.5;357.0;2894.0;-1799.0;191.75;61.4375;59.0625;-0.080810546875;-0.52740478515625;0.31500244140625;-0.784912109375;-0.41200003027915955;-0.015000000596046448;-0.5470000505447388;0.8610000610351562;-0.4010000228881836;0.24000000953674316
743771.0;0.44300001859664917;-0.3880000114440918;-0.28200000524520874;-48.375;16.1875;-11.5;398.0;2925.0;-1773.0;193.1875;61.375;55.0;-0.09185791015625;-0.518310546875;0.30712890625;-0.7928466796875;-0.41700002551078796;-0.004000000189989805;-0.5509999990463257;0.8610000610351562;-0.3840000033378601;0.2680000066757202
743781.0;0.44300001859664917;-0.3660000264644623;-0.2670000195503235;-48.375;16.1875;-11.5;449.0;2947.0;-1741.0;194.5625;61.1875;50.9375;-0.10272216796875;-0.5089111328125;0.29901123046875;-0.8006591796875;-0.41600000858306885;0.0;-0.5640000104904175;0.859000027179718;-0.367000013589859;0.2970000207424164
743785.0;0.44300001859664917;-0.3660000264644623;-0.2670000195503235;-48.375;16.1875;-11.5;449.0;2947.0;-1741.0;194.5625;61.1875;50.9375;-0.10272216796875;-0.5089111328125;0.29901123046875;-0.8006591796875;-0.41600000858306885;0.0;-0.5640000104904175;0.859000027179718;-0.367000013589859;0.2970000207424164
743795.0;0.44300001859664917;-0.3660000264644623;-0.2670000195503235;-48.375;16.1875;-11.5;544.0;2991.0;-1735.0;195.9375;60.75;46.9375;-0.11328125;-0.49920654296875;0.29034423828125;-0.8084716796875;-0.4190000295639038;-0.015000000596046448;-0.6020000576972961;0.8560000658035278;-0.3490000069141388;0.32600000500679016
743805.0;0.4360000193119049;-0.36500000953674316;-0.2760000228881836;-46.875;11.375;-17.6875;703.0;3036.0;-1787.0;197.1875;60.25;42.8125;-0.1236572265625;-0.48931884765625;0.28082275390625;-0.81634521484375;-0.4190000295639038;-0.07000000029802322;-0.5730000138282776;0.8510000109672546;-0.33000001311302185;0.35600000619888306
743815.0;0.4310000240802765;-0.4010000228881836;-0.2160000056028366;-46.875;11.375;-17.6875;947.0;3071.0;-1903.0;198.4375;59.5625;38.6875;-0.13397216796875;-0.47943115234375;0.26971435546875;-0.82427978515625;-0.4190000295639038;-0.09800000488758087;-0.5730000138282776;0.8450000286102295;-0.3100000023841858;0.38700002431869507
743825.0;0.42600002884864807;-0.40800002217292786;-0.1860000044107437;-46.875;11.375;-17.6875;1288.0;3104.0;-2100.0;199.625;58.8125;34.3125;-0.14422607421875;-0.4697265625;0.256591796875;-0.832275390625;-0.4320000112056732;-0.1300000101327896;-0.5890000462532043;0.8390000462532043;-0.2850000262260437;0.4180000126361847
743835.0;0.406000018119812;-0.41600000858306885;-0.17000000178813934;-46.875;11.375;-17.6875;1617.0;3104.0;-2185.0;200.75;57.9375;29.875;-0.15399169921875;-0.46014404296875;0.24163818359375;-0.84033203125;-0.51500004529953;-0.13500000536441803;-0.5990000367164612;0.831000030040741;-0.2590000033378601;0.45000001788139343
743839.0;0.406000018119812;-0.41600000858306885;-0.17000000178813934;-46.875;11.375;-17.6875;1617.0;3104.0;-2185.0;200.75;57.9375;29.875;-0.15399169921875;-0.46014404296875;0.24163818359375;-0.84033203125;-0.51500004529953;-0.13500000536441803;-0.5990000367164612;0.831000030040741;-0.2590000033378601;0.45000001788139343
743849.0;0.3150000274181366;-0.39500001072883606;-0.14800000190734863;-46.875;11.375;-17.6875;1617.0;3104.0;-2185.0;201.75;56.9375;25.4375;-0.16302490234375;-0.45098876953125;0.224853515625;-0.84820556640625;-0.5139999985694885;-0.15600000321865082;-0.6200000047683716;0.8220000267028809;-0.2290000170469284;0.4820000231266022
743859.0;0.3070000112056732;-0.3850000202655792;-0.13700000941753387;-44.6875;7.0;-23.75;1975.0;3055.0;-2242.0;202.6875;55.8125;20.9375;-0.17181396484375;-0.4422607421875;0.20599365234375;-0.8558349609375;-0.5260000228881836;-0.15700000524520874;-0.6290000081062317;0.8110000491142273;-0.19600000977516174;0.5130000114440918
743869.0;0.2850000262260437;-0.3530000150203705;-0.11500000208616257;-44.6875;7.0;-23.75;2763.0;3007.0;-2519.0;203.5;54.625;16.3125;-0.17999267578125;-0.43377685546875;0.18487548828125;-0.86328125;-0.5590000152587891;-0.17000000178813934;-0.6760000586509705;0.7990000247955322;-0.15900000929832458;0.5440000295639038
743879.0;0.24000000953674316;-0.33000001311302185;-0.13199999928474426;-44.6875;7.0;-23.75;3227.0;3008.0;-2510.0;204.1875;53.1875;11.75;-0.1868896484375;-0.4254150390625;0.1614990234375;-0.87060546875;-0.6220000386238098;-0.1550000011920929;-0.7350000143051147;0.7850000262260437;-0.11900000274181366;0.5740000009536743
743884.0;0.16300000250339508;-0.2750000059604645;-0.16100001335144043;-44.6875;7.0;-23.75;3637.0;3005.0;-2520.0;204.75;51.6875;7.1875;-0.19281005859375;-0.41717529296875;0.1361083984375;-0.87762451171875;-0.6180000305175781;-0.14000000059604645;-0.7760000228881836;0.7690000534057617;-0.07600000500679016;0.6020000576972961
743894.0;0.1510000079870224;-0.2160000056028366;-0.1730000078678131;-44.6875;7.0;-23.75;3637.0;3005.0;-2520.0;204.75;51.6875;7.1875;-0.19281005859375;-0.41717529296875;0.1361083984375;-0.87762451171875;-0.6180000305175781;-0.14000000059604645;-0.7760000228881836;0.7510000467300415;-0.030000001192092896;0.6290000081062317
743904.0;0.14400000870227814;-0.1600000113248825;-0.1680000126361847;-41.0;-0.5;-30.75;3936.0;3042.0;-2560.0;205.25;50.0;2.75;-0.19805908203125;-0.40875244140625;0.10906982421875;-0.8841552734375;-0.6060000061988831;-0.1300000101327896;-0.7970000505447388;0.7300000190734863;0.017000000923871994;0.6540000438690186
743914.0;0.12800000607967377;-0.09300000220537186;-0.14100000262260437;-41.0;-0.5;-30.75;4003.0;3121.0;-2652.0;206.375;46.0;-5.5;-0.21002197265625;-0.38946533203125;0.0538330078125;-0.8951416015625;-0.6440000534057617;0.007000000216066837;-0.8080000281333923;0.7050000429153442;0.0650000050663948;0.6770000457763672
743924.0;0.06100000441074371;0.07300000637769699;-0.13100001215934753;-41.0;-0.5;-30.75;3834.0;3283.0;-2826.0;207.25;43.6875;-9.1875;-0.2181396484375;-0.37774658203125;0.027099609375;-0.89947509765625;-0.6690000295639038;0.021000001579523087;-0.8020000457763672;0.6770000457763672;0.11300000548362732;0.6990000605583191
743934.0;0.00800000037997961;0.13500000536441803;-0.10200000554323196;-41.0;-0.5;-30.75;3516.0;3452.0;-3059.0;208.3125;41.1875;-12.5;-0.22802734375;-0.3642578125;0.001708984375;-0.9029541015625;-0.6860000491142273;0.03500000014901161;-0.8110000491142273;0.6450000405311584;0.15900000929832458;0.7200000286102295
743937.0;0.00800000037997961;0.13500000536441803;-0.10200000554323196;-41.0;-0.5;-30.75;3516.0;3452.0;-3059.0;208.3125;41.1875;-12.5;-0.22802734375;-0.3642578125;0.001708984375;-0.9029541015625;-0.6860000491142273;0.03500000014901161;-0.8110000491142273;0.6450000405311584;0.15900000929832458;0.7200000286102295
743947.0;-0.04000000283122063;0.1940000057220459;-0.09000000357627869;-41.0;-0.5;-30.75;3072.0;3645.0;-3292.0;208.3125;41.1875;-12.5;-0.22802734375;-0.3642578125;0.001708984375;-0.9029541015625;-0.6860000491142273;0.03500000014901161;-0.8110000491142273;0.6450000405311584;0.15900000929832458;0.7200000286102295
743957.0;-0.15200001001358032;0.27400001883506775;-0.030000001192092896;-35.75;-10.5;-35.25;2532.0;3820.0;-3493.0;209.625;38.4375;-15.25;-0.23974609375;-0.34893798828125;-0.02166748046875;-0.90570068359375;-0.7620000243186951;0.07200000435113907;-0.7710000276565552;0.609000027179718;0.20200000703334808;0.7400000095367432
743967.0;-0.2150000035762787;0.28700000047683716;-0.005000000353902578;-35.75;-10.5;-35.25;1901.0;4012.0;-3662.0;211.125;35.4375;-17.5;-0.2681884765625;-0.31195068359375;-0.0606689453125;-0.909423828125;-0.7670000195503235;-0.010000000707805157;-0.7550000548362732;0.5240000486373901;0.2720000147819519;0.7820000648498535
743971.0;-0.242000013589859;0.26100000739097595;0.027000000700354576;-35.75;-10.5;-35.25;1214.0;4232.0;-3798.0;212.8125;32.3125;-19.125;-0.28436279296875;-0.2906494140625;-0.07574462890625;-0.91046142578125;-0.7040000557899475;-0.1210000067949295;-0.7440000176429749;0.47600001096725464;0.2970000207424164;0.8030000329017639
743981.0;-0.22800001502037048;0.17600001394748688;0.05900000408291817;-35.75;-10.5;-35.25;553.0;4310.0;-3869.0;214.6875;29.0625;-20.25;-0.30084228515625;-0.2674560546875;-0.08807373046875;-0.9111328125;-0.8440000414848328;-0.1210000067949295;-0.6650000214576721;0.42500001192092896;0.3150000274181366;0.8250000476837158
743991.0;-0.4180000126361847;0.19300000369548798;0.15900000929832458;-35.75;-10.5;-35.25;-44.0;4473.0;-3822.0;216.5;25.6875;-20.875;-0.30084228515625;-0.2674560546875;-0.08807373046875;-0.9111328125;-0.8440000414848328;-0.1210000067949295;-0.6650000214576721;0.42500001192092896;0.3150000274181366;0.8250000476837158
744001.0;-0.4540000259876251;0.18700000643730164;0.23000000417232513;-24.5625;-22.0625;-37.0;-583.0;4663.0;-3746.0;218.375;22.25;-21.0;-0.3173828125;-0.2421875;-0.097900390625;-0.91162109375;-0.8260000348091125;-0.1380000114440918;-0.6150000095367432;0.3720000088214874;0.32500001788139343;0.8460000157356262
744005.0;-0.4540000259876251;0.18700000643730164;0.23000000417232513;-24.5625;-22.0625;-37.0;-583.0;4663.0;-3746.0;218.375;22.25;-21.0;-0.3173828125;-0.2421875;-0.097900390625;-0.91162109375;-0.8260000348091125;-0.1380000114440918;-0.6150000095367432;0.3720000088214874;0.32500001788139343;0.8460000157356262
744015.0;-0.5250000357627869;0.19500000774860382;0.3240000009536743;-24.5625;-22.0625;-37.0;-1155.0;4703.0;-3764.0;220.25;18.8125;-20.75;-0.3343505859375;-0.215576171875;-0.10498046875;-0.91143798828125;-0.8360000252723694;-0.12800000607967377;-0.48900002241134644;0.2580000162124634;0.3240000009536743;0.8880000710487366
744025.0;-0.5770000219345093;0.19500000774860382;0.398000031709671;-24.5625;-22.0625;-37.0;-1730.0;4855.0;-3734.0;222.1875;15.25;-20.0;-0.35137939453125;-0.18701171875;-0.10943603515625;-0.91082763671875;-0.9290000200271606;-0.2240000069141388;-0.4710000157356262;0.19700001180171967;0.31200000643730164;0.9080000519752502
744035.0;-0.7310000061988831;0.08700000494718552;0.43700000643730164;-24.5625;-22.0625;-37.0;-2181.0;5145.0;-3663.0;224.0;11.5625;-18.9375;-0.36798095703125;-0.156005859375;-0.112060546875;-0.9097900390625;-0.9630000591278076;-0.26100000739097595;-0.46300002932548523;0.1340000033378601;0.2939999997615814;0.9250000715255737
744038.0;-0.7310000061988831;0.08700000494718552;0.43700000643730164;-24.5625;-22.0625;-37.0;-2181.0;5145.0;-3663.0;224.0;11.5625;-18.9375;-0.36798095703125;-0.156005859375;-0.112060546875;-0.9097900390625;-0.9630000591278076;-0.26100000739097595;-0.46300002932548523;0.1340000033378601;0.2939999997615814;0.9250000715255737
744048.0;-0.8290000557899475;0.032999999821186066;0.4620000123977661;-24.5625;-22.0625;-37.0;-2479.0;5301.0;-3558.0;225.75;7.875;-17.625;-0.38372802734375;-0.12353515625;-0.11328125;-0.90814208984375;-0.9630000591278076;-0.26100000739097595;-0.46300002932548523;0.1340000033378601;0.2939999997615814;0.9250000715255737
744058.0;-0.9450000524520874;-0.012000000104308128;0.5090000033378601;-9.375;-23.875;-41.0625;-2589.0;5341.0;-3524.0;227.5;4.1875;-16.1875;-0.39886474609375;-0.09051513671875;-0.1138916015625;-0.9053955078125;-1.0170000791549683;-0.28600001335144043;-0.4300000071525574;0.07100000232458115;0.27300000190734863;0.9390000700950623
744068.0;-1.0049999952316284;-0.04100000113248825;0.5730000138282776;-9.375;-23.875;-41.0625;-2577.0;5355.0;-3448.0;229.1875;0.5;-14.6875;-0.4130859375;-0.057373046875;-0.11444091796875;-0.90167236328125;-1.0140000581741333;-0.2900000214576721;-0.37400001287460327;0.00800000037997961;0.24800001084804535;0.9480000734329224
744072.0;-1.1850000619888306;-0.04400000348687172;0.7120000123977661;-9.375;-23.875;-41.0625;-2556.0;5370.0;-3400.0;230.8125;-3.125;-13.125;-0.426513671875;-0.024169921875;-0.11492919921875;-0.8968505859375;-1.1320000886917114;-0.26600000262260437;-0.2410000115633011;-0.05300000309944153;0.22200001776218414;0.9530000686645508
744082.0;-1.2480000257492065;-0.05300000309944153;0.7910000085830688;-9.375;-23.875;-41.0625;-2505.0;5441.0;-3277.0;232.375;-6.75;-11.5;-0.438720703125;0.00921630859375;-0.11566162109375;-0.89111328125;-1.1320000886917114;-0.24700000882148743;-0.16200000047683716;-0.11500000208616257;0.1940000057220459;0.9540000557899475
744092.0;-1.3140000104904175;-0.09800000488758087;0.8870000243186951;-9.375;-23.875;-41.0625;-2368.0;5453.0;-3123.0;233.875;-10.3125;-9.875;-0.44970703125;0.042236328125;-0.116943359375;-0.88446044921875;-1.1380000114440918;-0.2639999985694885;-0.06200000271201134;-0.17600001394748688;0.16500000655651093;0.9500000476837158
744102.0;-1.3720000982284546;-0.07700000703334808;1.0210000276565552;5.75;-20.875;-44.375;-2189.0;5449.0;-2848.0;235.1875;-13.875;-8.25;-0.4588623046875;0.0745849609375;-0.11895751953125;-0.8773193359375;-1.1360000371932983;-0.2150000035762787;0.07900000363588333;-0.23500001430511475;0.13700000941753387;0.9420000314712524
744106.0;-1.3720000982284546;-0.07700000703334808;1.0210000276565552;5.75;-20.875;-44.375;-2189.0;5449.0;-2848.0;235.1875;-13.875;-8.25;-0.4588623046875;0.0745849609375;-0.11895751953125;-0.8773193359375;-1.1360000371932983;-0.2150000035762787;0.07900000363588333;-0.23500001430511475;0.13700000941753387;0.9420000314712524
744116.0;-1.346000075340271;-0.058000002056360245;1.1040000915527344;5.75;-20.875;-44.375;-1908.0;5360.0;-2411.0;236.25;-17.25;-6.8125;-0.4656982421875;0.10552978515625;-0.1220703125;-0.8701171875;-1.0550000667572021;-0.17000000178813934;0.17400000989437103;-0.29100000858306885;0.11100000888109207;0.9290000200271606
744126.0;-1.3010001182556152;-0.06200000271201134;1.15500009059906;5.75;-20.875;-44.375;-1598.0;5280.0;-2056.0;237.1875;-20.5625;-5.5625;-0.47064208984375;0.13494873046875;-0.12652587890625;-0.86273193359375;-0.956000030040741;-0.15200001001358032;0.2410000115633011;-0.3450000286102295;0.08900000154972076;0.9130000472068787
744136.0;-1.1610000133514404;-0.10900000482797623;1.1710000038146973;5.75;-20.875;-44.375;-1320.0;5242.0;-2064.0;238.125;-23.8125;-4.375;-0.475341796875;0.16339111328125;-0.13201904296875;-0.8543701171875;-0.76500004529953;-0.17800000309944153;0.2770000100135803;-0.3960000276565552;0.06800000369548798;0.8940000534057617
744141.0;-1.3060001134872437;-0.10400000214576721;1.1680001020431519;5.75;-20.875;-44.375;-993.0;5157.0;-2186.0;239.25;-27.0625;-3.25;-0.48052978515625;0.19061279296875;-0.13848876953125;-0.8447265625;-0.8600000143051147;-0.15400001406669617;0.2970000207424164;-0.44600000977516174;0.049000002443790436;0.8710000514984131
744151.0;-1.3550000190734863;-0.09000000357627869;1.1790000200271606;19.5625;-13.5625;-41.875;-631.0;5026.0;-1811.0;240.1875;-30.125;-2.3125;-0.484130859375;0.21588134765625;-0.14654541015625;-0.835205078125;-0.862000048160553;-0.12600000202655792;0.3320000171661377;-0.492000013589859;0.03500000014901161;0.8470000624656677
744161.0;-1.3930000066757202;-0.06700000166893005;1.2190001010894775;19.5625;-13.5625;-41.875;-401.0;4832.0;-1622.0;241.0;-33.0625;-1.5625;-0.48687744140625;0.2393798828125;-0.15521240234375;-0.8255615234375;-0.8570000529289246;-0.09000000357627869;0.398000031709671;-0.5350000262260437;0.02200000174343586;0.8210000395774841
744171.0;-1.408000111579895;-0.05400000140070915;1.2070000171661377;19.5625;-13.5625;-41.875;-300.0;4607.0;-1673.0;241.9375;-35.875;-0.6875;-0.4898681640625;0.261474609375;-0.16357421875;-0.8154296875;-0.8330000638961792;-0.06400000303983688;0.4130000174045563;-0.5750000476837158;0.010000000707805157;0.7940000295639038
744175.0;-1.408000111579895;-0.05400000140070915;1.2070000171661377;19.5625;-13.5625;-41.875;-300.0;4607.0;-1673.0;241.9375;-35.875;-0.6875;-0.4898681640625;0.261474609375;-0.16357421875;-0.8154296875;-0.8330000638961792;-0.06400000303983688;0.4130000174045563;-0.5750000476837158;0.010000000707805157;0.7940000295639038
744185.0;-1.4410001039505005;-0.021000001579523087;1.071000099182129;19.5625;-13.5625;-41.875;-283.0;4419.0;-1791.0;243.0;-38.5625;0.1875;-0.49322509765625;0.28271484375;-0.1712646484375;-0.8046875;-0.8290000557899475;-0.017000000923871994;0.30400002002716064;-0.6110000014305115;-0.003000000026077032;0.7660000324249268
744195.0;-1.4580000638961792;-0.003000000026077032;0.9690000414848328;19.5625;-13.5625;-41.875;-288.0;4257.0;-1793.0;244.0;-41.125;1.3125;-0.49639892578125;0.30303955078125;-0.17840576171875;-0.79364013671875;-0.812000036239624;0.013000000268220901;0.23100000619888306;-0.6450000405311584;-0.017000000923871994;0.7380000352859497
744205.0;-1.4580000638961792;-0.003000000026077032;0.9690000414848328;31.5;-9.0625;-35.5625;-398.0;4116.0;-1797.0;245.0625;-43.5625;2.625;-0.499267578125;0.32293701171875;-0.1845703125;-0.78253173828125;-0.7860000133514404;0.03800000250339508;0.20500001311302185;-0.6760000586509705;-0.03200000151991844;0.7090000510215759
744209.0;-1.4580000638961792;-0.003000000026077032;0.9690000414848328;31.5;-9.0625;-35.5625;-398.0;4116.0;-1797.0;245.0625;-43.5625;2.625;-0.499267578125;0.32293701171875;-0.1845703125;-0.78253173828125;-0.7860000133514404;0.03800000250339508;0.20500001311302185;-0.6760000586509705;-0.03200000151991844;0.7090000510215759
744219.0;-1.4630000591278076;0.005000000353902578;0.9140000343322754;31.5;-9.0625;-35.5625;-841.0;4014.0;-1995.0;246.125;-45.9375;4.5;-0.50201416015625;0.3436279296875;-0.188232421875;-0.77099609375;-0.7660000324249268;0.07700000703334808;0.33800002932548523;-0.7040000557899475;-0.05300000309944153;0.6790000200271606
744229.0;-1.471000075340271;0.023000001907348633;1.0180000066757202;31.5;-9.0625;-35.5625;-1208.0;3936.0;-2226.0;247.25;-48.1875;6.9375;-0.50482177734375;0.36492919921875;-0.18963623046875;-0.75897216796875;-0.7240000367164612;-0.04100000113248825;0.3890000283718109;-0.7310000061988831;-0.07900000363588333;0.6480000019073486
744239.0;-1.4550000429153442;-0.12000000476837158;1.0380001068115234;31.5;-9.0625;-35.5625;-1142.0;3837.0;-2359.0;248.5;-50.25;9.625;-0.50811767578125;0.3856201171875;-0.190673828125;-0.74615478515625;-0.6300000548362732;-0.13300000131130219;0.41600000858306885;-0.7540000081062317;-0.10500000417232513;0.6170000433921814
744243.0;-1.3850001096725464;-0.23800000548362732;1.0329999923706055;31.5;-9.0625;-35.5625;-1363.0;3750.0;-2757.0;249.9375;-52.125;13.0625;-0.51220703125;0.40667724609375;-0.189697265625;-0.7322998046875;-0.7350000143051147;-0.0820000022649765;0.5840000510215759;-0.7740000486373901;-0.13600000739097595;0.5850000381469727
744253.0;-1.5100001096725464;-0.21800000965595245;1.1690000295639038;31.5;-9.0625;-35.5625;-860.0;3617.0;-2469.0;251.375;-53.875;16.25;-0.51617431640625;0.42535400390625;-0.1907958984375;-0.718505859375;-0.5890000462532043;-0.38200002908706665;0.6860000491142273;-0.7920000553131104;-0.16100001335144043;0.5540000200271606
744263.0;-1.38100004196167;-0.5440000295639038;1.2400000095367432;40.1875;-3.875;-27.75;-860.0;3617.0;-2469.0;252.75;-55.6875;18.375;-0.51959228515625;0.43988037109375;-0.19781494140625;-0.70526123046875;-0.4930000305175781;-0.5010000467300415;0.6460000276565552;-0.8100000619888306;-0.17400000989437103;0.5240000486373901
744273.0;-1.3030000925064087;-0.6760000586509705;1.1710000038146973;40.1875;-3.875;-27.75;1533.0;3562.0;-413.0;253.75;-57.625;18.875;-0.5208740234375;0.44927978515625;-0.2122802734375;-0.694091796875;-0.5220000147819519;-0.27000001072883606;0.6210000514984131;-0.8280000686645508;-0.17000000178813934;0.4960000216960907
744281.0;-1.350000023841858;-0.4410000145435333;1.1180000305175781;40.1875;-3.875;-27.75;2288.0;3426.0;360.0;254.5625;-59.6875;18.25;-0.52105712890625;0.455078125;-0.23089599609375;-0.6842041015625;-0.5670000314712524;-0.03800000250339508;0.5830000042915344;-0.8460000157356262;-0.1550000011920929;0.4690000116825104
744291.0;-1.4140000343322754;-0.19300000369548798;1.0530000925064087;40.1875;-3.875;-27.75;3293.0;3328.0;287.0;255.75;-61.625;17.0625;-0.523681640625;0.45751953125;-0.2525634765625;-0.67279052734375;-0.49900001287460327;-0.07200000435113907;0.45500001311302185;-0.8630000352859497;-0.13600000739097595;0.445000022649765
744301.0;-1.3620001077651978;-0.20900000631809235;0.9000000357627869;40.1875;-3.875;-27.75;3293.0;3328.0;287.0;255.75;-61.625;17.0625;-0.523681640625;0.45751953125;-0.2525634765625;-0.67279052734375;-0.46800002455711365;-0.08100000023841858;0.3830000162124634;-0.8770000338554382;-0.11700000613927841;0.42000001668930054
744311.0;-1.346000075340271;-0.1990000158548355;0.8040000200271606;45.6875;1.25;-20.25;4305.0;3254.0;-77.0;257.5625;-63.5;15.625;-0.52978515625;0.45709228515625;-0.27655029296875;-0.65869140625;-0.48100003600120544;-0.04000000283122063;0.32200002670288086;-0.8910000324249268;-0.10000000149011612;0.3960000276565552
744321.0;-1.3730000257492065;-0.14100000262260437;0.718000054359436;45.6875;1.25;-20.25;5006.0;3281.0;-485.0;262.75;-67.1875;13.125;-0.5487060546875;0.451904296875;-0.32763671875;-0.62237548828125;-0.5100000500679016;0.007000000216066837;0.2750000059604645;-0.9040000438690186;-0.0860000029206276;0.36900001764297485
744331.0;-1.4140000343322754;-0.07900000363588333;0.6450000405311584;45.6875;1.25;-20.25;5445.0;3358.0;-815.0;265.875;-69.0;12.1875;-0.55950927734375;0.4476318359375;-0.353515625;-0.601318359375;-0.5240000486373901;0.05700000375509262;0.22500000894069672;-0.9150000214576721;-0.07400000095367432;0.34200000762939453
744334.0;-1.4140000343322754;-0.07900000363588333;0.6450000405311584;45.6875;1.25;-20.25;5445.0;3358.0;-815.0;265.875;-69.0;12.1875;-0.55950927734375;0.4476318359375;-0.353515625;-0.601318359375;-0.5240000486373901;0.05700000375509262;0.22500000894069672;-0.9150000214576721;-0.07400000095367432;0.34200000762939453
744344.0;-1.440000057220459;-0.01600000075995922;0.5670000314712524;45.6875;1.25;-20.25;5735.0;3321.0;-987.0;269.0;-70.8125;11.25;-0.5699462890625;0.4420166015625;-0.37921142578125;-0.57965087890625;-0.484000027179718;0.07000000029802322;0.20400001108646393;-0.9260000586509705;-0.06200000271201134;0.3150000274181366
744354.0;-1.4100000858306885;0.007000000216066837;0.5200000405311584;45.6875;1.25;-20.25;5859.0;3217.0;-926.0;269.0;-70.8125;11.25;-0.5699462890625;0.4420166015625;-0.37921142578125;-0.57965087890625;-0.484000027179718;0.07000000029802322;0.20400001108646393;-0.9350000619888306;-0.05100000277161598;0.2880000174045563
744364.0;-1.3860000371932983;0.04400000348687172;0.4870000183582306;49.6875;-2.0625;-12.0625;5864.0;3074.0;-742.0;272.125;-72.5625;10.0625;-0.57940673828125;0.43499755859375;-0.4044189453125;-0.55816650390625;-0.45000001788139343;0.09600000083446503;0.1980000138282776;-0.9350000619888306;-0.05100000277161598;0.2880000174045563
744368.0;-1.3860000371932983;0.04400000348687172;0.4870000183582306;49.6875;-2.0625;-12.0625;5864.0;3074.0;-742.0;272.125;-72.5625;10.0625;-0.57940673828125;0.43499755859375;-0.4044189453125;-0.55816650390625;-0.45000001788139343;0.09600000083446503;0.1980000138282776;-0.9350000619888306;-0.05100000277161598;0.2880000174045563
744378.0;-1.3360000848770142;0.1080000028014183;0.44300001859664917;49.6875;-2.0625;-12.0625;5909.0;2949.0;-586.0;278.375;-75.9375;7.125;-0.59613037109375;0.41705322265625;-0.4537353515625;-0.51458740234375;-0.39900001883506775;0.17900000512599945;0.1469999998807907;-0.9510000348091125;-0.029000001028180122;0.23500001430511475
744388.0;-1.3510000705718994;0.14900000393390656;0.3830000162124634;49.6875;-2.0625;-12.0625;6003.0;2877.0;-529.0;278.375;-75.9375;7.125;-0.6038818359375;0.4071044921875;-0.4774169921875;-0.4915771484375;-0.4240000247955322;0.21000000834465027;0.11800000816583633;-0.9570000171661377;-0.021000001579523087;0.20800000429153442
744398.0;-1.3820000886917114;0.18800000846385956;0.32600000500679016;49.6875;-2.0625;-12.0625;6020.0;2862.0;-629.0;281.6875;-77.625;6.0;-0.611083984375;0.39788818359375;-0.4990234375;-0.46826171875;-0.445000022649765;0.24400001764297485;0.11600000411272049;-0.9630000591278076;-0.018000001087784767;0.1810000091791153
744406.0;-1.408000111579895;0.22500000894069672;0.2980000078678131;49.6875;-2.0625;-12.0625;5741.0;2770.0;-835.0;285.0625;-79.25;5.8125;-0.611083984375;0.39788818359375;-0.4990234375;-0.46826171875;-0.445000022649765;0.24400001764297485;0.11600000411272049;-0.9630000591278076;-0.018000001087784767;0.1810000091791153
744416.0;-1.4100000858306885;0.2980000078678131;0.2939999997615814;52.1875;-0.1875;-2.875;5270.0;2633.0;-1172.0;288.4375;-80.75;7.6875;-0.6177978515625;0.39031982421875;-0.517822265625;-0.44482421875;-0.44200003147125244;0.3190000057220459;0.1380000114440918;-0.9670000672340393;-0.021000001579523087;0.1550000011920929
744426.0;-1.3950001001358032;0.28300002217292786;0.3050000071525574;52.1875;-0.1875;-2.875;4861.0;2486.0;-1517.0;291.9375;-82.0625;12.5;-0.63067626953125;0.37945556640625;-0.54791259765625;-0.3975830078125;-0.4230000078678131;0.27400001883506775;0.19700001180171967;-0.9730000495910645;-0.04200000315904617;0.10900000482797623
744436.0;-1.3970000743865967;0.23200000822544098;0.3070000112056732;52.1875;-0.1875;-2.875;4547.0;2335.0;-1815.0;295.5;-83.125;21.0;-0.63665771484375;0.373779296875;-0.5604248046875;-0.37530517578125;-0.44700002670288086;0.3020000159740448;0.2590000033378601;-0.9740000367164612;-0.05400000140070915;0.09000000357627869
744441.0;-1.4220000505447388;0.24800001084804535;0.3500000238418579;52.1875;-0.1875;-2.875;4363.0;2057.0;-1623.0;298.9375;-83.8125;3.125;-0.63665771484375;0.373779296875;-0.5604248046875;-0.37530517578125;-0.5230000019073486;0.24700000882148743;0.2840000092983246;-0.9750000238418579;-0.06400000303983688;0.07400000095367432
744451.0;-1.4980000257492065;0.18200001120567322;0.359000027179718;52.1875;-0.1875;-2.875;4040.0;1802.0;-1370.0;302.0625;-84.1875;3.75;-0.641845703125;0.36773681640625;-0.5716552734375;-0.35504150390625;-0.5230000019073486;0.24700000882148743;0.2840000092983246;-0.9750000238418579;-0.06400000303983688;0.07400000095367432
744461.0;-1.4980000257492065;0.18200001120567322;0.359000027179718;52.1875;-0.1875;-2.875;4040.0;1802.0;-1370.0;302.0625;-84.1875;3.75;-0.646728515625;0.358642578125;-0.58099365234375;-0.33990478515625;-0.4050000309944153;0.38200002908706665;0.28300002217292786;-0.9760000705718994;-0.06700000166893005;0.06599999964237213
744471.0;-1.2400000095367432;0.5570000410079956;0.37400001287460327;52.0625;3.0625;4.0;3630.0;823.0;-684.0;307.0;-84.4375;4.1875;-0.65216064453125;0.3497314453125;-0.58892822265625;-0.3248291015625;-0.21900001168251038;0.5300000309944153;0.29100000858306885;-0.9750000238418579;-0.07700000703334808;0.055000003427267075
744474.0;-1.2400000095367432;0.5570000410079956;0.37400001287460327;52.0625;3.0625;4.0;3630.0;823.0;-684.0;307.0;-84.4375;4.1875;-0.65216064453125;0.3497314453125;-0.58892822265625;-0.3248291015625;-0.21900001168251038;0.5300000309944153;0.29100000858306885;-0.9750000238418579;-0.07700000703334808;0.055000003427267075
744484.0;-1.1950000524520874;0.4520000219345093;0.34700000286102295;52.0625;3.0625;4.0;3548.0;744.0;-760.0;309.5;-84.375;4.5;-0.6575927734375;0.341064453125;-0.5960693359375;-0.30975341796875;-0.21900001168251038;0.5300000309944153;0.29100000858306885;-0.9750000238418579;-0.08500000089406967;0.05000000074505806
744494.0;-1.1850000619888306;0.3500000238418579;0.31700000166893005;52.0625;3.0625;4.0;3079.0;735.0;-890.0;311.875;-84.1875;4.9375;-0.66217041015625;0.3343505859375;-0.6019287109375;-0.29559326171875;-0.21000000834465027;0.4360000193119049;0.26600000262260437;-0.9740000367164612;-0.0950000062584877;0.046000003814697266
744504.0;-1.227000117301941;0.2970000207424164;0.35100001096725464;52.0625;3.0625;4.0;2285.0;664.0;-1084.0;313.875;-83.75;5.5625;-0.66571044921875;0.330810546875;-0.60589599609375;-0.2833251953125;-0.25300002098083496;0.3920000195503235;0.3050000071525574;-0.9740000367164612;-0.0950000062584877;0.046000003814697266
744509.0;-1.227000117301941;0.2970000207424164;0.35100001096725464;52.0625;3.0625;4.0;2285.0;664.0;-1084.0;313.875;-83.75;5.5625;-0.66571044921875;0.330810546875;-0.60589599609375;-0.2833251953125;-0.25300002098083496;0.3920000195503235;0.3050000071525574;-0.9740000367164612;-0.0950000062584877;0.046000003814697266
744519.0;-1.2430000305175781;0.19600000977516174;0.3460000157356262;52.0625;6.5;5.1875;1802.0;474.0;-1312.0;315.6875;-83.1875;6.3125;-0.66925048828125;0.329345703125;-0.60791015625;-0.2720947265625;-0.26900002360343933;0.30400002002716064;0.30300000309944153;-0.9730000495910645;-0.10700000822544098;0.0430000014603138
744529.0;-1.2640000581741333;0.07000000029802322;0.2980000078678131;52.0625;6.5;5.1875;1500.0;461.0;-1498.0;317.5;-82.375;71.8125;-0.6724853515625;0.32952880859375;-0.6090087890625;-0.26116943359375;-0.29200002551078796;0.19300000369548798;0.2580000162124634;-0.9720000624656677;-0.12200000882148743;0.04000000283122063
744539.0;-1.2750000953674316;-0.012000000104308128;0.20800000429153442;52.0625;6.5;5.1875;1498.0;367.0;-1570.0;319.375;-81.5625;74.375;-0.67608642578125;0.3297119140625;-0.609619140625;-0.2501220703125;-0.3050000071525574;0.125;0.16900001466274261;-0.9700000286102295;-0.1380000114440918;0.03800000250339508
744549.0;-1.2570000886917114;-0.04700000211596489;0.12000000476837158;52.0625;6.5;5.1875;1993.0;305.0;-1614.0;321.5;-80.6875;75.9375;-0.68060302734375;0.32818603515625;-0.6104736328125;-0.2374267578125;-0.289000004529953;0.10600000619888306;0.0820000022649765;-0.9670000672340393;-0.15300001204013824;0.03800000250339508
744559.0;-1.227000117301941;0.004000000189989805;0.05000000074505806;52.0625;6.5;5.1875;2457.0;416.0;-1846.0;324.0625;-79.625;77.375;-0.68572998046875;0.3258056640625;-0.61175537109375;-0.22210693359375;-0.26200002431869507;0.17500001192092896;0.012000000104308128;-0.9640000462532043;-0.17100000381469727;0.03800000250339508
744563.0;-1.2130000591278076;0.125;-0.03800000250339508;50.5625;9.5625;6.875;2829.0;585.0;-2117.0;327.0625;-78.4375;78.8125;-0.69110107421875;0.322998046875;-0.61346435546875;-0.2042236328125;-0.25200000405311584;0.31700000166893005;-0.07600000500679016;-0.9600000381469727;-0.19200000166893005;0.03700000047683716
744573.0;-1.1910001039505005;0.13199999928474426;-0.039000000804662704;50.5625;9.5625;6.875;3100.0;788.0;-2291.0;330.3125;-77.1875;80.25;-0.6961669921875;0.31988525390625;-0.61566162109375;-0.1844482421875;-0.23400001227855682;0.3460000157356262;-0.07500000298023224;-0.956000030040741;-0.21400001645088196;0.036000002175569534
744583.0;-1.2090001106262207;0.13500000536441803;-0.05300000309944153;50.5625;9.5625;6.875;3252.0;958.0;-2323.0;333.6875;-75.875;81.625;-0.70062255859375;0.31634521484375;-0.6182861328125;-0.1636962890625;-0.2580000162124634;0.3710000216960907;-0.08800000697374344;-0.9510000348091125;-0.23600001633167267;0.03400000184774399
744593.0;-1.2200000286102295;0.14400000870227814;-0.046000003814697266;50.5625;9.5625;6.875;3248.0;995.0;-2182.0;336.9375;-74.625;82.625;-0.70452880859375;0.312255859375;-0.6209716796875;-0.143310546875;-0.27400001883506775;0.4010000228881836;-0.07900000363588333;-0.9450000524520874;-0.25600001215934753;0.032999999821186066
744597.0;-1.2200000286102295;0.14400000870227814;-0.046000003814697266;50.5625;9.5625;6.875;3248.0;995.0;-2182.0;336.9375;-74.625;82.625;-0.70452880859375;0.312255859375;-0.6209716796875;-0.143310546875;-0.27400001883506775;0.4010000228881836;-0.07900000363588333;-0.9450000524520874;-0.25600001215934753;0.032999999821186066
744607.0;-1.221000075340271;0.16100001335144043;-0.05900000408291817;50.5625;9.5625;6.875;3023.0;835.0;-1952.0;340.0;-73.5625;83.0625;-0.7081298828125;0.3079833984375;-0.623046875;-0.124755859375;-0.2800000011920929;0.4360000193119049;-0.09300000220537186;-0.940000057220459;-0.2750000059604645;0.032999999821186066
744617.0;-1.2360000610351562;0.28200000524520874;0.3290000259876251;49.875;16.5625;5.5625;2655.0;543.0;-1621.0;342.5625;-72.625;82.9375;-0.71160888671875;0.3037109375;-0.62408447265625;-0.10906982421875;-0.30000001192092896;0.5720000267028809;0.2930000126361847;-0.9350000619888306;-0.2900000214576721;0.03500000014901161
744627.0;-1.8560000658035278;2.0450000762939453;2.078000068664551;49.875;16.5625;5.5625;1709.0;93.0;-1019.0;344.125;-72.0;82.3125;-0.714599609375;0.3006591796875;-0.623779296875;-0.09942626953125;-0.9230000376701355;2.3450000286102295;2.0370001792907715;-0.9320000410079956;-0.2990000247955322;0.04000000283122063
744632.0;-0.7540000081062317;2.2080001831054688;-0.3540000021457672;49.875;16.5625;5.5625;2085.0;-29.0;116.0;345.1875;-72.0625;81.0;-0.7178955078125;0.29241943359375;-0.6248779296875;-0.09307861328125;0.17800000309944153;2.50600004196167;-0.4010000228881836;-0.9330000281333923;-0.2970000207424164;0.04700000211596489
744642.0;-0.7540000081062317;2.2080001831054688;-0.3540000021457672;49.875;16.5625;5.5625;4901.0;-10.0;1068.0;347.25;-72.6875;77.625;-0.7247314453125;0.27020263671875;-0.628662109375;-0.0809326171875;0.17600001394748688;0.968000054359436;0.04500000178813934;-0.9360000491142273;-0.2840000092983246;0.06200000271201134
744652.0;-0.7600000500679016;0.6840000152587891;0.10700000822544098;49.875;16.5625;5.5625;3508.0;-491.0;1614.0;348.0625;-73.5625;73.75;-0.73046875;0.25115966796875;-0.6304931640625;-0.076171875;0.2290000170469284;0.21800000965595245;-0.11000000685453415;-0.940000057220459;-0.26500001549720764;0.07700000703334808
744662.0;-0.7110000252723694;-0.04700000211596489;-0.032999999821186066;49.875;16.5625;5.5625;467.0;-442.0;1736.0;347.1875;-74.5;71.4375;-0.73187255859375;0.243408203125;-0.6312255859375;-0.08184814453125;0.22700001299381256;-0.07100000232458115;-0.10200000554323196;-0.9450000524520874;-0.24800001084804535;0.0820000022649765
744666.0;-0.7110000252723694;-0.04700000211596489;-0.032999999821186066;49.875;16.5625;5.5625;467.0;-442.0;1736.0;347.1875;-74.5;71.4375;-0.73187255859375;0.243408203125;-0.6312255859375;-0.08184814453125;0.22700001299381256;-0.07100000232458115;-0.10200000554323196;-0.9450000524520874;-0.24800001084804535;0.0820000022649765
744676.0;-0.7170000076293945;-0.3190000057220459;-0.01900000125169754;48.0;21.75;3.5;467.0;-442.0;1736.0;345.9375;-74.9375;69.875;-0.732421875;0.243896484375;-0.62921142578125;-0.090087890625;-0.08900000154972076;0.289000004529953;-0.08500000089406967;-0.9470000267028809;-0.23900000751018524;0.08700000494718552
744686.0;-1.0360000133514404;0.049000002443790436;0.0010000000474974513;48.0;21.75;3.5;-813.0;-3.0;-483.0;345.8125;-74.625;70.75;-0.73162841796875;0.2486572265625;-0.62823486328125;-0.0909423828125;-0.0690000057220459;0.4190000295639038;-0.11800000816583633;-0.9450000524520874;-0.24400001764297485;0.08500000089406967
744696.0;-1.0140000581741333;0.17400000989437103;-0.032999999821186066;48.0;21.75;3.5;169.0;1229.0;-1774.0;347.125;-73.8125;74.3125;-0.72857666015625;0.25445556640625;-0.63067626953125;-0.0819091796875;-0.13100001215934753;0.39400002360343933;-0.029000001028180122;-0.9420000314712524;-0.26200002431869507;0.07300000637769699
744701.0;-1.0730000734329224;0.13199999928474426;0.0430000014603138;48.0;21.75;3.5;386.0;1351.0;-2214.0;348.875;-72.75;77.8125;-0.7254638671875;0.26092529296875;-0.63299560546875;-0.07025146484375;-0.2990000247955322;0.2670000195503235;-0.09200000762939453;-0.9360000491142273;-0.2840000092983246;0.06100000441074371
744711.0;-1.2360000610351562;-0.01600000075995922;-0.03100000135600567;48.0;21.75;3.5;386.0;1351.0;-2214.0;348.875;-72.75;77.8125;-0.72314453125;0.267822265625;-0.6336669921875;-0.06219482421875;-0.2760000228881836;0.33900001645088196;-0.2160000056028366;-0.9310000538825989;-0.3020000159740448;0.052000001072883606
744721.0;-1.2080000638961792;0.03700000047683716;-0.16300000250339508;49.0625;19.25;1.875;-84.0;860.0;-1870.0;350.125;-71.75;80.125;-0.72198486328125;0.272216796875;-0.63348388671875;-0.05810546875;-0.17400000989437103;0.3720000088214874;-0.16300000250339508;-0.9280000329017639;-0.31300002336502075;0.04800000041723251
744731.0;-1.1019999980926514;0.058000002056360245;-0.11500000208616257;49.0625;19.25;1.875;229.0;36.0;-225.0;351.0625;-71.0;81.1875;-0.72222900390625;0.2720947265625;-0.63336181640625;-0.056396484375;-0.07400000095367432;0.3160000145435333;-0.125;-0.9270000457763672;-0.3150000274181366;0.04800000041723251
744736.0;-1.1019999980926514;0.058000002056360245;-0.11500000208616257;49.0625;19.25;1.875;229.0;36.0;-225.0;351.0625;-71.0;81.1875;-0.72222900390625;0.2720947265625;-0.63336181640625;-0.056396484375;-0.07400000095367432;0.3160000145435333;-0.125;-0.9270000457763672;-0.3150000274181366;0.04800000041723251
744746.0;-1.0010000467300415;0.0;-0.07600000500679016;49.0625;19.25;1.875;641.0;-2.0;419.0;351.125;-71.25;80.6875;-0.7230224609375;0.26824951171875;-0.6341552734375;-0.05584716796875;0.01600000075995922;0.2540000081062317;0.06200000271201134;-0.9280000329017639;-0.3100000023841858;0.05000000074505806
744756.0;-0.9120000600814819;-0.0560000017285347;0.11300000548362732;49.0625;19.25;1.875;641.0;-2.0;419.0;351.125;-71.6875;80.125;-0.7236328125;0.26300048828125;-0.63568115234375;-0.05596923828125;-0.021000001579523087;0.32600000500679016;0.14100000262260437;-0.9310000538825989;-0.30300000309944153;0.052000001072883606
744766.0;-0.9520000219345093;0.02200000174343586;0.1940000057220459;49.0625;19.25;1.875;759.0;72.0;721.0;351.125;-71.6875;80.125;-0.7236328125;0.26300048828125;-0.63568115234375;-0.05596923828125;-0.021000001579523087;0.32600000500679016;0.14100000262260437;-0.9330000281333923;-0.29500001668930054;0.052000001072883606
744776.0;-1.0290000438690186;0.17100000381469727;0.22100001573562622;48.0;23.25;3.875;598.0;237.0;803.0;351.0;-72.1875;79.9375;-0.72344970703125;0.258056640625;-0.6378173828125;-0.05670166015625;-0.0950000062584877;0.4660000205039978;0.16900001466274261;-0.9360000491142273;-0.28700000047683716;0.05000000074505806
744786.0;-1.1050000190734863;0.3500000238418579;0.22800001502037048;48.0;23.25;3.875;297.0;274.0;760.0;350.25;-73.0625;80.1875;-0.72174072265625;0.25274658203125;-0.64141845703125;-0.06134033203125;-0.2160000056028366;0.8970000147819519;0.17800000309944153;-0.9380000233650208;-0.2800000011920929;0.04800000041723251
744791.0;-1.1540000438690186;0.6170000433921814;0.22700001299381256;48.0;23.25;3.875;-165.0;135.0;708.0;349.3125;-73.5625;80.25;-0.7205810546875;0.25347900390625;-0.641845703125;-0.06732177734375;-0.1990000158548355;0.9100000262260437;0.1940000057220459;-0.940000057220459;-0.27300000190734863;0.046000003814697266
744801.0;-1.1390000581741333;0.6370000243186951;0.2410000115633011;48.0;23.25;3.875;-883.0;-80.0;763.0;349.3125;-73.5625;80.25;-0.71875;0.2569580078125;-0.64141845703125;-0.0770263671875;-0.1860000044107437;0.8490000367164612;0.2110000103712082;-0.9430000185966492;-0.26500001549720764;0.04400000348687172
744811.0;-1.1290000677108765;0.5840000510215759;0.2550000250339508;48.0;23.25;3.875;-1749.0;-254.0;907.0;347.75;-74.0625;80.5;-0.71875;0.2569580078125;-0.64141845703125;-0.0770263671875;-0.1860000044107437;0.8490000367164612;0.2110000103712082;-0.9430000185966492;-0.26500001549720764;0.04400000348687172
744821.0;-1.1400001049041748;0.4870000183582306;0.2720000147819519;47.1875;23.0;3.875;-2564.0;-322.0;1009.0;345.625;-74.625;81.0;-0.71588134765625;0.26312255859375;-0.64044189453125;-0.0899658203125;-0.1940000057220459;0.7440000176429749;0.23200000822544098;-0.9450000524520874;-0.25600001215934753;0.04000000283122063
744825.0;-1.1400001049041748;0.4870000183582306;0.2720000147819519;47.1875;23.0;3.875;-2564.0;-322.0;1009.0;345.625;-74.625;81.0;-0.71588134765625;0.26312255859375;-0.64044189453125;-0.0899658203125;-0.1940000057220459;0.7440000176429749;0.23200000822544098;-0.9450000524520874;-0.25600001215934753;0.04000000283122063
744835.0;-1.1920000314712524;0.29500001668930054;0.2970000207424164;47.1875;23.0;3.875;-3209.0;-325.0;977.0;343.1875;-75.1875;81.9375;-0.7073974609375;0.28228759765625;-0.63665771484375;-0.12091064453125;-0.26500001549720764;0.46700000762939453;0.2510000169277191;-0.9500000476837158;-0.24000000953674316;0.029000001028180122
744845.0;-1.2160000801086426;0.22600001096725464;0.281000018119812;47.1875;23.0;3.875;-3630.0;-368.0;845.0;340.5625;-75.625;83.0;-0.70245361328125;0.29376220703125;-0.6336669921875;-0.136962890625;-0.26900002360343933;0.3890000283718109;0.25699999928474426;-0.9510000348091125;-0.23400001227855682;0.023000001907348633
744855.0;-1.221000075340271;0.15400001406669617;0.281000018119812;47.1875;23.0;3.875;-3812.0;-403.0;714.0;337.875;-76.0625;84.125;-0.69757080078125;0.30511474609375;-0.6300048828125;-0.15283203125;-0.26900002360343933;0.31700000166893005;0.2840000092983246;-0.9530000686645508;-0.22800001502037048;0.01900000125169754
